0 1 Car 0 0 0 0 0 0 0 1.7100099 1.9373112 5.0468216 -2.6938677 -1.2885149 3.4029443 0.02617991
0 2 Car 0 0 0 0 0 0 0 1.6376657 1.8898621 3.9753993 -41.261215 -0.8667743 -1.2346656 -0.05504766
0 3 Car 0 0 0 0 0 0 0 2.702828 2.1067839 5.3531127 27.041832 -1.1837286 8.109034 0.026179936
0 102 Car 0 0 0 0 0 0 0 1.7421576 1.9666677 4.0908365 -57.967175 -1.9047122 -2.992395 0.036061153
0 6 Car 0 0 0 0 0 0 0 1.2474405 1.946934 4.729818 -53.441223 -1.1473632 2.2254372 0.012531749
0 103 Car 0 0 0 0 0 0 0 1.9971008 2.456243 6.615715 -73.36904 -2.1406388 5.27338 0.03606128
0 105 Car 0 0 0 0 0 0 0 2.1293209 2.2047765 4.0598226 -0.58579445 -0.3008414 0.23284346 0.05279945
1 1 Car 0 0 0 0 0 0 0 1.71001 1.9373114 5.0468216 -2.3827906 -1.3125236 3.4078732 0.026179956
1 2 Car 0 0 0 0 0 0 0 1.6376657 1.8898621 3.9753976 -41.266647 -1.0055603 -1.3059006 -0.026179947
1 3 Car 0 0 0 0 0 0 0 2.702828 2.1067839 5.353111 27.850742 -1.1791023 8.08214 0.026179945
1 102 Car 0 0 0 0 0 0 0 1.7421604 1.9666705 4.090842 -57.97262 -1.9269321 -2.9833045 0.08813286
1 6 Car 0 0 0 0 0 0 0 1.2474405 1.9469341 4.729817 -53.1346 -0.99885774 2.0529594 0.00872663
1 103 Car 0 0 0 0 0 0 0 1.9971042 2.4562395 6.6157446 -73.087456 -2.0266008 5.324952 0.035759985
1 105 Car 0 0 0 0 0 0 0 2.1293244 2.2047715 4.0598407 -0.5691633 -0.37352708 0.27033424 0.03576012
2 1 Car 0 0 0 0 0 0 0 1.7100098 1.9373112 5.0468216 -2.0735674 -1.3100592 3.41577 0.02617991
2 2 Car 0 0 0 0 0 0 0 1.6376657 1.8898621 3.9753995 -41.286667 -1.0050721 -1.3088846 -0.026179934
2 3 Car 0 0 0 0 0 0 0 2.702828 2.1067834 5.353111 28.690458 -1.1765916 8.166711 0.026179945
2 102 Car 0 0 0 0 0 0 0 1.7421542 1.9666567 4.09085 -58.04424 -1.9532219 -2.8866258 0.035833944
2 6 Car 0 0 0 0 0 0 0 1.2474403 1.946934 4.729816 -52.754463 -1.1923968 2.0992465 0.026179949
2 103 Car 0 0 0 0 0 0 0 1.9970968 2.4562287 6.615739 -72.30141 -2.1299887 5.3731685 0.03583387
2 105 Car 0 0 0 0 0 0 0 2.1293166 2.2047591 4.0598454 -0.54235077 -0.37674454 0.24745595 0.01909582
3 1 Car 0 0 0 0 0 0 0 1.7100099 1.9373114 5.046822 -1.7458023 -1.3103817 3.417636 0.026179908
3 2 Car 0 0 0 0 0 0 0 1.6376657 1.8898621 3.975399 -41.353424 -0.9096345 -1.4870805 0.18325962
3 3 Car 0 0 0 0 0 0 0 2.702828 2.1067839 5.3531127 29.584347 -1.171942 8.238819 0.026179936
3 102 Car 0 0 0 0 0 0 0 1.7421348 1.966667 4.090785 -58.037636 -1.9130399 -2.871028 0.08816189
3 6 Car 0 0 0 0 0 0 0 1.2474405 1.946934 4.7298164 -52.154247 -1.2149135 2.1038373 0.05045735
3 103 Car 0 0 0 0 0 0 0 1.9970748 2.4562325 6.6156635 -71.4227 -2.1270294 5.4555693 0.035788603
3 105 Car 0 0 0 0 0 0 0 2.129293 2.2047582 4.059804 -0.5261507 -0.31927514 0.26934868 0.0023119661
4 1 Car 0 0 0 0 0 0 0 1.7100098 1.9373112 5.0468216 -1.5370449 -1.3133804 3.423582 0.026179956
4 2 Car 0 0 0 0 0 0 0 1.6376657 1.8898621 3.975401 -41.35961 -0.93514943 -1.2900862 0.07853979
4 3 Car 0 0 0 0 0 0 0 2.702828 2.1067834 5.353111 30.358784 -1.1788932 8.245096 0.026179945
4 102 Car 0 0 0 0 0 0 0 1.7421383 1.9666659 4.090796 -58.07836 -1.9286745 -2.7702403 0.08798753
4 6 Car 0 0 0 0 0 0 0 1.2474406 1.9469341 4.729817 -51.93921 -0.96488845 2.1491022 0.0785398
4 103 Car 0 0 0 0 0 0 0 1.9970787 2.4562304 6.6156797 -70.249504 -2.0441744 5.452717 0.03561436
4 105 Car 0 0 0 0 0 0 0 2.1292973 2.204751 4.0598197 -0.5108948 -0.2581728 0.24410251 -0.014600179
5 1 Car 0 0 0 0 0 0 0 1.7100098 1.9373112 5.0468216 -1.2761712 -1.3112384 3.38444 -0.026179956
5 2 Car 0 0 0 0 0 0 0 1.6376657 1.8898617 3.975401 -41.380177 -0.9204478 -1.3530053 0.18325952
5 3 Car 0 0 0 0 0 0 0 2.702828 2.1067834 5.3531127 31.203157 -1.174383 8.29965 0.026179936
5 102 Car 0 0 0 0 0 0 0 1.7421157 1.9666591 4.0907555 -58.572334 -1.9523194 -2.7478585 0.03558164
5 6 Car 0 0 0 0 0 0 0 1.2474405 1.9469342 4.7298145 -51.589775 -0.9711343 2.0974102 0.10035649
5 103 Car 0 0 0 0 0 0 0 1.9970528 2.4562323 6.6155825 -69.89967 -2.0550125 5.4376407 0.035581708
5 105 Car 0 0 0 0 0 0 0 2.1292694 2.204749 4.0597734 -0.9685888 -0.16870785 0.23490003 -0.031371962
6 1 Car 0 0 0 0 0 0 0 1.7100099 1.9373114 5.0468216 -0.99357605 -1.2979585 3.3871691 -0.02617991
6 2 Car 0 0 0 0 0 0 0 1.6376657 1.8898621 3.975397 -41.404316 -1.0025148 -1.2767591 0.07853983
6 3 Car 0 0 0 0 0 0 0 2.702828 2.1067843 5.353111 32.057228 -1.16978 8.328131 0.026179945
6 4 Car 0 0 0 0 0 0 0 2.2813642 2.640747 6.4849916 -68.49298 -0.53182787 5.5980773 0.053602234
6 6 Car 0 0 0 0 0 0 0 1.2474403 1.9469339 4.729816 -51.244396 -1.1573802 2.1155536 0.026179949
6 102 Car 0 0 0 0 0 0 0 1.7420899 1.9666648 4.090687 -58.685562 -1.8426591 -2.6880078 0.08767092
6 105 Car 0 0 0 0 0 0 0 2.1292377 2.204751 4.0597105 -1.0579586 -0.019801438 0.21874264 -0.0026645684
7 1 Car 0 0 0 0 0 0 0 1.7100098 1.9373112 5.0468216 -0.8038957 -1.3489662 3.3917258 -0.02617991
7 2 Car 0 0 0 0 0 0 0 1.6376657 2.1742988 3.9754016 -41.44633 -1.021027 -1.2877283 -0.03978597
7 3 Car 0 0 0 0 0 0 0 2.702828 2.1067834 5.353111 32.992912 -1.1650608 8.393223 0.026179945
7 4 Car 0 0 0 0 0 0 0 2.2813642 2.6407473 6.4849916 -67.84511 -0.5510844 5.6167965 0.061707698
7 6 Car 0 0 0 0 0 0 0 1.2474405 1.946934 4.7298174 -50.703953 -1.083626 2.0412862 0.030543257
7 102 Car 0 0 0 0 0 0 0 1.7420871 1.9666598 4.0906916 -59.2179 -1.7845988 -2.665185 0.08753595
7 105 Car 0 0 0 0 0 0 0 2.1292348 2.2047448 4.0597186 -1.5683594 0.13122788 0.21908689 0.0033282018
8 1 Car 0 0 0 0 0 0 0 1.7100098 1.9373112 5.0468216 -0.6074756 -1.3393699 3.3940642 -0.02617991
8 2 Car 0 0 0 0 0 0 0 1.6376657 2.0314703 3.9753995 -41.483498 -0.98207307 -1.3351607 0.011305491
8 3 Car 0 0 0 0 0 0 0 2.702828 2.1067839 5.3531117 33.785786 -1.1617596 8.418841 0.07853986
8 4 Car 0 0 0 0 0 0 0 2.2813642 2.6407473 6.484991 -66.91466 -0.47908652 5.744851 0.0785398
8 5 Car 0 0 0 0 0 0 0 1.4172266 2.2311308 4.130199 -50.13106 -1.0961466 2.230005 -0.050819326
8 102 Car 0 0 0 0 0 0 0 1.7421248 1.9666381 4.0908194 -58.319557 -1.7425921 -2.6218748 0.034904126
8 105 Car 0 0 0 0 0 0 0 2.1292806 2.2047472 4.059801 -0.6647043 0.2387479 0.27734566 0.05320593
9 1 Car 0 0 0 0 0 0 0 1.71001 1.9373114 5.0468216 0.440794 -1.325733 3.4400454 0.026179956
9 2 Car 0 0 0 0 0 0 0 1.6376657 2.03147 3.975397 -41.52653 -1.062445 -1.2695259 -0.07853987
9 3 Car 0 0 0 0 0 0 0 2.702828 2.1067839 5.353111 34.629814 -1.1566218 8.463032 0.026179945
9 4 Car 0 0 0 0 0 0 0 2.2813642 2.6407475 6.484989 -66.44262 -0.50542504 5.682441 0.026179885
9 5 Car 0 0 0 0 0 0 0 1.4172266 1.7994264 4.130197 -49.624863 -1.0530231 2.3685362 -0.121813476
9 102 Car 0 0 0 0 0 0 0 1.7421525 1.9666448 4.090873 -57.941055 -1.6158912 -2.5407233 0.087170035
9 105 Car 0 0 0 0 0 0 0 2.1293144 2.2047477 4.059863 -0.241395 0.06532788 0.27457267 0.08123035
10 1 Car 0 0 0 0 0 0 0 1.7100098 1.9373112 5.0468216 0.6826582 -1.3156315 3.4372754 0.02617991
10 2 Car 0 0 0 0 0 0 0 1.6376657 2.03147 3.9753995 -41.552757 -0.9718275 -1.3306698 -0.009404821
10 3 Car 0 0 0 0 0 0 0 2.702828 2.1067839 5.3531146 35.527206 -1.1519026 8.556007 0.026179926
10 4 Car 0 0 0 0 0 0 0 2.2813642 2.6407475 6.4849896 -65.58623 -0.5189961 5.3217864 0.05338797
10 5 Car 0 0 0 0 0 0 0 1.4172266 1.7994262 4.130197 -49.246517 -0.95989966 2.337196 -0.108493164
10 102 Car 0 0 0 0 0 0 0 1.7420822 1.9666388 4.090719 -58.46181 -1.7316904 -2.5224373 0.034859747
10 105 Car 0 0 0 0 0 0 0 2.1292286 2.2047634 4.059666 -0.75731087 0.073575586 0.27038687 0.10942587
11 1 Car 0 0 0 0 0 0 0 1.71001 1.937311 5.0468216 0.8922578 -1.353082 3.4001079 0.07853979
11 2 Car 0 0 0 0 0 0 0 1.6376657 2.03147 3.9754 -41.603924 -1.0624915 -1.2173626 0.0055003758
11 3 Car 0 0 0 0 0 0 0 2.702828 2.1067839 5.353111 36.37069 -1.1474391 8.62447 0.026179945
11 4 Car 0 0 0 0 0 0 0 2.2813642 2.6407473 6.4849877 -65.17022 -0.5627502 5.729791 0.07131113
11 5 Car 0 0 0 0 0 0 0 1.4172266 1.7994266 4.1301956 -48.948055 -0.9467763 2.3245478 -0.15352726
11 102 Car 0 0 0 0 0 0 0 1.7420869 1.9666593 4.0906878 -58.052727 -1.6880966 -2.456745 0.087018274
11 105 Car 0 0 0 0 0 0 0 2.1292343 2.204774 4.0596614 -0.32008076 0.09241563 0.270344 0.13734251
12 1 Car 0 0 0 0 0 0 0 1.71001 1.9373113 5.0468216 1.1629684 -1.3580012 3.3969855 0.07853979
12 2 Car 0 0 0 0 0 0 0 1.6376657 2.0314703 3.975401 -41.64606 -0.8652622 -1.263696 0.0077754585
12 3 Car 0 0 0 0 0 0 0 2.702828 2.1067834 5.353111 37.140846 -1.351414 8.653139 0.026179945
12 4 Car 0 0 0 0 0 0 0 2.2813642 2.6407466 6.48499 -64.139114 -0.47075704 5.6654615 0.13089964
12 5 Car 0 0 0 0 0 0 0 1.4172266 1.7994266 4.1301975 -48.32656 -0.9936528 2.2492514 -0.08185258
12 102 Car 0 0 0 0 0 0 0 1.7421331 1.9666576 4.090803 -58.860157 -1.5709391 -2.4749346 0.08671708
12 105 Car 0 0 0 0 0 0 0 2.1292906 2.2047758 4.059766 -0.8301811 -0.03525898 0.22653192 0.16517149
13 1 Car 0 0 0 0 0 0 0 1.71001 1.9373112 5.0468216 1.4372246 -1.3623056 3.4485297 0.026179956
13 2 Car 0 0 0 0 0 0 0 1.6376657 2.0314703 3.9753993 -41.803745 -0.9880328 -1.3276256 0.06343482
13 3 Car 0 0 0 0 0 0 0 2.702828 2.1067843 5.353111 38.03566 -1.351414 8.716255 0.026179945
13 4 Car 0 0 0 0 0 0 0 2.2813642 2.6407475 6.484989 -63.190426 -0.46761858 6.1149616 -0.026179885
13 5 Car 0 0 0 0 0 0 0 1.4172266 1.7994264 4.130196 -48.135887 -0.9588238 2.1104841 0.058023304
13 102 Car 0 0 0 0 0 0 0 1.7421346 1.9666603 4.0907984 -58.702602 -1.5547023 -2.417273 0.08684105
13 105 Car 0 0 0 0 0 0 0 2.129293 2.204732 4.0598516 -0.6720438 0.05610624 0.20451003 -0.04232838
14 1 Car 0 0 0 0 0 0 0 1.71001 1.9373114 5.0468216 1.7338724 -1.3641503 3.4204164 0.026179956
14 2 Car 0 0 0 0 0 0 0 1.6376657 2.0314698 3.9754024 -41.863434 -0.95080346 -1.315878 0.019682795
14 3 Car 0 0 0 0 0 0 0 2.702828 2.1067839 5.3531146 38.874405 -1.351414 8.702755 0.026179926
14 4 Car 0 0 0 0 0 0 0 2.2813642 2.6407475 6.484991 -62.27075 -0.5545026 6.067679 -0.026179953
14 5 Car 0 0 0 0 0 0 0 1.4172266 1.7994266 4.1301966 -47.741714 -0.9735881 2.2477324 0.09855729
14 102 Car 0 0 0 0 0 0 0 1.7421279 1.9666516 4.090802 -58.3179 -1.5542502 -2.3955169 0.03468272
14 105 Car 0 0 0 0 0 0 0 2.1292844 2.2047296 4.059841 -0.1833229 0.22484297 0.19742042 -0.055521913
15 1 Car 0 0 0 0 0 0 0 1.71001 1.9373114 5.0468216 2.032493 -1.3690697 3.3393369 0.026179956
15 2 Car 0 0 0 0 0 0 0 1.6376657 2.0314703 3.9753978 -41.744576 -0.94357413 -1.3224307 0.012290381
15 3 Car 0 0 0 0 0 0 0 2.702828 2.1067839 5.353111 39.719307 -1.351414 8.761742 0.026179945
15 4 Car 0 0 0 0 0 0 0 2.2813642 2.6407473 6.4849863 -61.25875 -0.82336104 6.01733 0.038537733
15 5 Car 0 0 0 0 0 0 0 1.4172266 1.7994263 4.130199 -47.319008 -1.0500976 2.363529 0.022139482
15 102 Car 0 0 0 0 0 0 0 1.7421863 1.966658 4.0909157 -58.86717 -1.5205138 -2.3950644 0.034971297
15 105 Car 0 0 0 0 0 0 0 2.129356 2.2047596 4.059911 -0.67005444 0.08592436 0.29557467 0.013759956
16 1 Car 0 0 0 0 0 0 0 1.7100099 1.9373112 5.0468216 2.3360057 -1.3758336 3.337833 0.026179956
16 2 Car 0 0 0 0 0 0 0 1.6376657 2.0314703 3.975399 -41.764847 -0.89634466 -1.3303998 0.004897995
16 3 Car 0 0 0 0 0 0 0 2.702828 2.1067834 5.353111 40.463463 -1.351414 8.739575 0.026179945
16 4 Car 0 0 0 0 0 0 0 2.2813642 2.6407475 6.484989 -60.975277 -0.59104 6.138861 -0.02617996
16 5 Car 0 0 0 0 0 0 0 1.4172266 1.7994264 4.1301975 -46.930504 -1.264638 2.2836442 0.04583415
16 102 Car 0 0 0 0 0 0 0 1.7422378 1.9666586 4.091048 -58.96898 -1.5110555 -2.387628 0.0352664
16 105 Car 0 0 0 0 0 0 0 2.1294188 2.2047625 4.0600386 -0.69644165 0.04810047 0.2371071 0.022763524
17 1 Car 0 0 0 0 0 0 0 1.71001 1.9373114 5.0468216 2.635326 -1.3787657 3.4538903 0.026179956
17 2 Car 0 0 0 0 0 0 0 1.6376657 2.0314703 3.9754 -41.924107 -0.94911534 -1.2769308 -0.0024944197
17 3 Car 0 0 0 0 0 0 0 2.702828 2.1067843 5.353111 41.365734 -1.351414 8.836306 0.026179945
17 4 Car 0 0 0 0 0 0 0 2.2813642 2.6407475 6.4849873 -60.179333 -0.918543 6.124186 -0.026179893
17 5 Car 0 0 0 0 0 0 0 1.4172266 1.7994264 4.1301975 -46.584743 -1.2200282 2.3251173 0.022598248
17 102 Car 0 0 0 0 0 0 0 1.7421951 1.9666609 4.0909376 -59.55095 -1.568117 -2.3367457 0.08792553
17 105 Car 0 0 0 0 0 0 0 2.1293669 2.2047555 4.059945 -1.1044207 0.04646367 0.23027661 0.031759176
18 1 Car 0 0 0 0 0 0 0 1.71001 1.9373114 5.0468216 2.9502196 -1.3762403 3.4439106 0.026179956
18 2 Car 0 0 0 0 0 0 0 1.6376657 2.0314703 3.9754026 -42.08344 -0.9818859 -1.253346 -0.009886836
18 3 Car 0 0 0 0 0 0 0 2.702828 2.1067834 5.3531146 42.216583 -1.351414 8.890626 0.026179926
18 4 Car 0 0 0 0 0 0 0 2.2813642 2.6407475 6.4849873 -59.081688 -1.4791448 6.12587 0.026179967
18 5 Car 0 0 0 0 0 0 0 1.4172266 1.7994263 4.130197 -46.127567 -1.2161357 2.359462 -0.019045487
18 102 Car 0 0 0 0 0 0 0 1.7421248 1.966657 4.0907817 -59.198505 -1.6594069 -2.3350058 0.036196712
18 105 Car 0 0 0 0 0 0 0 2.1292806 2.2047637 4.0597672 -0.63120747 0.058676958 0.23386723 0.04110972
19 1 Car 0 0 0 0 0 0 0 1.7100099 1.9373112 5.0468216 3.2635138 -1.3767453 3.4390512 0.02617991
19 2 Car 0 0 0 0 0 0 0 1.6376657 2.03147 3.9753993 -42.20302 -1.0446566 -1.230154 -0.017279223
19 3 Car 0 0 0 0 0 0 0 2.702828 2.1067839 5.353111 42.99331 -1.351414 8.948685 0.026179945
19 4 Car 0 0 0 0 0 0 0 2.2813642 2.6407473 6.4849896 -58.287167 -0.7984775 6.22389 -0.031606898
19 5 Car 0 0 0 0 0 0 0 1.4172266 1.8674886 4.1301975 -45.778206 -1.1091547 2.2627678 0.04777777
19 102 Car 0 0 0 0 0 0 0 1.7421234 1.9666598 4.0907774 -59.30362 -1.6185633 -2.3191364 0.036531217
19 105 Car 0 0 0 0 0 0 0 2.129279 2.2047687 4.0597577 -0.6176567 0.04524681 0.24190086 0.050152637
20 1 Car 0 0 0 0 0 0 0 1.71001 1.9373114 5.0468216 3.5768704 -1.3514917 3.4272242 0.026179956
20 2 Car 0 0 0 0 0 0 0 1.6376657 2.03147 3.975401 -42.23817 -1.020106 -1.2795533 -0.078539796
20 3 Car 0 0 0 0 0 0 0 2.702828 2.1067839 5.353111 43.796486 -1.351414 9.035599 0.078539826
20 4 Car 0 0 0 0 0 0 0 2.2813642 2.6407475 6.484989 -57.72807 -0.6195467 6.0732336 0.02617996
20 5 Car 0 0 0 0 0 0 0 1.4172266 1.7994266 4.130196 -45.288734 -0.9196261 2.3200603 -0.07572881
20 102 Car 0 0 0 0 0 0 0 1.7421253 1.9666569 4.0907803 -58.939663 -1.6054666 -2.2894988 0.036939226
20 105 Car 0 0 0 0 0 0 0 2.129281 2.2047505 4.0597887 -0.10595226 0.078807354 0.34619296 -0.0154337995
21 1 Car 0 0 0 0 0 0 0 1.71001 1.9373114 5.046821 3.900165 -1.3617884 3.3781888 0.026179913
21 2 Car 0 0 0 0 0 0 0 1.6376657 2.0314703 3.9754012 -42.255882 -1.000106 -1.3139278 0.07435624
21 3 Car 0 0 0 0 0 0 0 2.702828 2.1067843 5.353111 44.6001 -1.351414 9.038048 0.078539826
21 4 Car 0 0 0 0 0 0 0 2.054309 2.640747 6.484989 -57.00376 -0.66103655 6.213728 0.035884447
21 5 Car 0 0 0 0 0 0 0 1.4172266 1.7994264 4.1301956 -44.93699 -1.0882119 2.197424 0.18325965
21 102 Car 0 0 0 0 0 0 0 1.7421381 1.9666588 4.0908136 -59.506927 -1.6759328 -2.3173091 0.03750755
21 105 Car 0 0 0 0 0 0 0 2.1292973 2.204753 4.059822 -0.5884371 -0.027896598 0.31959677 -0.014865121
22 1 Car 0 0 0 0 0 0 0 1.71001 1.9373112 5.0468216 4.233062 -1.3656437 3.3745203 0.02617991
22 2 Car 0 0 0 0 0 0 0 1.6376657 2.0314703 3.975399 -42.42761 -0.93208885 -1.3548592 0.0785398
22 3 Car 0 0 0 0 0 0 0 2.702828 2.1067836 5.353111 45.4774 -1.351414 9.038528 0.07853978
22 4 Car 0 0 0 0 0 0 0 2.054309 2.6407478 6.4849863 -56.227825 -0.71900815 6.264478 -0.01895069
22 5 Car 0 0 0 0 0 0 0 1.4172266 1.7994267 4.1301985 -44.54499 -1.0012308 2.2448452 0.13089967
22 102 Car 0 0 0 0 0 0 0 1.7420914 1.9666468 4.0907245 -59.630596 -1.6944628 -2.290351 0.037937894
22 105 Car 0 0 0 0 0 0 0 2.12924 2.204735 4.0597434 -0.58463764 0.011869341 0.24332821 -0.014435485
23 1 Car 0 0 0 0 0 0 0 1.7100099 1.9373112 5.046821 4.584977 -1.3694993 3.371237 -0.026179913
23 2 Car 0 0 0 0 0 0 0 1.6376657 2.03147 3.9754012 -42.47837 -0.93441707 -1.4185876 0.1325001
23 3 Car 0 0 0 0 0 0 0 2.702828 2.1067843 5.3531146 46.198544 -1.21939 8.938896 0.026179926
23 4 Car 0 0 0 0 0 0 0 2.054309 2.6407473 6.4849873 -55.22296 -0.704384 6.26208 0.07853985
23 5 Car 0 0 0 0 0 0 0 1.4172266 1.7994263 4.130198 -44.13963 -1.1012309 2.2850695 0.0785398
23 102 Car 0 0 0 0 0 0 0 1.7420771 1.966637 4.090712 -59.291862 -1.7174333 -2.2669435 0.038506158
23 105 Car 0 0 0 0 0 0 0 2.1292224 2.2047215 4.059734 -0.1095171 0.07787329 0.34759253 -0.013867119
24 1 Car 0 0 0 0 0 0 0 1.7100098 1.9373114 5.0468216 4.9712977 -1.3545057 3.3688931 -0.02617991
24 2 Car 0 0 0 0 0 0 0 1.6376657 2.0314703 3.975401 -42.644867 -0.8755812 -1.3083981 0.029904883
24 3 Car 0 0 0 0 0 0 0 2.702828 2.1067839 5.353111 46.9571 -1.1661127 9.035436 0.026179945
24 4 Car 0 0 0 0 0 0 0 2.054309 2.6407475 6.484991 -54.674946 -0.64856666 6.3418894 0.026179953
24 5 Car 0 0 0 0 0 0 0 1.4172266 1.7994264 4.130198 -43.768684 -1.0227767 2.2835035 0.07853982
24 102 Car 0 0 0 0 0 0 0 1.7421428 1.96663 4.0908813 -59.8721 -1.6248641 -2.3057067 0.038743198
24 105 Car 0 0 0 0 0 0 0 2.1293027 2.2047143 4.0599017 -0.70025253 -0.055084422 0.21581423 -0.013627696
25 1 Car 0 0 0 0 0 0 0 1.71001 1.9373112 5.046822 5.312322 -1.3780671 3.3647265 0.026179954
25 2 Car 0 0 0 0 0 0 0 1.6376657 2.0314703 3.975399 -42.66531 -0.8537186 -1.4110699 0.13482574
25 3 Car 0 0 0 0 0 0 0 2.702828 2.1067839 5.353111 47.89794 -1.124027 9.088507 0.026179945
25 4 Car 0 0 0 0 0 0 0 2.054309 2.6407475 6.4849873 -53.91943 -0.6543786 6.3583083 0.026179893
25 5 Car 0 0 0 0 0 0 0 1.4172266 1.7994263 4.1301975 -43.277992 -1.0203577 2.4337716 0.02617997
25 102 Car 0 0 0 0 0 0 0 1.7421436 1.9666309 4.0908747 -59.985626 -1.6896484 -2.2798684 0.038941327
25 105 Car 0 0 0 0 0 0 0 2.1293035 2.2046952 4.059933 -0.5665226 -0.10557133 0.12236154 -0.06579976
26 1 Car 0 0 0 0 0 0 0 1.7100098 1.9373114 5.0468216 5.635935 -1.3903629 3.405528 0.026179956
26 2 Car 0 0 0 0 0 0 0 1.6376657 2.03147 3.9753983 -42.799095 -0.8953018 -1.3119073 -0.0015803026
26 3 Car 0 0 0 0 0 0 0 2.702828 2.1067836 5.353111 48.81478 -1.081941 9.035574 0.0261799
26 4 Car 0 0 0 0 0 0 0 2.054309 2.640747 6.484989 -53.13125 -0.6532161 6.192958 0.078539826
26 5 Car 0 0 0 0 0 0 0 1.4172266 1.7994266 4.1301994 -42.920055 -0.97118217 2.4632814 -0.026179928
26 102 Car 0 0 0 0 0 0 0 1.7421496 1.9666364 4.0908833 -60.12026 -1.5202982 -2.2596917 0.039120484
26 105 Car 0 0 0 0 0 0 0 2.129311 2.2047029 4.059939 -0.65522385 -0.07694583 0.26319334 -0.06562075
27 1 Car 0 0 0 0 0 0 0 1.71001 1.9373112 5.0468216 5.98298 -1.4004009 3.3950877 0.026179908
27 2 Car 0 0 0 0 0 0 0 1.6376657 2.0314698 3.9753993 -42.735867 -0.9153018 -1.3774753 0.068613
27 3 Car 0 0 0 0 0 0 0 2.702828 2.106784 5.3531146 49.516464 -1.0398552 9.019158 0.026179971
27 4 Car 0 0 0 0 0 0 0 2.054309 2.6407473 6.4849873 -52.313946 -0.6801524 6.267307 0.07853985
27 5 Car 0 0 0 0 0 0 0 1.4172266 1.7994262 4.1301985 -42.48209 -0.9916316 2.326651 -0.13089967
27 102 Car 0 0 0 0 0 0 0 1.742131 1.9666421 4.090828 -60.7228 -1.7072432 -2.3074522 0.039293803
27 105 Car 0 0 0 0 0 0 0 2.1292882 2.20473 4.059843 -1.0588751 -0.08158496 0.26192224 -0.013078144
28 1 Car 0 0 0 0 0 0 0 1.7100098 1.9373112 5.0468216 6.301756 -1.3818119 3.3955045 0.026179958
28 2 Car 0 0 0 0 0 0 0 1.6376657 2.03147 3.9753976 -42.991776 -0.91674536 -1.4133692 0.02617994
28 3 Car 0 0 0 0 0 0 0 2.702828 2.1067836 5.353111 50.36518 -0.9977695 9.011861 0.0261799
28 4 Car 0 0 0 0 0 0 0 2.054309 2.640747 6.484989 -51.497234 -0.7264693 6.292283 0.078539826
28 5 Car 0 0 0 0 0 0 0 1.4172266 1.7994264 4.130198 -42.10384 -1.1193805 2.3705342 -0.07853982
28 102 Car 0 0 0 0 0 0 0 1.742176 1.9666553 4.0909076 -60.199173 -0.4308255 -1.7071296 0.039212942
28 105 Car 0 0 0 0 0 0 0 2.1293435 2.2047482 4.0599217 -0.35481262 1.2489089 0.9059299 -0.013158411
29 1 Car 0 0 0 0 0 0 0 1.71001 1.9373112 5.0468216 6.645763 -1.4047034 3.381363 0.026179958
29 2 Car 0 0 0 0 0 0 0 1.6376657 2.03147 3.9754002 -43.16243 -0.8590736 -1.4049522 0.003996763
29 3 Car 0 0 0 0 0 0 0 2.702828 2.106784 5.353111 51.240643 -0.95568365 9.005263 0.02617999
29 4 Car 0 0 0 0 0 0 0 2.054309 2.6407475 6.484991 -50.607864 -0.5752065 6.3529725 0.026179953
29 5 Car 0 0 0 0 0 0 0 1.4172266 1.7994266 4.1301975 -41.682003 -1.1394148 2.3732605 0.02617994
29 102 Car 0 0 0 0 0 0 0 1.7422364 1.9666545 4.0910482 -60.347004 -0.36157608 -1.6500449 0.039226208
29 105 Car 0 0 0 0 0 0 0 2.129417 2.2047486 4.060055 -0.38890076 1.1044363 0.8067405 -0.0131433485
30 1 Car 0 0 0 0 0 0 0 1.71001 1.9373114 5.0468216 6.9892726 -1.4099108 3.3818321 0.02617991
30 2 Car 0 0 0 0 0 0 0 1.6376657 2.03147 3.9753976 -43.26277 -1.0767889 -1.4352331 0.02617994
30 3 Car 0 0 0 0 0 0 0 2.702828 2.106784 5.353113 52.088478 -0.9130491 9.018241 0.025770891
30 4 Car 0 0 0 0 0 0 0 2.054309 2.6407475 6.4849896 -49.94603 -0.9449821 6.3674755 0.034543097
30 5 Car 0 0 0 0 0 0 0 1.4172266 1.7994263 4.130198 -41.26849 -1.0839525 2.3187895 0.0785398
30 102 Car 0 0 0 0 0 0 0 1.7422321 1.966655 4.0910344 -60.47915 -0.39399064 -1.6827236 0.039515328
30 105 Car 0 0 0 0 0 0 0 2.1294117 2.2047503 4.0600395 -0.41357136 1.0737064 0.82346433 -0.007944769
31 1 Car 0 0 0 0 0 0 0 1.7100098 1.9373114 5.0468216 7.3312054 -1.3929869 3.2927604 -0.026179956
31 2 Car 0 0 0 0 0 0 0 1.6376656 2.0314703 3.9754014 -43.34678 -1.3214016 -1.3681464 0.017391628
31 3 Car 0 0 0 0 0 0 0 2.702828 2.1067836 5.3531127 52.93605 -0.8704145 9.041749 0.025361808
31 4 Car 0 0 0 0 0 0 0 2.054309 2.640747 6.484989 -49.24109 -0.8011805 6.4732876 0.078539826
31 5 Car 0 0 0 0 0 0 0 1.4172266 1.7994266 4.1301956 -40.888916 -1.0779489 2.3550699 0.02617995
31 102 Car 0 0 0 0 0 0 0 1.7422397 1.9666607 4.0910454 -60.63336 -0.47308102 -1.6676301 0.039623518
31 105 Car 0 0 0 0 0 0 0 2.1294212 2.204759 4.0600452 -0.42027283 1.035155 0.8186325 -0.0029269927
32 1 Car 0 0 0 0 0 0 0 1.71001 1.9373114 5.0468216 7.7041435 -1.4046861 3.2832403 -0.026179956
32 2 Car 0 0 0 0 0 0 0 1.6376657 2.03147 3.9753995 -43.536858 -1.3260117 -1.4154251 -0.0057297186
32 3 Car 0 0 0 0 0 0 0 2.702828 2.1067843 5.353112 53.73118 -0.85480833 9.0218 0.024952728
32 4 Car 0 0 0 0 0 0 0 2.054309 2.6407475 6.484991 -48.311172 -0.71900815 6.647255 0.026179953
32 5 Car 0 0 0 0 0 0 0 1.4172266 1.7994264 4.130198 -40.499058 -1.1959245 2.3494854 0.07853982
32 102 Car 0 0 0 0 0 0 0 1.7422459 1.966666 4.091053 -60.780235 -0.5022669 -1.6719086 0.039750587
32 105 Car 0 0 0 0 0 0 0 2.1294289 2.2047672 4.060045 -0.4253006 0.99340296 0.8266799 0.0021096966
33 1 Car 0 0 0 0 0 0 0 1.7100098 1.9373114 5.0468216 8.087086 -1.4085923 3.3607588 0.026179956
33 2 Car 0 0 0 0 0 0 0 1.6376657 2.0314703 3.975399 -43.66508 -1.3283398 -1.4107273 0.07853983
33 3 Car 0 0 0 0 0 0 0 2.702828 2.106784 5.3531117 54.499146 -0.8256879 9.017 0.024543611
33 4 Car 0 0 0 0 0 0 0 2.054309 2.6407475 6.484989 -47.58838 -0.8628097 6.5555506 0.026179885
33 5 Car 0 0 0 0 0 0 0 1.4172266 1.7994264 4.130198 -40.11498 -1.2100605 2.3467684 0.078539774
33 102 Car 0 0 0 0 0 0 0 1.7422795 1.9666653 4.091129 -60.951775 -0.4436982 -1.6122073 0.039753556
33 105 Car 0 0 0 0 0 0 0 2.1294699 2.2047677 4.0601187 -0.44901752 0.93269825 0.8494119 0.007022975
34 1 Car 0 0 0 0 0 0 0 1.7100099 1.9373114 5.0468216 8.467825 -1.3778994 3.3568597 0.02617991
34 2 Car 0 0 0 0 0 0 0 1.6376657 2.0314703 3.9753993 -43.786663 -1.3083397 -1.4341438 0.1308997
34 3 Car 0 0 0 0 0 0 0 2.702828 2.1067834 5.3531137 55.23934 -0.79656756 9.053689 0.024134664
34 4 Car 0 0 0 0 0 0 0 2.054309 2.6407475 6.4849873 -46.812614 -0.98606825 6.6954727 0.026179893
34 5 Car 0 0 0 0 0 0 0 1.4172266 1.7994264 4.1301975 -39.695793 -1.178472 2.399346 0.02617997
34 102 Car 0 0 0 0 0 0 0 1.7421666 1.9666619 4.090873 -61.091194 -0.6698029 -1.5543606 0.039588325
34 105 Car 0 0 0 0 0 0 0 2.129332 2.204763 4.0598702 -0.4564495 0.94346285 0.84715545 0.011765636
35 1 Car 0 0 0 0 0 0 0 1.7100098 1.9373114 5.0468216 8.845552 -1.4160405 3.245337 0.026179958
35 2 Car 0 0 0 0 0 0 0 1.6376657 2.0314703 3.975399 -43.898872 -1.0283399 -1.3769937 0.07853983
35 3 Car 0 0 0 0 0 0 0 2.702828 2.1067839 5.353111 56.088093 -1.0107017 9.029776 0.023725517
35 4 Car 0 0 0 0 0 0 0 2.054309 2.640747 6.4849873 -46.057465 -0.89666146 6.740575 0.02617993
35 5 Car 0 0 0 0 0 0 0 1.4172266 1.7994266 4.1301956 -39.328636 -1.351491 2.4368043 0.02617998
35 102 Car 0 0 0 0 0 0 0 1.7421951 1.9666677 4.0909233 -61.25103 -0.6825373 -1.5429096 0.039121434
35 105 Car 0 0 0 0 0 0 0 2.1293669 2.2047715 4.0599146 -0.47142696 0.8872742 0.834507 0.016208764
36 1 Car 0 0 0 0 0 0 0 1.7100099 1.9373114 5.0468216 9.179485 -1.3768985 3.3672235 0.02617991
36 2 Car 0 0 0 0 0 0 0 1.6376657 2.0314698 3.9753995 -44.047043 -0.890668 -1.3657643 -0.026179926
36 3 Car 0 0 0 0 0 0 0 2.702828 2.1067834 5.3531127 56.949722 -0.87346816 9.027204 0.02331649
36 4 Car 0 0 0 0 0 0 0 1.949147 2.6407475 6.4849877 -45.35251 -0.9745735 6.5818686 0.04824601
36 5 Car 0 0 0 0 0 0 0 1.4172266 1.7994266 4.1301994 -38.846992 -1.1406152 2.4715633 0.026179956
36 102 Car 0 0 0 0 0 0 0 1.7422355 1.9666729 4.0910077 -61.438732 -0.70167476 -1.4523985 0.03829787
36 105 Car 0 0 0 0 0 0 0 2.1294162 2.2047791 4.059998 -0.49542618 0.79988897 0.82435536 0.020295398
37 1 Car 0 0 0 0 0 0 0 1.71001 1.9373114 5.0468216 9.555968 -1.4131396 3.3684747 0.026179908
37 2 Car 0 0 0 0 0 0 0 1.6376657 2.0314703 3.9753988 -44.195354 -1.050668 -1.3604069 -0.028592482
37 3 Car 0 0 0 0 0 0 0 2.702828 2.1067834 5.3531117 57.72914 -1.0403029 9.107031 0.022907523
37 4 Car 0 0 0 0 0 0 0 1.949147 2.6407473 6.484989 -44.424587 -0.9553176 6.71226 0.027407128
37 5 Car 0 0 0 0 0 0 0 1.4172266 1.7994269 4.1301985 -38.295372 -1.0637852 2.4075816 0.13089967
37 102 Car 0 0 0 0 0 0 0 1.7423079 1.966672 4.091178 -63.889816 -0.65152323 -1.5135281 0.037723303
37 105 Car 0 0 0 0 0 0 0 2.129505 2.204779 4.060165 -2.7902508 0.65633017 0.7502892 0.024631152
38 1 Car 0 0 0 0 0 0 0 1.7100098 1.9373114 5.0468216 9.896754 -1.4122093 3.3660848 0.02617991
38 2 Car 0 0 0 0 0 0 0 1.6376657 2.03147 3.9753993 -44.246708 -0.99439317 -1.3873949 0.10396616
38 3 Car 0 0 0 0 0 0 0 2.702828 2.1067839 5.3531117 58.61756 -0.99091125 9.1050625 0.02249838
38 4 Car 0 0 0 0 0 0 0 1.949147 2.640747 6.4849873 -43.687237 -1.2270894 6.747308 0.02617993
38 5 Car 0 0 0 0 0 0 0 1.4172266 1.7994266 4.1301994 -37.822803 -1.1220047 2.522432 0.026179928
38 102 Car 0 0 0 0 0 0 0 1.74224 1.9666717 4.0910163 -61.776817 -0.8236562 -1.3703868 0.03723641
38 105 Car 0 0 0 0 0 0 0 2.1294217 2.2047787 4.060006 -0.52723885 0.6561717 0.80154204 0.0290535
39 1 Car 0 0 0 0 0 0 0 1.7100099 1.9373112 5.0468216 10.261597 -1.4138372 3.371048 0.026179958
39 2 Car 0 0 0 0 0 0 0 1.6376657 2.03147 3.9753983 -44.337975 -0.890668 -1.291116 -0.0055028973
39 3 Car 0 0 0 0 0 0 0 2.702828 2.1067839 5.3531127 59.39708 -0.88746303 9.184937 0.022089412
39 4 Car 0 0 0 0 0 0 0 1.949147 2.640747 6.484991 -42.994213 -0.9745735 6.856716 0.026179915
39 5 Car 0 0 0 0 0 0 0 1.4172266 1.7994266 4.1301994 -37.436558 -1.0763777 2.5751903 0.026179928
39 102 Car 0 0 0 0 0 0 0 1.7422354 1.9666675 4.091023 -61.946053 -0.859243 -1.3224357 0.036410343
39 105 Car 0 0 0 0 0 0 0 2.1294162 2.2047741 4.06001 -0.5426254 0.612028 0.781722 0.033137172
40 1 Car 0 0 0 0 0 0 0 1.71001 1.9373114 5.0468216 10.675312 -1.4363953 3.2612867 0.02617991
40 2 Car 0 0 0 0 0 0 0 1.6376657 2.0314703 3.9753976 -44.571896 -1.0800668 -1.3086405 -0.007349221
40 3 Car 0 0 0 0 0 0 0 2.702828 2.106784 5.3531103 60.211643 -1.0576761 9.191875 0.021680282
40 4 Car 0 0 0 0 0 0 0 1.949147 2.6407475 6.484991 -42.13129 -0.91432655 6.8547134 0.026179915
40 5 Car 0 0 0 0 0 0 0 1.4172266 1.7994266 4.1301994 -37.07428 -1.1201465 2.5880146 0.026179956
40 102 Car 0 0 0 0 0 0 0 1.742214 1.9666445 4.0910163 -62.17882 -0.9138874 -1.3140786 -0.016497804
40 105 Car 0 0 0 0 0 0 0 2.12939 2.204761 4.059977 -0.54818726 0.6161927 0.7487685 0.03750907
41 1 Car 0 0 0 0 0 0 0 1.7100099 1.9373112 5.0468216 11.076527 -1.4380232 3.2838495 0.02617991
41 2 Car 0 0 0 0 0 0 0 1.6376657 2.03147 3.9753995 -44.656803 -1.0809966 -1.2652602 -0.026179926
41 3 Car 0 0 0 0 0 0 0 2.702828 2.1067834 5.3531113 61.18494 -0.9035499 9.286482 0.021271145
41 4 Car 0 0 0 0 0 0 0 1.949147 2.6407475 6.484989 -41.51736 -0.7936059 6.9064713 0.026179885
41 5 Car 0 0 0 0 0 0 0 1.4172266 1.7994264 4.1301975 -36.68695 -1.1149108 2.6082482 0.02617997
41 102 Car 0 0 0 0 0 0 0 1.7422184 1.9666559 4.091005 -62.337112 -0.9432413 -1.259775 0.035608947
41 105 Car 0 0 0 0 0 0 0 2.129395 2.204763 4.059988 -0.5314808 0.5954509 0.7479365 0.04215525
42 1 Car 0 0 0 0 0 0 0 1.7100098 1.9373114 5.0468216 11.409317 -1.4491227 3.2890959 -0.02617991
42 2 Car 0 0 0 0 0 0 0 1.6376657 2.03147 3.9753983 -44.816025 -1.0814617 -1.3065506 0.003996765
42 3 Car 0 0 0 0 0 0 0 2.702828 2.1067834 5.3531146 61.838036 -1.0467349 9.3321295 0.02086218
42 4 Car 0 0 0 0 0 0 0 1.949147 2.6407473 6.484991 -40.69734 -0.82532966 6.947015 0.02617995
42 5 Car 0 0 0 0 0 0 0 1.4172266 1.7994263 4.130198 -36.352894 -1.0381693 2.5818129 0.0785398
42 102 Car 0 0 0 0 0 0 0 1.742226 1.9666601 4.091016 -62.524494 -1.0019158 -1.2965318 0.035671346
42 105 Car 0 0 0 0 0 0 0 2.1294045 2.2047687 4.059998 -0.5365648 0.5459032 0.7522515 0.04712738
43 1 Car 0 0 0 0 0 0 0 1.71001 1.9373114 5.0468216 11.766066 -1.4701159 3.3839545 0.026179958
43 2 Car 0 0 0 0 0 0 0 1.6376657 2.0314703 3.9754002 -44.76527 -1.0820893 -1.5067962 0.084992714
43 3 Car 0 0 0 0 0 0 0 2.702828 2.1067839 5.353115 62.82551 -1.0682925 9.389985 0.020453053
43 4 Car 0 0 0 0 0 0 0 1.949147 2.6407475 6.484989 -39.848206 -0.8843301 6.995299 0.026179958
43 5 Car 0 0 0 0 0 0 0 1.4172266 1.7994266 4.1301956 -35.95659 -1.0792036 2.6076407 0.02617995
43 102 Car 0 0 0 0 0 0 0 1.7422333 1.9666641 4.0910187 -62.735367 -1.0058551 -1.2866262 0.03607642
43 105 Car 0 0 0 0 0 0 0 2.1294134 2.204773 4.060006 -0.532074 0.55528957 0.7632237 0.052442178
44 1 Car 0 0 0 0 0 0 0 1.7100098 1.9373114 5.0468216 12.147736 -1.48513 3.3883119 0.02617991
44 2 Car 0 0 0 0 0 0 0 1.6376657 2.03147 3.9753995 -44.995945 -1.082903 -1.2513459 -0.026179926
44 3 Car 0 0 0 0 0 0 0 2.702828 2.106784 5.3531127 63.547077 -1.1439067 9.3580475 0.020044027
44 4 Car 0 0 0 0 0 0 0 1.949147 2.640747 6.4849873 -38.985954 -0.65726274 6.8598557 0.02617993
44 5 Car 0 0 0 0 0 0 0 1.4172266 1.7994266 4.1301994 -35.64013 -1.0487322 2.676666 0.026179956
44 102 Car 0 0 0 0 0 0 0 1.742295 1.966663 4.091168 -62.91687 -0.92633724 -1.2728002 0.036419623
44 105 Car 0 0 0 0 0 0 0 2.129489 2.2047722 4.0601463 -0.51657104 0.5571964 0.78283864 0.057694405
45 1 Car 0 0 0 0 0 0 0 1.7100098 1.9373114 5.0468216 12.491919 -1.4533097 3.3967905 0.02617991
45 2 Car 0 0 0 0 0 0 0 1.6376657 2.0314703 3.975399 -45.150284 -1.0835539 -1.2935756 -0.07853983
45 3 Car 0 0 0 0 0 0 0 2.702828 2.1067843 5.3531113 64.42831 -1.0843794 9.371431 0.01963491
45 4 Car 0 0 0 0 0 0 0 1.949147 2.6407473 6.484989 -38.23124 -0.8569141 6.978776 0.026179923
45 5 Car 0 0 0 0 0 0 0 1.4172266 1.7994266 4.1301994 -35.3097 -1.1169609 2.6044974 0.026179928
45 102 Car 0 0 0 0 0 0 0 1.742316 1.9666662 4.091212 -63.117546 -0.92256606 -1.2878964 0.037053324
45 105 Car 0 0 0 0 0 0 0 2.1295147 2.2047758 4.060192 -0.51201344 0.52071536 0.79689723 0.063237324
46 1 Car 0 0 0 0 0 0 0 1.7100098 1.9373114 5.0468216 12.855592 -1.4444611 3.393116 0.026179956
46 2 Car 0 0 0 0 0 0 0 1.6376657 2.0314703 3.9753978 -45.33216 -1.0842514 -1.2319851 -0.06804555
46 3 Car 0 0 0 0 0 0 0 2.702828 2.1067839 5.353111 65.32295 -1.0282309 9.385084 0.019225884
46 4 Car 0 0 0 0 0 0 0 1.949147 2.640747 6.484991 -37.451687 -0.8380765 7.0411515 -0.026179915
46 5 Car 0 0 0 0 0 0 0 1.4172266 1.7994266 4.1301994 -35.013927 -1.0476557 2.6192555 0.026179928
46 102 Car 0 0 0 0 0 0 0 1.7423329 1.9666619 4.091257 -63.28901 -0.8891918 -1.2849708 0.037439458
46 105 Car 0 0 0 0 0 0 0 2.1295352 2.2047715 4.060232 -0.49625015 0.511343 0.81799597 0.068532646
47 1 Car 0 0 0 0 0 0 0 1.7100098 1.9373114 5.0468216 13.26743 -1.4135644 3.4179342 0.02617991
47 2 Car 0 0 0 0 0 0 0 1.6376657 2.03147 3.9753995 -45.26333 -1.0894822 -1.3543355 -0.026179926
47 3 Car 0 0 0 0 0 0 0 2.702828 2.106784 5.353109 66.19083 -0.9720821 9.398223 0.018816955
47 4 Car 0 0 0 0 0 0 0 1.949147 2.6407473 6.4849873 -36.64415 -0.8288006 7.0170403 -0.026179966
47 5 Car 0 0 0 0 0 0 0 1.4172266 1.7994266 4.1301994 -34.59356 -1.2165854 2.674491 -0.026179956
47 102 Car 0 0 0 0 0 0 0 1.7422364 1.966646 4.091067 -65.838394 -1.1292063 -1.359093 0.03799928
47 105 Car 0 0 0 0 0 0 0 2.1294172 2.2047586 4.0600395 -2.7811832 0.2755847 0.76015747 0.074003324
48 1 Car 0 0 0 0 0 0 0 1.7100099 1.9373112 5.046822 13.644178 -1.444089 3.4220862 0.026179908
48 2 Car 0 0 0 0 0 0 0 1.6376657 2.03147 3.9753993 -45.49284 -1.0855532 -1.2149713 0.0014149551
48 3 Car 0 0 0 0 0 0 0 2.702828 2.1067836 5.3531103 67.05871 -0.9024193 9.411362 0.01840775
48 4 Car 0 0 0 0 0 0 0 1.949147 2.6407475 6.484991 -35.788033 -0.9383392 7.0379915 0.026179915
48 5 Car 0 0 0 0 0 0 0 1.4172266 1.7994266 4.1301994 -34.198833 -1.071162 2.633696 0.026179956
48 102 Car 0 0 0 0 0 0 0 1.7421038 1.9666158 4.0908194 -63.742897 -1.2308235 -1.3267483 0.03884095
48 105 Car 0 0 0 0 0 0 0 2.1292553 2.2047312 4.0597806 -0.49954605 0.5222999 0.8686031 0.07975663
49 1 Car 0 0 0 0 0 0 0 1.71001 1.9373112 5.0468216 14.030384 -1.4532092 3.451963 0.02617991
49 2 Car 0 0 0 0 0 0 0 1.6376657 2.03147 3.9754 -45.48253 -1.0850419 -1.2072 -0.038300157
49 3 Car 0 0 0 0 0 0 0 2.702828 2.1067836 5.353116 67.92658 -0.81924236 9.4245 0.01799871
49 4 Car 0 0 0 0 0 0 0 1.949147 2.6407473 6.484988 -34.75494 -0.75457346 6.8666825 0.07853983
49 5 Car 0 0 0 0 0 0 0 1.4172266 1.7994266 4.1301994 -33.89768 -1.0241773 2.638343 0.026179928
49 102 Car 0 0 0 0 0 0 0 1.7421231 1.9665754 4.0909524 -63.954994 -1.1004537 -1.3344707 0.03869157
49 105 Car 0 0 0 0 0 0 0 2.129279 2.204692 4.0599046 -0.545372 0.47609276 0.8611971 0.08451477
50 1 Car 0 0 0 0 0 0 0 1.71001 1.9373114 5.0468216 14.408308 -1.427838 3.4759479 0.026179958
50 2 Car 0 0 0 0 0 0 0 1.6376657 2.0314703 3.9753995 -45.723343 -1.0868783 -1.389266 -0.03198688
50 4 Car 0 0 0 0 0 0 0 1.949147 2.6407473 6.484989 -34.046116 -0.75457346 6.933914 0.02617996
50 5 Car 0 0 0 0 0 0 0 1.4172266 1.7994266 4.1301975 -33.590508 -1.0253414 2.6456902 0.02617994
50 102 Car 0 0 0 0 0 0 0 1.7420034 1.9665478 4.090723 -64.15597 -1.3039591 -1.3963668 0.03856955
50 105 Car 0 0 0 0 0 0 0 2.1291323 2.2046082 4.059772 -0.45899868 0.47990632 1.0251944 -0.013800841
51 1 Car 0 0 0 0 0 0 0 1.71001 1.9373114 5.0468216 14.778526 -1.4099267 3.341446 0.026179956
51 2 Car 0 0 0 0 0 0 0 1.6376657 2.0314703 3.975399 -45.792995 -0.7252975 -1.3185233 -0.0785398
51 4 Car 0 0 0 0 0 0 0 1.949147 2.6407473 6.484988 -32.829727 -0.77457345 6.9604797 0.026179926
51 5 Car 0 0 0 0 0 0 0 1.4172266 1.7994266 4.1301975 -33.15287 -1.0171926 2.6510773 0.02617994
51 102 Car 0 0 0 0 0 0 0 1.7420752 1.9665623 4.0908637 -64.32546 -1.2162235 -1.3169974 0.03818842
51 105 Car 0 0 0 0 0 0 0 2.1292205 2.2046013 4.059955 -0.40505028 0.5615015 0.6749488 -0.06082063
52 1 Car 0 0 0 0 0 0 0 1.7100099 1.9373112 5.0468216 15.130323 -1.4416783 3.4845753 0.026179956
52 2 Car 0 0 0 0 0 0 0 1.6376657 2.03147 3.9753988 -45.90108 -0.9282965 -1.3783664 0.019539824
52 4 Car 0 0 0 0 0 0 0 1.949147 2.640747 6.48499 -32.690475 -0.7974163 6.7839303 -0.026179919
52 5 Car 0 0 0 0 0 0 0 1.4172266 1.7994264 4.1301966 -32.785362 -1.0416806 2.671 0.026179973
52 102 Car 0 0 0 0 0 0 0 1.7420663 1.9665782 4.0908055 -64.51759 -1.2935307 -1.3462285 0.038279
52 105 Car 0 0 0 0 0 0 0 2.1292093 2.2046745 4.059792 -0.38162136 0.5890658 0.8116186 0.038279027
53 1 Car 0 0 0 0 0 0 0 1.71001 1.9373112 5.046821 15.503323 -1.4364679 3.4891717 0.026179913
53 2 Car 0 0 0 0 0 0 0 1.6376657 2.0314703 3.9753995 -46.03758 -0.9291334 -1.3536041 -0.0017678994
53 4 Car 0 0 0 0 0 0 0 1.949147 2.6407475 6.484989 -31.745241 -0.8745735 6.9230437 0.026179923
53 5 Car 0 0 0 0 0 0 0 1.4172266 1.7994266 4.1301994 -32.435 -1.090208 2.6841843 0.026179928
53 102 Car 0 0 0 0 0 0 0 1.7420881 1.9665403 4.09094 -64.669426 -1.2212737 -1.3672224 0.037776876
53 105 Car 0 0 0 0 0 0 0 2.129236 2.204632 4.0599265 -0.43654633 0.49460885 0.74260294 0.03777688
54 1 Car 0 0 0 0 0 0 0 1.71001 1.9373114 5.046822 15.884581 -1.366492 3.4142842 0.026179954
54 2 Car 0 0 0 0 0 0 0 1.6376657 2.03147 3.9754012 -46.092655 -0.7682267 -1.2777079 -0.008927529
54 4 Car 0 0 0 0 0 0 0 1.949147 2.6407475 6.484989 -30.947477 -0.6486155 6.9823093 -0.026179885
54 5 Car 0 0 0 0 0 0 0 1.4172266 1.7994266 4.1301994 -32.14113 -1.0087645 2.6918242 0.026179928
54 102 Car 0 0 0 0 0 0 0 1.7416726 1.9664534 4.090142 -64.91287 -1.7245063 -1.4091085 0.037854962
54 105 Car 0 0 0 0 0 0 0 2.1287284 2.2044826 4.0592294 -0.42701435 0.4871981 0.7136384 -0.0145198945
55 1 Car 0 0 0 0 0 0 0 1.7100098 1.9373112 5.0468216 16.244114 -1.3764035 3.4611516 0.07853981
55 2 Car 0 0 0 0 0 0 0 1.6376657 2.03147 3.975399 -46.074223 -0.50706434 -1.0886436 -0.17502818
55 4 Car 0 0 0 0 0 0 0 1.949147 2.6407475 6.484991 -30.043999 -0.53428787 6.813117 0.026179915
55 5 Car 0 0 0 0 0 0 0 1.4172266 1.7994266 4.1301975 -31.787834 -1.0208951 2.727015 0.02617994
55 102 Car 0 0 0 0 0 0 0 1.7418541 1.9664619 4.090551 -65.09162 -1.542091 -1.477051 0.037809357
55 105 Car 0 0 0 0 0 0 0 2.12895 2.2045443 4.059544 -0.4546957 0.67837995 0.68373185 0.037809312
56 1 Car 0 0 0 0 0 0 0 1.7100099 1.9373112 5.0468216 16.668148 -1.5038191 3.5508065 0.02761165
56 2 Car 0 0 0 0 0 0 0 1.6376657 2.0314703 3.9753983 -46.292862 -0.9815058 -1.3639699 -0.03215818
56 4 Car 0 0 0 0 0 0 0 1.949147 2.6407473 6.484989 -28.729164 -0.7169816 6.8856735 0.026179923
56 5 Car 0 0 0 0 0 0 0 1.4172266 1.7994263 4.130199 -31.384928 -1.231209 2.6724305 0.07853976
56 102 Car 0 0 0 0 0 0 0 1.7418817 1.9665241 4.090487 -65.30664 -1.585615 -1.5119535 0.038320076
56 105 Car 0 0 0 0 0 0 0 2.1289835 2.2046824 4.0593495 -0.39947414 0.46789396 0.85782415 0.14503573
57 1 Car 0 0 0 0 0 0 0 1.71001 1.9373112 5.0468225 16.995691 -1.511049 3.523585 0.027816186
57 2 Car 0 0 0 0 0 0 0 1.6376657 2.0314698 3.9753983 -46.38387 -0.85594726 -1.3791745 -0.029169066
57 4 Car 0 0 0 0 0 0 0 1.949147 2.6407475 6.484989 -27.959227 -0.8918904 6.918392 0.026179885
57 5 Car 0 0 0 0 0 0 0 1.4172266 1.7994263 4.130198 -31.05478 -1.0315824 2.7102816 0.0785398
57 102 Car 0 0 0 0 0 0 0 1.7417941 1.9664935 4.0903482 -65.4621 -1.7158276 -1.5091889 0.038150292
57 105 Car 0 0 0 0 0 0 0 2.1288767 2.2046316 4.059245 -0.4035921 0.40563068 0.8117075 0.10571317
58 1 Car 0 0 0 0 0 0 0 1.7100098 1.9373113 5.0468216 17.424707 -1.5182788 3.4791794 0.028020706
58 2 Car 0 0 0 0 0 0 0 1.6376657 2.03147 3.9753995 -46.476063 -0.7303887 -1.4349914 -0.026179926
58 4 Car 0 0 0 0 0 0 0 1.949147 2.6407473 6.484989 -27.1964 -0.83457345 6.9194794 0.02617996
58 5 Car 0 0 0 0 0 0 0 1.4172266 1.7994263 4.1301975 -30.723284 -0.97232735 2.6915064 0.02617997
58 102 Car 0 0 0 0 0 0 0 1.7416849 1.9665527 4.0899625 -65.662315 -1.9297571 -1.5419403 0.03864738
58 105 Car 0 0 0 0 0 0 0 2.1287432 2.2046824 4.058891 -0.38690662 0.32253444 0.7730969 0.09102927
59 1 Car 0 0 0 0 0 0 0 1.7100098 1.9373112 5.046822 17.799913 -1.565509 3.5533228 0.028225247
59 2 Car 0 0 0 0 0 0 0 1.6376657 2.03147 3.9754 -46.53725 -0.5143678 -1.4880961 0.047335066
59 4 Car 0 0 0 0 0 0 0 1.949147 2.6407473 6.484989 -26.3757 -0.7728163 6.8402495 0.026179923
59 5 Car 0 0 0 0 0 0 0 1.4172266 1.7994266 4.1301975 -30.383026 -0.902316 2.7489016 0.02617994
59 102 Car 0 0 0 0 0 0 0 1.742129 1.9666177 4.0908723 -65.839935 -1.4619373 -1.5378554 0.038274277
59 105 Car 0 0 0 0 0 0 0 2.1292858 2.2046983 4.059901 -0.41710854 0.22988239 0.9674341 -0.014096332
60 1 Car 0 0 0 0 0 0 0 1.7100098 1.9373112 5.0468216 18.168484 -1.5286571 3.6047134 0.026179958
60 2 Car 0 0 0 0 0 0 0 1.6376657 2.0314703 3.9753976 -46.618317 -0.95834684 -1.5408747 0.08897844
60 4 Car 0 0 0 0 0 0 0 1.949147 2.6407475 6.484989 -25.422548 -0.7635597 6.6075506 0.026179885
60 5 Car 0 0 0 0 0 0 0 1.4172266 1.7994264 4.130196 -30.07611 -1.1816099 2.7589872 0.07853981
60 102 Car 0 0 0 0 0 0 0 1.7422919 1.9666417 4.091208 -65.55505 -1.2419964 -1.582454 0.038144846
60 105 Car 0 0 0 0 0 0 0 2.1294851 2.2047567 4.0601707 0.10041714 0.1811448 0.6254142 0.09051262
61 1 Car 0 0 0 0 0 0 0 1.7100099 1.9373112 5.046822 18.600601 -1.3518884 3.615059 0.07853985
61 2 Car 0 0 0 0 0 0 0 1.6376657 2.0314698 3.9753995 -46.878654 -0.9032631 -1.4097837 -0.026179956
61 4 Car 0 0 0 0 0 0 0 1.949147 2.640747 6.484989 -24.870876 -1.0212388 6.799424 0.026179923
61 5 Car 0 0 0 0 0 0 0 1.4172266 1.7994263 4.130198 -29.715721 -1.1653908 2.7240326 0.0785398
61 102 Car 0 0 0 0 0 0 0 1.7421008 1.9666326 4.0907755 -66.194466 -1.5830112 -1.655393 0.038791843
61 105 Car 0 0 0 0 0 0 0 2.1292515 2.2047744 4.0596933 -0.38664246 0.19715545 0.81861997 0.19591308
62 1 Car 0 0 0 0 0 0 0 1.71001 1.9373112 5.046821 18.994263 -1.4269277 3.6559243 0.026179913
62 2 Car 0 0 0 0 0 0 0 1.6376657 2.03147 3.9754 -46.898697 -0.7726205 -1.4385798 0.0011937724
62 4 Car 0 0 0 0 0 0 0 1.949147 2.6407473 6.484989 -23.802809 -0.917656 6.8281794 0.02617996
62 5 Car 0 0 0 0 0 0 0 1.4172266 1.7994263 4.130198 -29.356354 -1.1841574 2.78631 0.07853982
62 102 Car 0 0 0 0 0 0 0 1.742029 1.9666175 4.0906405 -66.39064 -1.7226228 -1.7034087 0.038856316
62 105 Car 0 0 0 0 0 0 0 2.1291637 2.2047539 4.0595627 -0.37370968 0.15427172 0.72913915 0.14360628
63 1 Car 0 0 0 0 0 0 0 1.71001 1.9373114 5.046822 19.387356 -1.4700158 3.688992 0.026179954
63 2 Car 0 0 0 0 0 0 0 1.6376657 2.03147 3.9753988 -46.880352 -0.7988329 -1.5046484 0.002762083
63 4 Car 0 0 0 0 0 0 0 1.949147 2.6407473 6.484989 -22.849968 -0.99640197 6.8306036 0.02617996
63 5 Car 0 0 0 0 0 0 0 1.4172266 1.7994263 4.130198 -29.009285 -1.2180839 2.7864947 0.07853982
63 102 Car 0 0 0 0 0 0 0 1.7422098 1.9666121 4.09107 -66.56508 -1.4833645 -1.6751237 0.038749117
63 105 Car 0 0 0 0 0 0 0 2.1293848 2.2047124 4.060058 -0.38469887 0.18092847 0.5163672 0.038749103
64 1 Car 0 0 0 0 0 0 0 1.7100098 1.9373112 5.046822 19.742764 -1.5644952 3.713965 0.026179906
64 2 Car 0 0 0 0 0 0 0 1.6376657 2.0314703 3.9754 -46.91886 -1.1116403 -1.5350927 0.0012002495
64 4 Car 0 0 0 0 0 0 0 1.949147 2.6407473 6.484989 -22.19643 -0.9500577 6.8590302 0.02617996
64 5 Car 0 0 0 0 0 0 0 1.4172266 1.7994266 4.1301975 -28.659615 -1.3899441 2.8167849 0.02617994
64 102 Car 0 0 0 0 0 0 0 1.7423286 1.9665989 4.091378 -66.75939 -1.1743156 -1.6058555 0.0384886
64 105 Car 0 0 0 0 0 0 0 2.12953 2.2046974 4.0603647 -0.31599426 0.21706489 0.5641608 0.038488578
65 1 Car 0 0 0 0 0 0 0 1.7100099 1.9373112 5.046821 20.102211 -1.3429028 3.7309966 0.026179958
65 2 Car 0 0 0 0 0 0 0 1.6376657 2.03147 3.9753995 -47.148365 -1.2102479 -1.6424596 -0.026179926
65 4 Car 0 0 0 0 0 0 0 1.9491471 2.640747 6.484989 -21.375858 -1.0795512 6.817247 0.026179923
65 5 Car 0 0 0 0 0 0 0 1.4172266 1.7994266 4.1301985 -28.318127 -1.5401372 2.8295908 0.026179962
65 102 Car 0 0 0 0 0 0 0 1.742121 1.966584 4.0909204 -66.936035 -1.5444971 -1.7061386 0.03862028
65 105 Car 0 0 0 0 0 0 0 2.129276 2.204681 4.0599084 -0.33314323 0.27032322 0.49523968 0.03862025
66 1 Car 0 0 0 0 0 0 0 1.7100099 1.9373112 5.046822 20.48713 -1.4450012 3.7669685 0.07853978
66 2 Car 0 0 0 0 0 0 0 1.6376657 2.0314698 3.9753995 -47.252625 -1.0354568 -1.6703742 0.026179956
66 4 Car 0 0 0 0 0 0 0 1.949147 2.6407475 6.484989 -20.51295 -0.8842665 6.8317084 0.026179885
66 5 Car 0 0 0 0 0 0 0 1.4172266 1.7994264 4.1301985 -27.993853 -1.2042617 2.8888712 0.026179934
66 102 Car 0 0 0 0 0 0 0 1.7419729 1.9665939 4.0905595 -67.10637 -1.8756946 -1.6665571 0.03843849
66 105 Car 0 0 0 0 0 0 0 2.1290953 2.2047167 4.059504 -0.36750698 0.28021774 0.6360159 0.0908136
67 1 Car 0 0 0 0 0 0 0 1.7100098 1.9373112 5.04682 20.85924 -1.434712 3.8362503 0.103875004
67 2 Car 0 0 0 0 0 0 0 1.6376657 2.03147 3.975397 -47.360558 -0.8160612 -1.4495778 -0.07853988
67 4 Car 0 0 0 0 0 0 0 1.949147 2.640747 6.484989 -19.724508 -0.9449998 7.0355697 0.026179923
67 5 Car 0 0 0 0 0 0 0 1.4172266 1.7994264 4.1301985 -27.65596 -1.1962335 2.8976607 0.026179947
67 102 Car 0 0 0 0 0 0 0 1.7420907 1.9666376 4.090748 -67.2697 -1.761772 -1.6924617 -0.014481686
67 105 Car 0 0 0 0 0 0 0 2.129239 2.2047565 4.059707 -0.35116005 0.101293206 1.0877757 0.03789193
68 1 Car 0 0 0 0 0 0 0 1.7100098 1.9373114 5.0468216 21.179289 -1.4244229 3.8987942 0.12921008
68 2 Car 0 0 0 0 0 0 0 1.6376657 2.03147 3.9753995 -47.272575 -0.7788329 -1.4728289 0.026179926
68 4 Car 0 0 0 0 0 0 0 1.949147 2.6407475 6.484989 -18.929905 -0.83457345 7.0264406 0.026179923
68 5 Car 0 0 0 0 0 0 0 1.4172266 1.7994266 4.1301975 -27.323778 -1.1875074 2.95441 0.026179954
68 102 Car 0 0 0 0 0 0 0 1.7422459 1.9666706 4.091042 -67.42938 -1.6059878 -1.6479728 0.037428044
68 105 Car 0 0 0 0 0 0 0 2.1294289 2.2047815 4.060022 -0.34435463 0.007368535 0.6463879 0.08979853
69 1 Car 0 0 0 0 0 0 0 1.71001 1.9373113 5.046821 21.526375 -1.3589965 3.954805 0.154544
69 2 Car 0 0 0 0 0 0 0 1.6376657 2.03147 3.9753997 -47.323883 -0.9403672 -1.463908 0.05709597
69 4 Car 0 0 0 0 0 0 0 1.949147 2.6407475 6.484989 -18.071436 -0.9636282 7.0354323 0.026179887
69 5 Car 0 0 0 0 0 0 0 1.4172266 1.7994264 4.1301985 -26.95801 -1.1857622 2.9554496 0.026179947
69 102 Car 0 0 0 0 0 0 0 1.7422628 1.9666743 4.091071 -67.59872 -1.5445181 -1.6496913 0.0373448
69 105 Car 0 0 0 0 0 0 0 2.1294498 2.2047806 4.060058 -0.39405918 0.048606694 0.5519028 0.089714855
70 1 Car 0 0 0 0 0 0 0 1.7100099 1.9373114 5.046822 21.873459 -1.3335698 4.0108156 0.060834087
70 2 Car 0 0 0 0 0 0 0 1.6376657 2.0314703 3.9753995 -47.496704 -0.84190154 -1.4095492 -0.02409866
70 4 Car 0 0 0 0 0 0 0 1.9491469 2.640747 6.484989 -17.294712 -1.1757314 7.064229 0.026179923
70 5 Car 0 0 0 0 0 0 0 1.4172266 1.7994266 4.1301985 -26.624971 -1.181015 2.913295 0.026179962
70 102 Car 0 0 0 0 0 0 0 1.742279 1.96667 4.09112 -67.80811 -1.5762622 -1.6363328 0.08979658
70 105 Car 0 0 0 0 0 0 0 2.1294694 2.2047815 4.0600944 -0.31972504 -0.007670611 0.67442256 0.037427202
71 1 Car 0 0 0 0 0 0 0 1.7100099 1.9373114 5.0468216 22.222675 -1.3031433 3.986855 0.09224522
71 2 Car 0 0 0 0 0 0 0 1.6376657 2.03147 3.9753985 -47.480103 -1.0334358 -1.383281 0.015419979
71 4 Car 0 0 0 0 0 0 0 1.9491471 2.6407473 6.484989 -16.43545 -1.1607842 7.1457925 0.02617996
71 5 Car 0 0 0 0 0 0 0 1.4172266 1.7994266 4.1301985 -26.255907 -1.17187 2.993019 0.026179947
71 102 Car 0 0 0 0 0 0 0 1.7422132 1.9666759 4.0909486 -67.992905 -1.6527034 -1.6358011 0.037774745
71 105 Car 0 0 0 0 0 0 0 2.1293888 2.2047842 4.0599375 -0.3970337 -0.37656224 0.8774353 0.037774723
72 1 Car 0 0 0 0 0 0 0 1.7100098 1.9373113 5.046821 22.72705 -1.3927166 3.9568648 0.09085685
72 2 Car 0 0 0 0 0 0 0 1.6376657 2.03147 3.9754004 -47.480515 -0.9549701 -1.4724665 0.02260964
72 4 Car 0 0 0 0 0 0 0 1.9491469 2.6407475 6.484989 -15.724596 -1.0752823 7.1754456 0.026179923
72 5 Car 0 0 0 0 0 0 0 1.4172266 1.7994266 4.1301985 -25.910805 -1.1684493 2.9200222 0.026179962
72 102 Car 0 0 0 0 0 0 0 1.7422068 1.966671 4.090941 -68.14615 -1.6782074 -1.6200557 0.037999682
72 105 Car 0 0 0 0 0 0 0 2.1293812 2.2047808 4.0599217 -0.40441895 0.20511404 0.9924917 0.082228646
73 1 Car 0 0 0 0 0 0 0 1.71001 1.9373112 5.0468216 23.071564 -1.5022902 4.0125127 0.089468434
73 2 Car 0 0 0 0 0 0 0 1.6376657 2.0314703 3.9753985 -47.621284 -0.9765045 -1.5072613 0.051072717
73 4 Car 0 0 0 0 0 0 0 1.949147 2.6407473 6.484989 -15.173322 -1.1422051 7.1906633 0.026179962
73 5 Car 0 0 0 0 0 0 0 1.4172266 1.7994266 4.1301975 -25.547356 -1.1613986 3.0179608 0.026179954
73 102 Car 0 0 0 0 0 0 0 1.7420114 1.9666735 4.09048 -68.24677 -1.9787492 -1.6243496 0.0383704
73 105 Car 0 0 0 0 0 0 0 2.1291423 2.2047815 4.0594687 -0.36812592 -0.4803049 0.76565886 0.054832622
74 1 Car 0 0 0 0 0 0 0 1.71001 1.9373113 5.046822 23.557495 -1.5318637 4.0457244 0.08807994
74 2 Car 0 0 0 0 0 0 0 1.6376657 2.0314703 3.9753993 -47.702503 -0.7680388 -1.5390118 0.068899035
74 4 Car 0 0 0 0 0 0 0 1.949147 2.640747 6.484989 -14.385313 -1.0614733 7.229267 0.026179923
74 5 Car 0 0 0 0 0 0 0 1.4172266 1.7994264 4.1301985 -25.188461 -1.0139822 3.0458732 0.026179947
74 102 Car 0 0 0 0 0 0 0 1.7422338 1.9666672 4.0910187 -68.43794 -1.8251114 -1.5931917 -0.014836431
74 105 Car 0 0 0 0 0 0 0 2.129414 2.2047791 4.0599923 -0.3122902 -0.07353109 0.5923992 0.037534263
75 1 Car 0 0 0 0 0 0 0 1.71001 1.9373113 5.046822 23.942896 -1.5814372 4.0699177 0.08669157
75 2 Car 0 0 0 0 0 0 0 1.6376657 2.03147 3.9753976 -47.666668 -0.94957316 -1.5401942 0.08672543
75 4 Car 0 0 0 0 0 0 0 1.9491471 2.640747 6.484989 -13.920553 -1.126606 7.2512336 0.026179923
75 5 Car 0 0 0 0 0 0 0 1.4172266 1.7994266 4.1301975 -24.859118 -1.2892613 2.9503622 0.026179954
75 102 Car 0 0 0 0 0 0 0 1.74243 1.9666691 4.091477 -68.58356 -1.482906 -1.5841132 0.036887895
75 105 Car 0 0 0 0 0 0 0 2.1296535 2.2047799 4.0604515 -0.3036852 -0.35975653 0.7176682 -0.015476938
76 1 Car 0 0 0 0 0 0 0 1.7100099 1.9373112 5.0468216 24.403711 -1.4310105 4.1007004 0.08530308
76 2 Car 0 0 0 0 0 0 0 1.6376657 2.0314703 3.9753995 -47.935463 -0.99110746 -1.4965054 0.10455175
76 4 Car 0 0 0 0 0 0 0 1.9491469 2.640747 6.4849896 -13.089447 -1.1343358 7.28736 0.02617992
76 5 Car 0 0 0 0 0 0 0 1.4172266 1.7994266 4.1301985 -24.477327 -1.299497 3.0391412 0.026179947
76 102 Car 0 0 0 0 0 0 0 1.7423248 1.966661 4.0912423 -68.76234 -1.6178702 -1.5573455 0.034941792
76 105 Car 0 0 0 0 0 0 0 2.1295252 2.2047682 4.06023 -0.33885765 -0.4513765 0.7975031 0.02838635
77 1 Car 0 0 0 0 0 0 0 1.71001 1.937311 5.046821 24.767307 -1.360584 4.083024 0.0839147
77 2 Car 0 0 0 0 0 0 0 1.6376657 2.03147 3.9753983 -47.83703 -0.83264184 -1.5142654 0.074139744
77 4 Car 0 0 0 0 0 0 0 1.9491469 2.6407475 6.484989 -12.324657 -1.1227411 7.3119116 0.026179923
77 5 Car 0 0 0 0 0 0 0 1.4172266 1.7994264 4.1301975 -24.107738 -1.2153034 3.0584235 0.026179925
77 102 Car 0 0 0 0 0 0 0 1.7421894 1.9666599 4.0909247 -71.27476 -1.992099 -1.6047173 0.035714947
77 105 Car 0 0 0 0 0 0 0 2.1293597 2.204765 4.059916 -2.6284637 -0.41654253 0.8136994 0.04211228
78 1 Car 0 0 0 0 0 0 0 1.71001 1.9373114 5.046822 25.184376 -1.5901575 4.029774 0.08252627
78 2 Car 0 0 0 0 0 0 0 1.6376657 2.03147 3.9753995 -47.870323 -0.7141762 -1.3744642 0.067846864
78 4 Car 0 0 0 0 0 0 0 1.9491471 2.6407475 6.484989 -11.53281 -1.1180382 7.328994 0.026179885
78 5 Car 0 0 0 0 0 0 0 1.4172266 1.7994266 4.1301975 -23.775942 -1.1144521 3.0270596 0.026179954
78 102 Car 0 0 0 0 0 0 0 1.7424315 1.9666643 4.0914855 -69.04175 -1.5045342 -1.5609626 0.035907667
78 105 Car 0 0 0 0 0 0 0 2.1296554 2.2047656 4.0604787 -0.39185524 -0.3811052 0.6904758 -0.01645672
79 1 Car 0 0 0 0 0 0 0 1.7100099 1.9373114 5.046822 25.59273 -1.3747504 4.0058885 0.08090538
79 2 Car 0 0 0 0 0 0 0 1.6376657 2.03147 3.9753976 -47.89134 -0.86594486 -1.42728 0.06155406
79 4 Car 0 0 0 0 0 0 0 1.949147 2.640747 6.484989 -10.723224 -1.1707386 7.363221 0.026179923
79 5 Car 0 0 0 0 0 0 0 1.4172266 1.7994266 4.1301975 -23.431786 -1.1948009 3.0439117 0.026179954
79 102 Car 0 0 0 0 0 0 0 1.7421259 1.966498 4.091108 -69.20958 -1.7339431 -1.5152967 0.035975665
79 105 Car 0 0 0 0 0 0 0 2.1292822 2.2046187 4.060034 -0.33206367 -0.51918525 0.8027464 0.09896224
80 1 Car 0 0 0 0 0 0 0 1.7100099 1.9373112 5.0468216 26.00108 -1.2893435 3.9820025 0.079284385
80 2 Car 0 0 0 0 0 0 0 1.6376657 2.03147 3.9753973 -47.980804 -0.8188329 -1.2638655 -0.06945389
80 4 Car 0 0 0 0 0 0 0 1.9491471 2.640747 6.484989 -9.901776 -1.0972705 7.322074 0.026179923
80 5 Car 0 0 0 0 0 0 0 1.4172266 1.7994266 4.1301975 -23.04855 -1.049714 3.0728352 0.026179954
80 102 Car 0 0 0 0 0 0 0 1.741951 1.966342 4.0910344 -69.28051 -1.7277937 -1.5609481 0.035850253
80 105 Car 0 0 0 0 0 0 0 2.1290684 2.2043796 4.060074 -0.33121586 -0.048823774 0.71000725 -0.0009842956
81 1 Car 0 0 0 0 0 0 0 1.7100099 1.9373114 5.046821 26.409433 -1.4339364 3.958117 0.077663444
81 2 Car 0 0 0 0 0 0 0 1.6376657 2.0314703 3.975399 -48.029922 -1.1008037 -1.3693026 -0.07853983
81 4 Car 0 0 0 0 0 0 0 1.9491471 2.6407473 6.484989 -9.143689 -1.0323905 7.3506823 0.02617996
81 5 Car 0 0 0 0 0 0 0 1.4172266 1.7994266 4.1301975 -22.707054 -1.2632065 3.0820756 0.026179954
81 102 Car 0 0 0 0 0 0 0 1.7420654 1.9663801 4.0912175 -69.40068 -1.7551564 -1.5278314 -0.016704153
81 105 Car 0 0 0 0 0 0 0 2.129208 2.2044835 4.060141 -0.3789053 0.20190689 0.90433586 0.028662259
82 1 Car 0 0 0 0 0 0 0 1.7100099 1.9373114 5.0468216 26.817785 -1.2885295 3.9342313 0.076042525
82 2 Car 0 0 0 0 0 0 0 1.6376659 2.0314698 3.9753985 -48.111176 -1.2602592 -1.3020598 -0.009588358
82 4 Car 0 0 0 0 0 0 0 1.949147 2.640747 6.484989 -8.306084 -1.0290196 7.361215 0.026179925
82 5 Car 0 0 0 0 0 0 0 1.4172266 1.7994266 4.1301985 -22.369936 -1.2116449 3.0641856 0.026179947
82 102 Car 0 0 0 0 0 0 0 1.7420782 1.9665651 4.090868 -69.603546 -1.9591526 -1.5437672 0.03553341
82 105 Car 0 0 0 0 0 0 0 2.1292238 2.2046852 4.0598073 -0.383852 0.15134785 0.562044 0.08790377
83 1 Car 0 0 0 0 0 0 0 1.71001 1.9373116 5.046822 27.221676 -1.6331224 3.9701796 0.07442162
83 2 Car 0 0 0 0 0 0 0 1.6376657 2.0314703 3.9754 -48.148785 -0.71924615 -1.1787113 -0.12009559
83 4 Car 0 0 0 0 0 0 0 1.9491471 2.6407475 6.484989 -7.49433 -1.026532 7.397199 0.026179887
83 5 Car 0 0 0 0 0 0 0 1.4172266 1.7994266 4.1301985 -21.958263 -1.0641245 3.11279 0.026179977
83 102 Car 0 0 0 0 0 0 0 1.7417336 1.9665428 4.090104 -69.72699 -2.4932394 -1.5114099 -0.016935848
83 105 Car 0 0 0 0 0 0 0 2.1288028 2.204635 4.059096 -0.38976097 0.05786261 0.8428974 -0.016935848
84 1 Car 0 0 0 0 0 0 0 1.7100099 1.9373112 5.046821 27.627796 -1.6377155 3.9762106 0.072800644
84 2 Car 0 0 0 0 0 0 0 1.6376657 2.0314703 3.975399 -48.197388 -0.49461985 -1.1977444 -0.12751447
84 4 Car 0 0 0 0 0 0 0 1.949147 2.6407475 6.484989 -6.7117085 -1.0232542 7.376481 0.026179923
84 5 Car 0 0 0 0 0 0 0 1.4172266 1.7994266 4.1301985 -21.616371 -0.9099134 3.1150718 0.026179947
84 102 Car 0 0 0 0 0 0 0 1.7414087 1.9664453 4.089546 -69.809494 -2.526083 -1.5226262 -0.016789436
84 105 Car 0 0 0 0 0 0 0 2.1284056 2.2045822 4.0584393 -0.36653996 0.6095463 0.78012437 0.035595417
85 1 Car 0 0 0 0 0 0 0 1.7100098 1.9373114 5.046822 28.033918 -1.6323082 3.9822416 0.07117974
85 2 Car 0 0 0 0 0 0 0 1.6376657 2.0314698 3.9753995 -48.22124 -0.6595251 -1.4622926 0.026179956
85 4 Car 0 0 0 0 0 0 0 1.9491469 2.6407473 6.484989 -5.9101033 -1.0270202 7.4456444 0.02617996
85 5 Car 0 0 0 0 0 0 0 1.4172266 1.7994266 4.1301985 -21.2737 -1.0902597 3.0819287 0.026179977
85 102 Car 0 0 0 0 0 0 0 1.741505 1.9664106 4.08984 -69.91092 -2.365261 -1.4718294 0.03585329
85 105 Car 0 0 0 0 0 0 0 2.1285233 2.2046907 4.0584574 -0.5231676 0.6752206 0.95157194 0.25537118
85 107 Car 0 0 0 0 0 0 0 2.246293 2.3952594 5.1627874 -97.26381 -3.2378728 1.292969 0.03585318
86 1 Car 0 0 0 0 0 0 0 1.71001 1.9373113 5.0468216 28.591082 -1.6669014 3.9987957 0.06955878
86 2 Car 0 0 0 0 0 0 0 1.6376657 2.0314703 3.9753985 -48.26802 -0.9415708 -1.3439142 0.045833282
86 4 Car 0 0 0 0 0 0 0 1.9491471 2.6407475 6.484989 -5.131376 -1.081718 7.473976 0.026179885
86 5 Car 0 0 0 0 0 0 0 1.4172266 1.7994264 4.1301975 -20.908997 -1.1971455 3.0651724 0.026179925
86 102 Car 0 0 0 0 0 0 0 1.741631 1.966451 4.0900526 -70.10931 -2.4479098 -1.5042617 0.036412865
86 105 Car 0 0 0 0 0 0 0 2.1286774 2.2045803 4.0589547 -0.3851862 0.4393385 0.79445374 0.08711756
86 107 Car 0 0 0 0 0 0 0 2.246456 2.395309 5.1630445 -97.04179 -3.0391564 1.3124087 0.036412872
87 1 Car 0 0 0 0 0 0 0 1.7100098 1.9373114 5.0468216 28.850237 -1.7014943 3.9344425 0.06793786
87 2 Car 0 0 0 0 0 0 0 1.6376657 2.03147 3.9753995 -48.226555 -0.76064104 -1.3361115 -0.026179926
87 4 Car 0 0 0 0 0 0 0 1.949147 2.6407473 6.484989 -4.359518 -1.1182417 7.4791894 0.02617996
87 5 Car 0 0 0 0 0 0 0 1.4172266 1.7994266 4.1301975 -20.549042 -1.1474681 3.094232 0.026179954
87 102 Car 0 0 0 0 0 0 0 1.7417848 1.9664795 4.0903554 -72.550446 -2.2591023 -1.5806165 0.036499843
87 105 Car 0 0 0 0 0 0 0 2.1288652 2.204606 4.0592704 -2.636382 0.11003506 0.5690294 0.088874854
88 1 Car 0 0 0 0 0 0 0 1.7100098 1.9373112 5.046821 29.220537 -1.6560874 3.9079056 0.06631695
88 2 Car 0 0 0 0 0 0 0 1.6376657 2.03147 3.9753983 -48.22674 -0.81545806 -1.3526748 0.0027006704
88 4 Car 0 0 0 0 0 0 0 1.949147 2.6407475 6.484989 -3.5168316 -1.0551763 7.4847145 0.026179885
88 5 Car 0 0 0 0 0 0 0 1.4172266 1.7994266 4.1301975 -20.179024 -1.1869035 3.0842252 0.026179954
88 102 Car 0 0 0 0 0 0 0 1.7419701 1.9664679 4.0908165 -70.297615 -2.0218368 -1.595428 0.03706518
88 105 Car 0 0 0 0 0 0 0 2.1290917 2.204512 4.059878 -0.31533432 -0.13417076 0.74613047 -0.015301703
88 107 Car 0 0 0 0 0 0 0 2.246893 2.395287 5.1641026 -96.642365 -2.5689473 1.2080183 -0.0153017
89 1 Car 0 0 0 0 0 0 0 1.71001 1.9373114 5.0468206 29.792336 -1.5506413 3.8944235 0.06469604
89 2 Car 0 0 0 0 0 0 0 1.6376657 2.03147 3.9753997 -48.225113 -0.89027506 -1.3895223 0.031581253
89 4 Car 0 0 0 0 0 0 0 1.9491471 2.6407475 6.484989 -2.7279093 -1.0942969 7.4851584 0.026179885
89 5 Car 0 0 0 0 0 0 0 1.4172266 1.7994263 4.130198 -19.823042 -1.1760094 3.0401893 0.07853985
89 102 Car 0 0 0 0 0 0 0 1.7419633 1.9664849 4.0907607 -70.419365 -1.9518689 -1.6189567 0.037919696
89 105 Car 0 0 0 0 0 0 0 2.1290836 2.204541 4.059804 -0.30597305 -0.116618365 0.68774223 -0.0015353935
89 107 Car 0 0 0 0 0 0 0 2.2468843 2.39535 5.163941 -96.374374 -2.5224113 1.1674801 0.03791967
90 1 Car 0 0 0 0 0 0 0 1.7100099 1.937311 5.046823 30.262863 -1.4951952 3.8844 0.06307506
90 2 Car 0 0 0 0 0 0 0 1.6376657 2.0314703 3.9754016 -48.38313 -1.0950922 -1.4207577 -0.017394612
90 4 Car 0 0 0 0 0 0 0 1.9491469 2.6407475 6.484989 -1.9093707 -1.0531275 7.5545816 -0.026179923
90 5 Car 0 0 0 0 0 0 0 1.4172266 1.7994264 4.1301985 -19.446482 -1.394877 3.066484 0.026179947
90 102 Car 0 0 0 0 0 0 0 1.7419958 1.9665151 4.0907764 -70.51029 -1.9881449 -1.6721928 0.038302667
90 105 Car 0 0 0 0 0 0 0 2.1291232 2.204562 4.05984 -0.30481243 0.03363219 0.6766083 -0.024265414
90 107 Car 0 0 0 0 0 0 0 2.2469263 2.395387 5.163957 -96.30493 -2.4943008 1.2305672 0.038302686
91 1 Car 0 0 0 0 0 0 0 1.7100098 1.9373112 5.046821 30.733389 -1.439749 3.874377 0.061454136
91 2 Car 0 0 0 0 0 0 0 1.6376657 2.03147 3.9754004 -48.461784 -0.91990924 -1.4471889 -0.027442217
91 4 Car 0 0 0 0 0 0 0 1.949147 2.6407475 6.484989 -1.1586672 -1.0917839 7.4878283 0.026179885
91 5 Car 0 0 0 0 0 0 0 1.4172266 1.7994267 4.1301975 -19.11177 -1.3831508 3.1083798 0.026179982
91 102 Car 0 0 0 0 0 0 0 1.7420161 1.9665301 4.090793 -70.61392 -2.0096507 -1.6477481 0.038540844
91 105 Car 0 0 0 0 0 0 0 2.1291475 2.2045646 4.0598783 -0.28779316 -0.24969243 0.64890134 -0.04713979
91 107 Car 0 0 0 0 0 0 0 2.246952 2.3954048 5.1639795 -96.101166 -2.4133842 1.19595 0.03854085
92 1 Car 0 0 0 0 0 0 0 1.7100098 1.9373116 5.0468225 31.203917 -1.3843029 3.864354 0.0598332
92 2 Car 0 0 0 0 0 0 0 1.6376657 2.03147 3.9754 -48.5794 -0.91472626 -1.4518294 -0.037489872
92 4 Car 0 0 0 0 0 0 0 1.9491471 2.6407475 6.484989 -0.30639887 -1.0978574 7.570236 -0.026179923
92 5 Car 0 0 0 0 0 0 0 1.4172266 1.7994264 4.1301975 -18.745975 -1.3711452 3.0842254 0.026179925
92 102 Car 0 0 0 0 0 0 0 1.7420793 1.9665335 4.090931 -70.72185 -1.865797 -1.6863921 0.03902495
92 105 Car 0 0 0 0 0 0 0 2.1292253 2.2045586 4.0600414 -0.42475986 -0.00601092 0.6349336 -0.06976427
92 107 Car 0 0 0 0 0 0 0 2.2470336 2.395409 5.1641607 -95.85857 -2.3418956 1.2170552 0.039024852
93 1 Car 0 0 0 0 0 0 0 1.71001 1.9373114 5.0468225 31.674442 -1.3288571 3.854331 0.05821226
93 2 Car 0 0 0 0 0 0 0 1.6376657 2.03147 3.9754 -48.32112 -0.89954334 -1.5046588 -0.04753752
93 4 Car 0 0 0 0 0 0 0 1.949147 2.6407473 6.484989 0.44359994 -1.1019062 7.50072 0.02617996
93 5 Car 0 0 0 0 0 0 0 1.4172266 1.7994266 4.1301975 -18.394688 -1.3573251 3.1182265 0.026179954
93 102 Car 0 0 0 0 0 0 0 1.7421618 1.9665484 4.091096 -70.80906 -1.8523092 -1.7139398 0.039303422
93 105 Car 0 0 0 0 0 0 0 2.129326 2.204573 4.060205 -0.5125828 -0.15895176 0.63112867 -0.09259333
93 107 Car 0 0 0 0 0 0 0 2.2471404 2.3954277 5.164362 -95.68673 -2.3469086 1.193973 0.039303456
94 1 Car 0 0 0 0 0 0 0 1.7100099 1.9373114 5.046822 32.144966 -1.2734109 3.844308 0.056591295
94 2 Car 0 0 0 0 0 0 0 1.6376657 2.03147 3.9754004 -48.510685 -0.8843605 -1.3808585 -0.057585124
94 4 Car 0 0 0 0 0 0 0 1.949147 2.6407475 6.484989 1.3023379 -1.1065137 7.5076118 0.026179923
94 5 Car 0 0 0 0 0 0 0 1.4172266 1.7994266 4.130198 -18.044199 -1.3433654 3.102641 0.02617998
94 102 Car 0 0 0 0 0 0 0 1.7422911 1.9665655 4.091354 -70.95204 -1.6786609 -1.7601025 0.039352752
94 105 Car 0 0 0 0 0 0 0 2.1294842 2.204659 4.0603447 -0.5146532 -0.20861389 0.7065447 0.03520465
94 107 Car 0 0 0 0 0 0 0 2.247307 2.3954482 5.164693 -95.56859 -1.8856729 1.2025249 0.03935275
95 1 Car 0 0 0 0 0 0 0 1.7100098 1.9373114 5.046821 32.615494 -1.2179648 3.8342848 0.054970395
95 2 Car 0 0 0 0 0 0 0 1.6376657 2.0314703 3.9753993 -48.61058 -0.88917756 -1.414436 -0.06763281
95 4 Car 0 0 0 0 0 0 0 1.9491471 2.6407475 6.484989 2.0835469 -1.1137738 7.507615 0.026179885
95 5 Car 0 0 0 0 0 0 0 1.4172266 1.7994266 4.1301975 -17.652191 -1.3433654 3.0679393 0.026179954
95 102 Car 0 0 0 0 0 0 0 1.7420791 1.966511 4.0909767 -70.99713 -1.8446991 -1.7896135 -0.012214929
95 105 Car 0 0 0 0 0 0 0 2.1292253 2.2046556 4.0598574 -0.41718006 0.08193162 0.90068483 0.08832706
95 107 Car 0 0 0 0 0 0 0 2.247034 2.3954144 5.164141 -95.367775 -2.294872 1.0835257 0.04015266
96 1 Car 0 0 0 0 0 0 0 1.7100099 1.9373112 5.0468206 33.08496 -1.2025187 3.844077 0.053349487
96 2 Car 0 0 0 0 0 0 0 1.6376657 2.03147 3.9753978 -48.70259 -0.89399457 -1.3255776 -0.077680476
96 4 Car 0 0 0 0 0 0 0 1.949147 2.6407475 6.484989 2.9291332 -1.1221511 7.6126556 -0.026179923
96 5 Car 0 0 0 0 0 0 0 1.4172267 1.7994267 4.1301985 -17.297123 -1.3180981 3.1302257 0.026179977
96 102 Car 0 0 0 0 0 0 0 1.7419882 1.9665009 4.0907817 -71.08953 -2.0005794 -1.6782668 0.040487982
96 105 Car 0 0 0 0 0 0 0 2.129114 2.2046514 4.0596566 -0.41109467 0.20775238 0.9897913 0.14098835
96 107 Car 0 0 0 0 0 0 0 2.2469163 2.3953698 5.1639667 -95.20314 -2.3365295 1.1397913 0.040487938
97 1 Car 0 0 0 0 0 0 0 1.7100098 1.9373112 5.04682 33.550827 -1.2270725 3.9237766 0.051728528
97 2 Car 0 0 0 0 0 0 0 1.6376657 2.0314703 3.9753997 -48.637756 -0.88381165 -1.3934556 -0.08772805
97 4 Car 0 0 0 0 0 0 0 1.949147 2.640747 6.484989 3.6513186 -1.130947 7.545121 0.026179923
97 5 Car 0 0 0 0 0 0 0 1.4172266 1.7994267 4.1301985 -16.876787 -1.3084658 3.1278458 0.026179977
97 102 Car 0 0 0 0 0 0 0 1.7419872 1.9664885 4.0908055 -73.52439 -1.9990201 -1.7956655 0.040401578
97 105 Car 0 0 0 0 0 0 0 2.1291125 2.2046509 4.0596533 -2.801096 0.09413439 0.8020532 0.16026403
98 1 Car 0 0 0 0 0 0 0 1.7100099 1.9373112 5.0468216 34.02076 -1.2416265 3.9235802 0.050107576
98 2 Car 0 0 0 0 0 0 0 1.6376657 2.0314703 3.9754007 -48.708794 -0.89365286 -1.4638413 -0.030774066
98 4 Car 0 0 0 0 0 0 0 1.9491471 2.6407473 6.484989 4.480626 -1.066634 7.5622816 0.02617996
98 5 Car 0 0 0 0 0 0 0 1.4172266 1.7994267 4.130198 -16.524258 -1.294506 3.1467757 0.02617998
98 102 Car 0 0 0 0 0 0 0 1.7420962 1.9665623 4.090915 -71.22651 -1.914137 -1.677585 0.09240121
98 105 Car 0 0 0 0 0 0 0 2.1292458 2.2046776 4.059858 -0.50013447 0.0026060343 0.87206304 0.13530296
98 107 Car 0 0 0 0 0 0 0 2.247056 2.3954144 5.1641984 -94.75531 -2.3476264 1.1914062 0.040032767
99 2 Car 0 0 0 0 0 0 0 1.6376657 2.03147 3.9753995 -48.77983 -0.90349406 -1.5342271 0.02617993
99 4 Car 0 0 0 0 0 0 0 1.9491469 2.6407475 6.484989 5.1032915 -1.198458 7.5504317 0.026179925
99 5 Car 0 0 0 0 0 0 0 1.4172266 1.7994267 4.130198 -16.161583 -1.2875261 3.135333 0.02617998
99 102 Car 0 0 0 0 0 0 0 1.7421834 1.9666646 4.090905 -71.29292 -1.9943694 -1.6019642 0.039458804
99 105 Car 0 0 0 0 0 0 0 2.1293523 2.2047768 4.0598764 -0.4519024 -0.032544956 0.8539034 0.08256128
99 107 Car 0 0 0 0 0 0 0 2.247168 2.3955684 5.1641226 -94.66444 -2.4708827 1.2040999 0.039458793
100 2 Car 0 0 0 0 0 0 0 1.6376657 2.03147 3.975401 -48.747257 -0.76861435 -1.4851998 -0.0042682644
100 4 Car 0 0 0 0 0 0 0 1.949147 2.6407475 6.484989 5.7605247 -1.2399955 7.5791016 0.026179923
100 5 Car 0 0 0 0 0 0 0 1.4172266 1.7994264 4.1301985 -15.808876 -1.2700765 3.141915 0.026179919
100 102 Car 0 0 0 0 0 0 0 1.7421412 1.9666698 4.090788 -72.09148 -2.0553672 -1.6585325 0.039477024
100 105 Car 0 0 0 0 0 0 0 2.1293006 2.204774 4.0597873 -1.1768532 -0.010377198 0.839024 0.06920989
100 107 Car 0 0 0 0 0 0 0 2.2471137 2.395575 5.1639776 -95.17624 -2.3914514 1.2438157 0.039476987
101 2 Car 0 0 0 0 0 0 0 1.6376657 2.03147 3.9753995 -48.44506 -0.885337 -1.524305 0.026179923
101 4 Car 0 0 0 0 0 0 0 1.949147 2.640747 6.484989 6.9024324 -1.2569845 7.5743227 0.026179923
101 5 Car 0 0 0 0 0 0 0 1.4172266 1.7994263 4.130198 -15.432955 -1.2864094 3.1643329 0.07853976
101 102 Car 0 0 0 0 0 0 0 1.741968 1.9666672 4.0903983 -72.16627 -2.314375 -1.7016999 0.039497726
101 105 Car 0 0 0 0 0 0 0 2.129089 2.2047725 4.059392 -1.1593142 0.13911906 0.7803447 0.050909534
101 107 Car 0 0 0 0 0 0 0 2.2468903 2.3955722 5.1634855 -94.98723 -2.915338 1.1856112 0.03949765
102 2 Car 0 0 0 0 0 0 0 1.6376657 2.03147 3.975397 -48.831173 -0.68361664 -1.3450829 -0.07853987
102 4 Car 0 0 0 0 0 0 0 1.9491469 2.6407475 6.484989 7.6148596 -1.2736242 7.616603 0.026179925
102 5 Car 0 0 0 0 0 0 0 1.4172266 1.7994263 4.1301985 -15.078453 -1.2623985 3.1775062 0.078539774
102 102 Car 0 0 0 0 0 0 0 1.7421288 1.9666727 4.090755 -72.22276 -2.089157 -1.716711 0.04021354
102 105 Car 0 0 0 0 0 0 0 2.129286 2.20478 4.0597444 -1.1436453 0.049423814 0.7747543 0.03330197
102 107 Car 0 0 0 0 0 0 0 2.247098 2.395579 5.163934 -94.83677 -2.59969 1.1618754 0.040213555
103 2 Car 0 0 0 0 0 0 0 1.6376657 2.03147 3.9753995 -48.828888 -0.7056392 -1.5202961 0.026179923
103 4 Car 0 0 0 0 0 0 0 1.9491471 2.6407475 6.484989 8.614581 -1.2471246 7.671357 0.026179925
103 5 Car 0 0 0 0 0 0 0 1.4172266 1.7994263 4.1301985 -14.724609 -1.2677033 3.181981 0.0785398
103 102 Car 0 0 0 0 0 0 0 1.7422315 1.9666551 4.091035 -72.30961 -2.0091314 -1.7415001 0.04056347
103 105 Car 0 0 0 0 0 0 0 2.1294112 2.2047555 4.06003 -1.083909 -0.17331444 0.7292446 0.015331572
103 107 Car 0 0 0 0 0 0 0 2.2472303 2.3955574 5.164288 -94.63762 -2.302278 1.231802 0.04056343
104 2 Car 0 0 0 0 0 0 0 1.6376657 2.0314698 3.9753978 -48.887947 -0.85276294 -1.5683826 0.056775637
104 4 Car 0 0 0 0 0 0 0 1.9491471 2.640747 6.484989 9.51273 -1.2484273 7.73806 0.02617992
104 5 Car 0 0 0 0 0 0 0 1.4172266 1.7994266 4.130198 -14.378891 -1.3193854 3.1725168 0.02617995
104 102 Car 0 0 0 0 0 0 0 1.7423992 1.9666686 4.091404 -72.34044 -1.7513355 -1.7610989 0.04048962
104 105 Car 0 0 0 0 0 0 0 2.1296163 2.2047715 4.0604 -1.1962919 -0.6247685 0.6866822 -0.0030596606
104 107 Car 0 0 0 0 0 0 0 2.2474465 2.3955777 5.1647496 -94.45621 -1.670514 1.1177835 0.09285526
105 2 Car 0 0 0 0 0 0 0 1.6376657 2.0314698 3.9753995 -48.930515 -0.8860111 -1.4549199 -0.026179926
105 4 Car 0 0 0 0 0 0 0 1.9491469 2.6407473 6.484989 10.105391 -1.2631295 7.704119 0.02617996
105 5 Car 0 0 0 0 0 0 0 1.4172266 1.7994264 4.1301975 -13.996362 -1.3032653 3.2435875 0.026179982
105 102 Car 0 0 0 0 0 0 0 1.7423716 1.9666737 4.091329 -72.4107 -1.7496943 -1.7237486 0.040208187
105 105 Car 0 0 0 0 0 0 0 2.129583 2.2047837 4.0603094 -1.082346 -0.7231778 0.6520433 -0.021662002
105 107 Car 0 0 0 0 0 0 0 2.2474113 2.39558 5.1646605 -94.34183 -1.7510297 1.1927588 0.040208165
106 2 Car 0 0 0 0 0 0 0 1.6376657 2.03147 3.9753985 -48.9683 -0.9457322 -1.326436 0.0030452195
106 4 Car 0 0 0 0 0 0 0 1.949147 2.6407475 6.484989 11.022425 -1.2785763 7.714849 0.02617992
106 5 Car 0 0 0 0 0 0 0 1.4172266 1.7994267 4.130198 -13.661043 -1.2944726 3.2707887 0.02617998
106 102 Car 0 0 0 0 0 0 0 1.742337 1.9666519 4.091292 -72.44182 -1.7914441 -1.6875219 0.03963087
106 105 Car 0 0 0 0 0 0 0 2.1295402 2.2047696 4.0602565 -1.1166582 -0.54316247 0.5950651 -0.040559337
106 107 Car 0 0 0 0 0 0 0 2.2473664 2.3955534 5.164612 -94.12273 -1.6901069 1.3151519 0.03963083
107 2 Car 0 0 0 0 0 0 0 1.6376657 2.03147 3.9753988 -49.037704 -0.9863832 -1.4671328 0.05277563
107 4 Car 0 0 0 0 0 0 0 1.949147 2.6407473 6.484989 11.9822645 -1.2546743 7.8914022 0.02617996
107 5 Car 0 0 0 0 0 0 0 1.4172267 1.7994266 4.130198 -13.30048 -1.3057078 3.2739105 0.02617995
107 102 Car 0 0 0 0 0 0 0 1.7423564 1.9666479 4.091344 -72.4372 -1.6976132 -1.6976675 -0.012751114
107 105 Car 0 0 0 0 0 0 0 2.1295638 2.2047532 4.0603247 -1.1177235 -0.5059599 0.6908349 -0.015248464
107 107 Car 0 0 0 0 0 0 0 2.2473915 2.3955376 5.164696 -93.9494 -1.7088108 1.2958668 0.039614495
108 2 Car 0 0 0 0 0 0 0 1.6376657 2.03147 3.975399 -49.004364 -1.0058484 -1.3953099 0.00012822334
108 4 Car 0 0 0 0 0 0 0 1.949147 2.6407473 6.484989 12.875303 -1.054754 7.899208 0.02617996
108 5 Car 0 0 0 0 0 0 0 1.4172266 1.7994264 4.130198 -12.918266 -1.3338054 3.315009 0.02617998
108 102 Car 0 0 0 0 0 0 0 1.7423689 1.9666606 4.0913486 -72.47847 -1.6799086 -1.6484176 0.03961375
108 105 Car 0 0 0 0 0 0 0 2.1295793 2.2047787 4.0603046 -1.1334915 -0.45613688 0.5562434 -0.07721536
108 107 Car 0 0 0 0 0 0 0 2.2474077 2.395564 5.164681 -93.75191 -1.6587213 1.2376082 0.03961379
109 2 Car 0 0 0 0 0 0 0 1.6376657 2.0314698 3.9753995 -49.014225 -1.0266389 -1.3343651 -0.026179926
109 4 Car 0 0 0 0 0 0 0 1.949147 2.6407475 6.484989 13.73551 -1.1480554 7.727895 0.026179958
109 5 Car 0 0 0 0 0 0 0 1.4172267 1.7994264 4.130198 -12.5800295 -1.322638 3.3074713 0.02617998
109 102 Car 0 0 0 0 0 0 0 1.7423195 1.9666665 4.0912175 -72.50768 -1.73647 -1.635458 0.039773073
109 105 Car 0 0 0 0 0 0 0 2.1295185 2.2047696 4.0602098 -1.2589455 -0.43083102 0.77170193 0.07488103
109 107 Car 0 0 0 0 0 0 0 2.2473435 2.3955717 5.164519 -93.61595 -1.852458 1.2558889 0.039773062
110 2 Car 0 0 0 0 0 0 0 1.6376657 2.0314703 3.975398 -49.025043 -0.933542 -1.2934657 0.043343235
110 4 Car 0 0 0 0 0 0 0 1.9491469 2.6407475 6.484989 14.499186 -1.2402891 7.7278037 0.026179885
110 5 Car 0 0 0 0 0 0 0 1.4172267 1.7994264 4.130198 -12.228922 -1.2993726 3.3392954 0.02617998
110 102 Car 0 0 0 0 0 0 0 1.742187 1.9666736 4.0908957 -71.80335 -2.0346625 -1.5786871 0.039505903
110 105 Car 0 0 0 0 0 0 0 2.1293566 2.2047806 4.059882 -0.45575714 -0.31535348 0.6334955 -0.029777553
110 107 Car 0 0 0 0 0 0 0 2.2471728 2.3955798 5.164109 -92.73737 -2.2764776 1.3334309 0.039505918
111 2 Car 0 0 0 0 0 0 0 1.6376657 2.03147 3.9753995 -49.06199 -0.90529054 -1.2780914 0.026179928
111 4 Car 0 0 0 0 0 0 0 1.9491471 2.6407475 6.484989 15.21382 -1.199613 7.75204 0.026179884
111 5 Car 0 0 0 0 0 0 0 1.4172266 1.7994264 4.130198 -11.735746 -1.2854131 3.379489 0.02617998
111 102 Car 0 0 0 0 0 0 0 1.7421219 1.9666729 4.090742 -72.56784 -2.1454744 -1.6002276 -0.013346784
111 105 Car 0 0 0 0 0 0 0 2.1292772 2.2047808 4.0597277 -1.16467 -0.018349916 0.6993995 -0.013346808
111 107 Car 0 0 0 0 0 0 0 2.247089 2.3955808 5.163909 -93.257034 -2.2676065 1.3661711 0.039027512
112 2 Car 0 0 0 0 0 0 0 1.6376657 2.03147 3.9753993 -49.171112 -0.805523 -1.2676004 0.008488141
112 4 Car 0 0 0 0 0 0 0 1.9491469 2.6407475 6.4849887 16.207752 -1.3624724 7.8367605 0.026179925
112 5 Car 0 0 0 0 0 0 0 1.4172266 1.7994263 4.130198 -11.378058 -1.2872744 3.3480268 0.07853985
112 102 Car 0 0 0 0 0 0 0 1.7420802 1.9666742 4.0906425 -72.57096 -2.2256277 -1.5826956 -0.01401762
112 105 Car 0 0 0 0 0 0 0 2.1292262 2.2047758 4.0596447 -1.2304926 -0.09384471 0.7399998 0.14310887
112 107 Car 0 0 0 0 0 0 0 2.2470355 2.3955824 5.163787 -93.03616 -2.5627446 1.4067802 0.038357932
113 2 Car 0 0 0 0 0 0 0 1.6376657 2.0314703 3.9753995 -49.11216 -0.8188329 -1.2167115 -0.020459246
113 4 Car 0 0 0 0 0 0 0 1.949147 2.6407475 6.4849887 16.88036 -1.5420073 7.7867346 0.026179887
113 5 Car 0 0 0 0 0 0 0 1.4172266 1.7994261 4.130198 -11.060937 -1.2975111 3.394824 0.07853979
113 102 Car 0 0 0 0 0 0 0 1.7421317 1.9666708 4.090773 -72.60102 -2.1669152 -1.5728583 -0.014591498
113 105 Car 0 0 0 0 0 0 0 2.1292892 2.2047832 4.0597525 -1.1847553 -0.017412037 0.5847037 0.08830538
113 107 Car 0 0 0 0 0 0 0 2.2471013 2.395581 5.1639485 -92.92549 -2.3549905 1.4164944 0.037782356
114 2 Car 0 0 0 0 0 0 0 1.6376657 2.0314698 3.9753995 -49.0254 -0.8862204 -1.166702 0.026179926
114 4 Car 0 0 0 0 0 0 0 1.949147 2.6407475 6.484989 17.972662 -1.5299139 7.8854036 0.026179923
114 5 Car 0 0 0 0 0 0 0 1.4172266 1.7994263 4.130198 -10.724455 -1.3159198 3.4071283 0.07853985
114 102 Car 0 0 0 0 0 0 0 1.74208 1.9666685 4.0906563 -72.58885 -2.1399932 -1.5324361 0.03756433
114 105 Car 0 0 0 0 0 0 0 2.1292257 2.204781 4.0596347 -1.1706972 -0.15812024 0.5856568 0.0899397
114 107 Car 0 0 0 0 0 0 0 2.2470345 2.3955736 5.163807 -92.72266 -2.6678238 1.3969045 0.037564315
115 2 Car 0 0 0 0 0 0 0 1.6376657 2.0314703 3.9753983 -49.01787 -0.70693636 -1.2678435 0.040529445
115 4 Car 0 0 0 0 0 0 0 1.949147 2.6407475 6.484989 18.92409 -1.4272945 7.8468485 0.026179884
115 5 Car 0 0 0 0 0 0 0 1.4172266 1.7994262 4.130198 -10.367865 -1.2962415 3.406038 0.07853976
115 102 Car 0 0 0 0 0 0 0 1.7420431 1.9666587 4.090584 -71.89989 -2.2084885 -1.5436039 -0.014964089
115 105 Car 0 0 0 0 0 0 0 2.1291811 2.2047782 4.059549 -0.40092182 0.08825117 0.6407056 0.06305553
115 107 Car 0 0 0 0 0 0 0 2.2469876 2.3955724 5.163697 -91.808586 -2.740578 1.425699 0.037412018
116 2 Car 0 0 0 0 0 0 0 1.6376657 2.0314698 3.9753995 -49.159576 -0.96738285 -1.3545253 0.026179926
116 4 Car 0 0 0 0 0 0 0 1.949147 2.640747 6.484989 19.777514 -1.376202 7.9261255 0.026179923
116 5 Car 0 0 0 0 0 0 0 1.4172266 1.7994267 4.1301985 -10.042826 -1.3300031 3.4407477 0.02617998
116 102 Car 0 0 0 0 0 0 0 1.7421343 1.9666705 4.090777 -71.89071 -2.0038414 -1.4756804 0.037206814
116 105 Car 0 0 0 0 0 0 0 2.1292925 2.2047672 4.0597825 -0.3766756 0.13480955 0.7232311 -0.03200752
116 107 Car 0 0 0 0 0 0 0 2.247105 2.3955762 5.1639667 -91.63562 -2.4606276 1.465199 0.03720674
117 2 Car 0 0 0 0 0 0 0 1.6376657 2.03147 3.9754 -49.173473 -1.107778 -1.2243557 0.0020690267
117 4 Car 0 0 0 0 0 0 0 1.949147 2.6407473 6.484989 20.36695 -1.3334534 7.7397485 0.02617996
117 5 Car 0 0 0 0 0 0 0 1.4172266 1.7994267 4.1301975 -9.600442 -1.3316311 3.4743185 0.02617998
117 102 Car 0 0 0 0 0 0 0 1.7421861 1.9666731 4.090891 -71.90434 -1.9630871 -1.5316502 -0.015202897
117 105 Car 0 0 0 0 0 0 0 2.1293557 2.2047796 4.05988 -0.38764095 0.118444204 0.6819738 0.08954184
117 107 Car 0 0 0 0 0 0 0 2.2471714 2.3955803 5.1641045 -91.48649 -2.3501308 1.3579843 0.037169434
118 2 Car 0 0 0 0 0 0 0 1.6376657 2.03147 3.9754 -49.209835 -0.9632397 -1.2084789 -0.01006294
118 4 Car 0 0 0 0 0 0 0 1.949147 2.6407475 6.484989 21.10938 -1.273712 7.720154 0.026179923
118 5 Car 0 0 0 0 0 0 0 1.4172267 1.7994266 4.1301985 -9.268898 -1.3346543 3.4424314 0.026179949
118 102 Car 0 0 0 0 0 0 0 1.7421443 1.9666712 4.0908 -72.60851 -2.0842998 -1.4935675 0.037117835
118 105 Car 0 0 0 0 0 0 0 2.1293044 2.2047744 4.059799 -1.0941095 0.11936435 0.68877345 0.07121341
118 107 Car 0 0 0 0 0 0 0 2.2471175 2.3955772 5.1639895 -92.02464 -2.3830814 1.37181 0.037117846
119 2 Car 0 0 0 0 0 0 0 1.6376657 2.0314703 3.975399 -49.188305 -0.88738275 -1.2596563 0.07853983
119 4 Car 0 0 0 0 0 0 0 1.949147 2.640747 6.484989 22.046984 -1.3639706 7.6792526 0.026179923
119 5 Car 0 0 0 0 0 0 0 1.4172267 1.7994264 4.1301975 -8.902431 -1.3277224 3.4107695 0.07853979
119 102 Car 0 0 0 0 0 0 0 1.742196 1.9666743 4.0909157 -72.60791 -2.001104 -1.4841132 -0.015447663
119 105 Car 0 0 0 0 0 0 0 2.1293678 2.2047768 4.059917 -1.0793037 0.16346014 0.7002978 0.052741636
119 107 Car 0 0 0 0 0 0 0 2.2471843 2.395577 5.164138 -91.84505 -2.1801214 1.464915 0.036924355
120 2 Car 0 0 0 0 0 0 0 1.6376657 2.0314698 3.9753995 -49.20244 -0.8473828 -1.1202853 0.026179926
120 4 Car 0 0 0 0 0 0 0 1.949147 2.6407475 6.484989 22.887346 -1.3442292 7.635806 0.026179923
120 5 Car 0 0 0 0 0 0 0 1.4172266 1.7994264 4.1301975 -8.530043 -1.3290014 3.481145 0.07853979
120 102 Car 0 0 0 0 0 0 0 1.7422606 1.9666723 4.0910673 -72.61186 -1.9245877 -1.476923 -0.015437214
120 105 Car 0 0 0 0 0 0 0 2.1294467 2.2047818 4.0600467 -1.1443605 0.16758382 0.72749853 0.04777486
120 107 Car 0 0 0 0 0 0 0 2.2472677 2.395578 5.1643286 -91.66624 -2.0141184 1.4003687 -0.015437187
121 2 Car 0 0 0 0 0 0 0 1.6376657 2.03147 3.975401 -49.25818 -1.0475456 -1.2206872 0.001679078
121 4 Car 0 0 0 0 0 0 0 1.9491471 2.640747 6.484989 23.792534 -1.2644881 7.594056 0.026179923
121 5 Car 0 0 0 0 0 0 0 1.4172267 1.7994263 4.1301985 -8.20922 -1.3447924 3.49303 0.07853984
121 102 Car 0 0 0 0 0 0 0 1.7422462 1.9666632 4.0910487 -72.60911 -1.9396138 -1.4846387 -0.015919166
121 105 Car 0 0 0 0 0 0 0 2.129429 2.2047768 4.06002 -1.2447662 -0.025615692 0.69542354 0.042318035
121 107 Car 0 0 0 0 0 0 0 2.2472491 2.3955746 5.1642904 -91.50467 -2.0916367 1.4243376 0.036450997
122 2 Car 0 0 0 0 0 0 0 1.6376657 2.03147 3.9753995 -49.076603 -1.0476618 -1.2238113 0.026179926
122 4 Car 0 0 0 0 0 0 0 1.949147 2.6407475 6.484989 24.924622 -1.3647466 7.558248 0.026179885
122 5 Car 0 0 0 0 0 0 0 1.4172266 1.7994263 4.1301985 -7.815381 -1.2775377 3.5275507 0.0070739975
122 102 Car 0 0 0 0 0 0 0 1.7422642 1.9666722 4.0910788 -72.59857 -1.925355 -1.4200509 0.036025193
122 105 Car 0 0 0 0 0 0 0 2.1294513 2.2047796 4.060065 -1.3270197 -0.07943964 0.6543168 0.0369173
122 107 Car 0 0 0 0 0 0 0 2.247272 2.395578 5.1643424 -91.22453 -2.0867994 1.3896767 0.03602519
123 2 Car 0 0 0 0 0 0 0 1.6376657 2.03147 3.9753976 -49.182884 -1.1073828 -1.2069219 0.06268277
123 4 Car 0 0 0 0 0 0 0 1.9491471 2.6407473 6.484989 25.927053 -1.2950053 7.5190454 0.02617996
123 5 Car 0 0 0 0 0 0 0 1.4172264 1.7994264 4.1301975 -7.201345 -1.3172586 3.563487 0.02617998
123 102 Car 0 0 0 0 0 0 0 1.7422144 1.9666734 4.09095 -72.53737 -1.9563397 -1.3754357 0.035377096
123 105 Car 0 0 0 0 0 0 0 2.1293902 2.204781 4.059939 -1.3984137 -0.09450714 0.6220953 0.031294107
123 107 Car 0 0 0 0 0 0 0 2.246866 2.3952148 5.1641803 -91.11734 -2.1896715 1.4215981 0.0353731
124 2 Car 0 0 0 0 0 0 0 1.6376657 2.0314703 3.9753985 -49.15933 -0.8569679 -1.2005835 0.08311397
124 4 Car 0 0 0 0 0 0 0 1.9491469 2.640747 6.484989 26.864965 -1.5351274 7.478246 0.026179923
124 5 Car 0 0 0 0 0 0 0 1.4172266 1.7994266 4.1301975 -6.920167 -1.3356236 3.5677342 0.026179953
124 102 Car 0 0 0 0 0 0 0 1.7422113 1.9666759 4.090949 -72.493034 -1.9189023 -1.4041286 0.034892265
124 105 Car 0 0 0 0 0 0 0 2.1293867 2.2047844 4.059935 -1.4092607 -0.14804186 0.5987952 0.025834236
124 107 Car 0 0 0 0 0 0 0 2.2472043 2.3955827 5.164177 -90.91647 -2.5096927 1.5064801 0.034892224
125 2 Car 0 0 0 0 0 0 0 1.6376657 2.0314703 3.9753978 -49.113937 -0.956553 -1.2119918 0.10354521
125 4 Car 0 0 0 0 0 0 0 1.949147 2.6407475 6.484989 27.832525 -1.6452494 7.543891 0.026179885
125 5 Car 0 0 0 0 0 0 0 1.4172266 1.7994266 4.1301975 -6.5476065 -1.3546474 3.506925 0.026179953
125 102 Car 0 0 0 0 0 0 0 1.7421751 1.9666744 4.0908623 -72.485115 -1.9792235 -1.3979691 0.03484695
125 105 Car 0 0 0 0 0 0 0 2.129342 2.204783 4.0598507 -1.1187439 -0.057479307 0.53198993 0.020813564
125 107 Car 0 0 0 0 0 0 0 2.247157 2.3955812 5.1640677 -90.747 -2.584612 1.4060738 0.034846954
126 2 Car 0 0 0 0 0 0 0 1.6376657 2.03147 3.9754012 -49.203327 -0.836138 -1.2602671 0.123976335
126 4 Car 0 0 0 0 0 0 0 1.9491471 2.6407475 6.484989 28.606985 -1.6753715 7.551645 0.026179885
126 5 Car 0 0 0 0 0 0 0 1.4172266 1.7994266 4.1301985 -6.076212 -1.3556236 3.535173 0.026179949
126 102 Car 0 0 0 0 0 0 0 1.7422321 1.9666657 4.0910177 -72.445694 -1.8942914 -1.5087461 -0.017769802
126 105 Car 0 0 0 0 0 0 0 2.1294117 2.2047768 4.059997 -1.1128836 -0.056268707 0.5148554 0.015592994
126 107 Car 0 0 0 0 0 0 0 2.2472305 2.395577 5.164254 -90.56795 -2.4568467 1.4989516 0.03460084
127 2 Car 0 0 0 0 0 0 0 1.6376657 2.03147 3.9754002 -49.236027 -0.7752153 -1.2658117 0.014115414
127 5 Car 0 0 0 0 0 0 0 1.4172266 1.7994266 4.1301975 -5.7014694 -1.3807849 3.5793424 0.026179954
127 102 Car 0 0 0 0 0 0 0 1.742075 1.9666278 4.0907288 -71.71933 -2.003838 -1.4240093 -0.017547052
127 105 Car 0 0 0 0 0 0 0 2.12922 2.2047143 4.0597463 -0.39514732 -0.18180528 0.5610885 -0.059765123
127 107 Car 0 0 0 0 0 0 0 2.2470286 2.3955426 5.16386 -89.68029 -2.597107 1.5098004 0.034826506
128 2 Car 0 0 0 0 0 0 0 1.6376657 2.03147 3.9753983 -49.307262 -0.7142925 -1.2904603 -0.030599419
128 5 Car 0 0 0 0 0 0 0 1.4172266 1.7994264 4.130198 -5.482428 -1.3859897 3.5958629 0.02617998
128 102 Car 0 0 0 0 0 0 0 1.7420872 1.9666284 4.090759 -72.43481 -2.1024425 -1.417204 0.03466826
128 105 Car 0 0 0 0 0 0 0 2.129235 2.2046733 4.0598526 -1.091876 0.104763865 0.48624384 -0.10024993
128 107 Car 0 0 0 0 0 0 0 2.247044 2.3955245 5.163934 -90.24281 -2.5585217 1.4989212 0.03466828
129 2 Car 0 0 0 0 0 0 0 1.6376657 2.0314698 3.9753978 -49.354572 -0.65336984 -1.2498636 -0.07531431
129 5 Car 0 0 0 0 0 0 0 1.4172266 1.7994267 4.130198 -5.073988 -1.3676085 3.5630174 0.02617998
129 102 Car 0 0 0 0 0 0 0 1.7419958 1.9666122 4.0905786 -72.4077 -2.2148829 -1.4323206 0.034633674
129 105 Car 0 0 0 0 0 0 0 2.1291232 2.2046938 4.0596013 -1.1281862 0.055911154 0.5733052 -0.005415464
129 107 Car 0 0 0 0 0 0 0 2.2469263 2.395505 5.163707 -90.04195 -2.691481 1.4422784 0.034633696
130 2 Car 0 0 0 0 0 0 0 1.6376657 2.0314703 3.9753988 -49.31023 -0.83244705 -1.1588132 -0.12002916
130 5 Car 0 0 0 0 0 0 0 1.4172266 1.7994266 4.130198 -4.792448 -1.3356137 3.5464902 0.032081164
130 102 Car 0 0 0 0 0 0 0 1.7420027 1.9665908 4.0906267 -72.34877 -2.2503068 -1.4448444 -0.017767448
130 105 Car 0 0 0 0 0 0 0 2.1291313 2.2047117 4.0595756 -1.1122227 0.02265367 0.6745511 0.03180809
130 107 Car 0 0 0 0 0 0 0 2.246935 2.3955057 5.1637173 -89.85626 -2.7269478 1.4839146 0.03460663
131 2 Car 0 0 0 0 0 0 0 1.6376657 2.03147 3.9753997 -49.312267 -0.9115243 -1.2303196 -0.01928189
131 5 Car 0 0 0 0 0 0 0 1.4172264 1.7994266 4.1301975 -4.4567885 -1.3441814 3.5411682 0.044539344
131 102 Car 0 0 0 0 0 0 0 1.7421246 1.9666237 4.0908523 -72.36415 -2.0579257 -1.4425119 0.034681745
131 105 Car 0 0 0 0 0 0 0 2.1292806 2.2047348 4.059817 -1.1009235 -0.113209635 0.7429945 0.06414323
131 107 Car 0 0 0 0 0 0 0 2.2470918 2.3955188 5.1640534 -89.66798 -2.6053367 1.4303191 0.034681723
132 2 Car 0 0 0 0 0 0 0 1.6376657 2.03147 3.975398 -49.27485 -0.83060163 -1.24041 0.008734294
132 5 Car 0 0 0 0 0 0 0 1.4172266 1.7994263 4.1301985 -4.0519686 -1.3990479 3.4363756 0.1308997
132 102 Car 0 0 0 0 0 0 0 1.7422286 1.9666204 4.0911074 -72.356064 -1.9090188 -1.4342477 0.03491665
132 105 Car 0 0 0 0 0 0 0 2.1294076 2.2047398 4.0600605 -1.123848 -0.17728516 0.8090345 0.09663415
132 107 Car 0 0 0 0 0 0 0 2.2472265 2.395515 5.164384 -89.534584 -2.4037337 1.4306197 0.034916557
133 2 Car 0 0 0 0 0 0 0 1.6376657 2.0314703 3.9753997 -49.277206 -0.9096789 -1.2497345 0.03675048
133 5 Car 0 0 0 0 0 0 0 1.4172266 1.7994264 4.130198 -3.6347678 -1.4136951 3.5281477 0.07853979
133 102 Car 0 0 0 0 0 0 0 1.7422551 1.9666243 4.091155 -72.34032 -1.9123783 -1.4510291 0.035657607
133 105 Car 0 0 0 0 0 0 0 2.12944 2.2047367 4.0601215 -1.1588669 -0.22173236 0.8029351 0.07086701
133 107 Car 0 0 0 0 0 0 0 2.247261 2.3955197 5.1644344 -89.35466 -2.3951178 1.4064131 0.035657573
134 2 Car 0 0 0 0 0 0 0 1.6376657 2.03147 3.9753988 -49.229942 -0.9487561 -1.2569557 0.06476668
134 5 Car 0 0 0 0 0 0 0 1.4172266 1.7994264 4.130198 -3.284546 -1.4131899 3.5877109 0.02617998
134 102 Car 0 0 0 0 0 0 0 1.7422209 1.9666299 4.091061 -72.343 -1.9318494 -1.3927375 0.036227353
134 105 Car 0 0 0 0 0 0 0 2.129398 2.204743 4.060024 -1.1916838 -0.15515676 0.75062644 0.0743128
134 107 Car 0 0 0 0 0 0 0 2.2472165 2.3955266 5.164323 -89.19538 -2.137711 1.3730447 0.036227286
135 2 Car 0 0 0 0 0 0 0 1.6376657 2.03147 3.9754007 -49.222435 -0.8278334 -1.2656398 0.09278284
135 5 Car 0 0 0 0 0 0 0 1.4172266 1.7994266 4.130198 -3.0062442 -1.391778 3.6318254 0.02617995
135 102 Car 0 0 0 0 0 0 0 1.7422204 1.96665 4.091024 -72.312454 -1.9922452 -1.4397914 0.03665612
135 105 Car 0 0 0 0 0 0 0 2.1293976 2.2047637 4.0599966 -1.1535654 -0.17769732 0.74008006 0.07761736
135 107 Car 0 0 0 0 0 0 0 2.2472157 2.395551 5.1642685 -88.987274 -2.2513697 1.407006 0.03665614
136 2 Car 0 0 0 0 0 0 0 1.6376657 2.0314703 3.9753983 -49.214962 -0.8269107 -1.2743267 0.120799065
136 5 Car 0 0 0 0 0 0 0 1.4172267 1.7994266 4.130198 -2.7125916 -1.3948526 3.6471786 0.02617995
136 102 Car 0 0 0 0 0 0 0 1.7422094 1.9666586 4.090978 -72.28024 -2.007195 -1.4229605 0.03681867
136 105 Car 0 0 0 0 0 0 0 2.129384 2.204763 4.059971 -1.1492062 -0.15282333 0.7294581 0.029144078
136 107 Car 0 0 0 0 0 0 0 2.247202 2.395561 5.164213 -88.798386 -2.157598 1.438328 0.036818635
137 2 Car 0 0 0 0 0 0 0 1.6376657 2.0314698 3.9754 -49.20139 -0.8056753 -1.3032658 0.058155347
137 5 Car 0 0 0 0 0 0 0 1.4172266 1.7994264 4.130198 -2.236793 -1.3893183 3.6547828 0.02617998
137 102 Car 0 0 0 0 0 0 0 1.7422186 1.9666495 4.0910163 -71.54744 -1.9298756 -1.3686812 0.03727123
137 105 Car 0 0 0 0 0 0 0 2.1293955 2.2047544 4.060003 -0.42093086 -0.10367465 0.7522176 0.037278604
137 107 Car 0 0 0 0 0 0 0 2.2472134 2.3955503 5.1642613 -87.908966 -2.197521 1.4759061 0.037271198
138 2 Car 0 0 0 0 0 0 0 1.6376657 2.0314703 3.9753988 -49.254856 -0.7844401 -1.3808131 0.11568327
138 5 Car 0 0 0 0 0 0 0 1.4172267 1.7994264 4.130198 -1.8890915 -1.3948526 3.6691654 0.02617998
138 102 Car 0 0 0 0 0 0 0 1.7421434 1.966631 4.0908823 -72.26927 -2.0510983 -1.3676109 0.037594873
138 105 Car 0 0 0 0 0 0 0 2.1293035 2.2047334 4.059866 -1.005683 -0.17495567 0.59910494 0.037594914
138 107 Car 0 0 0 0 0 0 0 2.2471166 2.3955283 5.164091 -88.45944 -2.2174733 1.4732335 0.03759485
139 2 Car 0 0 0 0 0 0 0 1.6376657 2.0314703 3.9753976 -49.272045 -0.7632049 -1.4514933 0.13579041
139 5 Car 0 0 0 0 0 0 0 1.4172266 1.7994266 4.130198 -1.5243292 -1.3942378 3.681061 0.026179895
139 102 Car 0 0 0 0 0 0 0 1.7421757 1.9666376 4.090937 -72.24646 -2.0424438 -1.3574331 0.03741796
139 105 Car 0 0 0 0 0 0 0 2.129343 2.2047296 4.059944 -0.98690987 -0.5053432 0.663859 0.00023312194
139 107 Car 0 0 0 0 0 0 0 2.2471585 2.395536 5.1641636 -88.28732 -2.2392626 1.4919225 0.037417963
140 2 Car 0 0 0 0 0 0 0 1.6376657 2.0314703 3.975402 -49.309032 -0.74196965 -1.2884359 0.054208532
140 5 Car 0 0 0 0 0 0 0 1.4172267 1.7994267 4.130198 -1.0982509 -1.3911632 3.667807 -0.02617998
140 102 Car 0 0 0 0 0 0 0 1.7420857 1.9666443 4.0907187 -72.226845 -2.191454 -1.3357714 0.037134662
140 105 Car 0 0 0 0 0 0 0 2.1292331 2.2047486 4.059708 -1.011939 -0.19012077 0.7688886 0.037134625
140 107 Car 0 0 0 0 0 0 0 2.2470422 2.395544 5.163884 -88.08844 -2.3855934 1.4820149 0.037134647
141 2 Car 0 0 0 0 0 0 0 1.6376657 2.03147 3.9753993 -49.337357 -0.72073436 -1.2163115 0.023471223
141 5 Car 0 0 0 0 0 0 0 1.4172266 1.7994264 4.130198 -0.7282128 -1.4295405 3.6798224 -0.02617998
141 102 Car 0 0 0 0 0 0 0 1.7421641 1.966663 4.09086 -72.204636 -2.1135383 -1.2828205 0.036362138
141 105 Car 0 0 0 0 0 0 0 2.1293287 2.2047696 4.059849 -1.0378084 -0.17809963 0.4497379 0.036362134
141 107 Car 0 0 0 0 0 0 0 2.2471433 2.395567 5.164064 -87.95933 -2.325166 1.5571393 0.036362115
142 2 Car 0 0 0 0 0 0 0 1.6376657 2.03147 3.9753995 -49.246628 -0.69949913 -1.2161506 0.041645877
142 5 Car 0 0 0 0 0 0 0 1.4172266 1.7994266 4.130198 -0.3223827 -1.427187 3.6303318 -0.026179895
142 102 Car 0 0 0 0 0 0 0 1.7421672 1.9666712 4.090858 -72.166565 -2.113804 -1.2665237 0.035189837
142 105 Car 0 0 0 0 0 0 0 2.1293325 2.2047722 4.059857 -1.2106228 -0.23366314 0.80210376 -0.017182697
142 107 Car 0 0 0 0 0 0 0 2.247147 2.395577 5.1640663 -87.77898 -2.2586157 1.5774345 0.035189822
143 2 Car 0 0 0 0 0 0 0 1.6376657 2.03147 3.9754007 -49.21531 -0.6782639 -1.1850852 0.02837162
143 5 Car 0 0 0 0 0 0 0 1.4172266 1.7994264 4.130198 0.032686472 -1.4279716 3.6695418 0.02617998
143 102 Car 0 0 0 0 0 0 0 1.7422113 1.9666693 4.09096 -72.124466 -2.030742 -1.2416794 0.033594444
143 105 Car 0 0 0 0 0 0 0 2.129387 2.2047782 4.059946 -1.0399914 -0.2419125 0.6636907 0.046643116
143 107 Car 0 0 0 0 0 0 0 2.2472043 2.3955748 5.1641917 -87.57906 -2.3584657 1.6095583 0.0335944
144 2 Car 0 0 0 0 0 0 0 1.6376657 2.03147 3.9753997 -49.224117 -0.6570287 -1.1344478 0.018593865
144 5 Car 0 0 0 0 0 0 0 1.4172266 1.7994266 4.130198 0.5402303 -1.4224803 3.67401 -0.026179895
144 102 Car 0 0 0 0 0 0 0 1.7421732 1.9666657 4.0908723 -72.09698 -2.115134 -1.2184678 0.03303718
144 105 Car 0 0 0 0 0 0 0 2.1293397 2.204781 4.059847 -1.1262197 -0.23402846 0.95984656 0.14444259
144 107 Car 0 0 0 0 0 0 0 2.2471547 2.3955703 5.1640863 -87.414406 -2.6068478 1.6172402 0.03303714
145 2 Car 0 0 0 0 0 0 0 1.6376657 2.03147 3.975399 -49.232178 -0.63579345 -1.1236553 0.008816076
145 5 Car 0 0 0 0 0 0 0 1.4172266 1.7994266 4.130198 0.9024172 -1.425618 3.705099 0.02617995
145 102 Car 0 0 0 0 0 0 0 1.7422225 1.9666668 4.0909996 -72.06877 -2.0161872 -1.2146939 0.03236142
145 105 Car 0 0 0 0 0 0 0 2.1294003 2.20478 4.0599766 -1.1280413 -0.22395627 0.905438 0.0906827
145 107 Car 0 0 0 0 0 0 0 2.2472188 2.3955622 5.164259 -87.24615 -2.4814916 1.676147 -0.020009117
146 2 Car 0 0 0 0 0 0 0 1.6376657 2.03147 3.975401 -49.23058 -0.9945582 -1.0978335 -0.0009617347
146 5 Car 0 0 0 0 0 0 0 1.4172267 1.7994264 4.130198 1.1714281 -1.4287561 3.6462152 0.07853979
146 102 Car 0 0 0 0 0 0 0 1.7422163 1.966672 4.0909615 -72.02009 -2.052652 -1.1326195 0.031824034
146 105 Car 0 0 0 0 0 0 0 2.1293924 2.204782 4.059942 -1.1473656 -0.23396961 0.65999293 0.13656709
146 107 Car 0 0 0 0 0 0 0 2.2472105 2.395578 5.164194 -87.06392 -2.5223818 1.720834 0.03182402
147 2 Car 0 0 0 0 0 0 0 1.6376657 2.0314703 3.975397 -49.22911 -0.9733229 -1.0721263 -0.010593345
147 5 Car 0 0 0 0 0 0 0 1.4172267 1.7994266 4.130198 1.3529987 -1.4311094 3.648735 -0.010997344
147 102 Car 0 0 0 0 0 0 0 1.742193 1.9666727 4.090913 -71.9747 -2.0610788 -1.160642 0.031299323
147 105 Car 0 0 0 0 0 0 0 2.1293643 2.2047825 4.0598917 -1.0404148 -0.48283315 0.7130568 0.0836715
147 107 Car 0 0 0 0 0 0 0 2.2471805 2.3955784 5.1641335 -86.90355 -2.5370011 1.7624375 0.031299304
148 2 Car 0 0 0 0 0 0 0 1.6376657 2.0314703 3.9753995 -49.227646 -0.9920878 -1.046419 -0.020224972
148 5 Car 0 0 0 0 0 0 0 1.4172267 1.7994264 4.130198 1.6609423 -1.4491524 3.7130945 0.07853979
148 102 Car 0 0 0 0 0 0 0 1.7422479 1.9666736 4.091033 -71.96026 -1.9987373 -1.1501384 0.031208917
148 105 Car 0 0 0 0 0 0 0 2.1294312 2.204778 4.0600257 -0.96479225 -0.5464164 0.88938665 0.11193262
148 107 Car 0 0 0 0 0 0 0 2.2472515 2.3955796 5.1642866 -86.70485 -2.4554143 1.720669 0.031208884
149 2 Car 0 0 0 0 0 0 0 1.6376657 2.0314703 3.9753988 -49.230423 -1.0008525 -1.1628516 -0.029856596
149 5 Car 0 0 0 0 0 0 0 1.4172266 1.7994266 4.130198 2.1183817 -1.4813155 3.6774645 -0.02617995
149 102 Car 0 0 0 0 0 0 0 1.7422364 1.9666696 4.0910163 -71.917145 -1.9913491 -1.1663388 0.031227577
149 105 Car 0 0 0 0 0 0 0 2.129417 2.2047663 4.0600214 -1.2350397 -0.3268643 0.8276042 0.11089667
149 107 Car 0 0 0 0 0 0 0 2.2472367 2.3955793 5.1642537 -86.53082 -2.4535666 1.6315253 -0.021143116
150 2 Car 0 0 0 0 0 0 0 1.6376657 2.03147 3.9753985 -49.231075 -1.0083673 -1.208214 -0.03948822
150 5 Car 0 0 0 0 0 0 0 1.4172266 1.7994266 4.130198 2.517879 -1.4875911 3.6605182 -0.02617995
150 102 Car 0 0 0 0 0 0 0 1.7422758 1.9666672 4.091118 -71.17305 -1.9341917 -1.1067811 0.03133601
150 105 Car 0 0 0 0 0 0 0 2.1294656 2.204762 4.0601263 -0.46891117 -0.29380837 0.88020194 0.11412147
150 107 Car 0 0 0 0 0 0 0 2.2472878 2.3955722 5.164389 -85.6456 -2.3794045 1.7675276 0.03133601
151 2 Car 0 0 0 0 0 0 0 1.6376657 2.0314703 3.9753988 -49.23137 -1.005882 -1.2332652 -0.017683627
151 5 Car 0 0 0 0 0 0 0 1.4172266 1.7994266 4.130198 2.972108 -1.487704 3.7034678 0.026179895
151 102 Car 0 0 0 0 0 0 0 1.7422378 1.9666737 4.091015 -71.853386 -2.0550747 -1.1874498 0.031438842
151 105 Car 0 0 0 0 0 0 0 2.1294193 2.2047791 4.0600047 -1.1696014 -0.2656387 0.87561035 0.076709315
151 107 Car 0 0 0 0 0 0 0 2.2472386 2.3955796 5.1642647 -86.171524 -2.506065 1.6276488 0.031438805
152 2 Car 0 0 0 0 0 0 0 1.6376657 2.03147 3.9753993 -48.952644 -0.9333968 -1.1904458 -0.011597155
152 5 Car 0 0 0 0 0 0 0 1.4172267 1.7994267 4.130198 3.4252405 -1.4790953 3.6822972 -0.02617998
152 102 Car 0 0 0 0 0 0 0 1.74226 1.9666736 4.0910683 -71.826004 -1.9825366 -1.1839124 0.03168888
152 105 Car 0 0 0 0 0 0 0 2.129446 2.204783 4.0600505 -1.1254768 -0.2368941 0.91758764 0.059759453
152 107 Car 0 0 0 0 0 0 0 2.247267 2.39558 5.1643324 -86.00915 -2.409998 1.6531217 0.03168885
153 2 Car 0 0 0 0 0 0 0 1.6376657 2.03147 3.9753983 -48.97253 -0.92091155 -1.1857632 -0.0055106934
153 5 Car 0 0 0 0 0 0 0 1.4172266 1.7994266 4.1301985 3.8506656 -1.4827846 3.6862342 -0.02617989
153 102 Car 0 0 0 0 0 0 0 1.7421682 1.9666702 4.0908494 -71.80549 -2.0868907 -1.1802317 0.031917207
153 105 Car 0 0 0 0 0 0 0 2.129334 2.2047782 4.059836 -1.1016779 -0.19601527 0.9328989 0.042788938
153 107 Car 0 0 0 0 0 0 0 2.2471485 2.3955755 5.164053 -85.82476 -2.5408366 1.7549589 0.03191718
154 2 Car 0 0 0 0 0 0 0 1.6376657 2.03147 3.9753997 -48.952675 -0.8684263 -1.1829937 0.0005758055
154 5 Car 0 0 0 0 0 0 0 1.4172266 1.7994266 4.130198 4.2061834 -1.5184495 3.6884277 -0.026179895
154 102 Car 0 0 0 0 0 0 0 1.742208 1.966663 4.0909657 -71.7797 -2.0119994 -1.2028115 -0.020304138
154 105 Car 0 0 0 0 0 0 0 2.1293826 2.2047756 4.0599403 -1.1158266 -0.19966751 0.8369423 0.025738854
154 107 Car 0 0 0 0 0 0 0 2.2472 2.3955746 5.1641846 -85.65788 -2.3292694 1.7168465 0.032067098
155 2 Car 0 0 0 0 0 0 0 1.6376657 2.03147 3.9753995 -48.932796 -1.0759411 -1.1816756 0.006662264
155 5 Car 0 0 0 0 0 0 0 1.4172266 1.7994263 4.130198 4.624529 -1.5651826 3.6332123 -0.07853976
155 102 Car 0 0 0 0 0 0 0 1.7422132 1.966668 4.09096 -71.74941 -2.0087657 -1.2261729 0.031947035
155 105 Car 0 0 0 0 0 0 0 2.1293893 2.2047713 4.059957 -0.93421936 -0.20545243 0.88944125 0.0046173995
155 107 Car 0 0 0 0 0 0 0 2.247207 2.3955731 5.164193 -85.458466 -2.2300353 1.7034059 0.03194705
156 2 Car 0 0 0 0 0 0 0 1.6376657 2.0314703 3.9753978 -48.94274 -0.98095584 -1.1797699 0.012748772
156 5 Car 0 0 0 0 0 0 0 1.4172266 1.7994266 4.130198 5.0583096 -1.489961 3.7218494 0.026179895
156 102 Car 0 0 0 0 0 0 0 1.7422426 1.9666724 4.0910273 -71.735565 -2.0079901 -1.2631023 0.032410227
156 105 Car 0 0 0 0 0 0 0 2.1294246 2.2047758 4.0600224 -1.0374517 -0.32539016 0.76830274 -0.01996022
156 107 Car 0 0 0 0 0 0 0 2.2472446 2.3955784 5.1642723 -85.28468 -2.2203133 1.7166417 0.03241025
