0 1 Car 0 0 0 0 0 0 0 1.9206369 2.1569715 5.0671735 26.170517 -1.3984126 8.009566 0.06106268
0 2 Car 0 0 0 0 0 0 0 4.4921575 3.2471213 21.032455 -69.72884 0.72007155 3.7226887 -0.008726646
0 3 Car 0 0 0 0 0 0 0 1.4532964 2.0361803 4.432209 -45.54437 -0.9275617 -0.37068856 -0.017452303
0 101 Car 0 0 0 0 0 0 0 2.095889 2.1020813 4.5393243 -0.3126459 -0.22044669 0.1582042 0.028763074
1 1 Car 0 0 0 0 0 0 0 1.9212953 2.1577072 5.0671816 26.47229 -1.2584125 8.0524845 0.05233609
1 2 Car 0 0 0 0 0 0 0 4.4921575 3.2471213 21.032452 -69.72885 0.5908285 3.7215114 -0.008726647
1 3 Car 0 0 0 0 0 0 0 1.4531302 2.0362577 4.4315357 -45.458027 -0.88833904 -0.3931443 -0.017456278
1 101 Car 0 0 0 0 0 0 0 2.0959384 2.1021094 4.539372 -0.31302452 -0.30799156 0.19160897 0.029165272
2 1 Car 0 0 0 0 0 0 0 1.9212953 2.1577077 5.067182 26.928244 -1.2584125 8.061571 0.043609444
2 2 Car 0 0 0 0 0 0 0 4.4921575 3.2471213 21.032452 -69.519905 0.60032845 3.5626037 -0.008726662
2 3 Car 0 0 0 0 0 0 0 1.4533517 2.0362582 4.4322095 -45.43658 -0.90756243 -0.3937038 -0.017460275
2 101 Car 0 0 0 0 0 0 0 2.095963 2.1021264 4.5393825 -0.29232407 -0.331361 0.18835267 0.030178273
3 1 Car 0 0 0 0 0 0 0 1.9212953 2.1577077 5.067181 27.358603 -1.2084126 8.074386 0.047972742
3 2 Car 0 0 0 0 0 0 0 4.4919868 3.2469974 21.032457 -69.520325 0.6725948 3.5141096 -0.008726305
3 3 Car 0 0 0 0 0 0 0 1.4533517 2.036258 4.432209 -45.43284 -0.91756284 -0.4719863 -0.026190905
3 101 Car 0 0 0 0 0 0 0 2.096004 2.1021543 4.5394144 -0.2627859 -0.31318033 0.15526363 0.031025859
4 1 Car 0 0 0 0 0 0 0 1.9212953 2.1577077 5.067182 27.813839 -1.1884127 8.096003 0.043609444
4 2 Car 0 0 0 0 0 0 0 4.4921575 3.247121 21.032452 -69.34808 0.68236953 3.5285113 -0.008726647
4 3 Car 0 0 0 0 0 0 0 1.4531304 2.0362527 4.4315453 -45.353516 -0.9269448 -0.5176486 -0.008761313
4 101 Car 0 0 0 0 0 0 0 2.0960307 2.1021605 4.53946 -0.38147354 -0.38949013 0.21303177 0.031578533
5 1 Car 0 0 0 0 0 0 0 1.9211489 2.1576142 5.0670147 28.14104 -1.1675274 8.131603 0.048048563
5 2 Car 0 0 0 0 0 0 0 4.4921575 3.2471213 21.032455 -69.34863 0.5378301 3.4648979 -0.008726657
5 3 Car 0 0 0 0 0 0 0 1.4533517 2.036258 4.432209 -45.305187 -0.926988 -0.55876595 -4.8520626e-05
5 101 Car 0 0 0 0 0 0 0 2.0960271 2.1021626 4.539439 0.23190308 -0.35408032 0.1559006 0.03314721
6 1 Car 0 0 0 0 0 0 0 1.921149 2.1576376 5.066961 28.519592 -1.1770842 8.159834 0.05681358
6 2 Car 0 0 0 0 0 0 0 4.4921575 3.247121 21.03246 -69.3298 0.75266314 3.4335876 -0.008726644
6 3 Car 0 0 0 0 0 0 0 1.4533517 2.036258 4.432209 -45.186836 -0.95135045 -0.59823555 0.0
6 101 Car 0 0 0 0 0 0 0 2.0960863 2.1021776 4.5395384 -0.33299446 -0.34659687 0.13680133 0.034047414
7 1 Car 0 0 0 0 0 0 0 1.9206369 2.1577024 5.0654583 28.896345 -1.1666411 8.209673 0.05687995
7 2 Car 0 0 0 0 0 0 0 4.4921575 3.2471213 21.03246 -69.13901 0.6452467 3.3842092 -0.0087266555
7 3 Car 0 0 0 0 0 0 0 1.4533517 2.036258 4.554173 -45.252098 -0.90471524 -0.62168527 0.0019262809
7 101 Car 0 0 0 0 0 0 0 2.0960698 2.1021168 4.5396395 -0.28175545 -0.41052526 0.14449787 0.035105534
8 1 Car 0 0 0 0 0 0 0 1.9212953 2.1577072 5.067181 29.273998 -1.1761981 8.248665 0.05693232
8 2 Car 0 0 0 0 0 0 0 4.4919868 3.2469974 21.032454 -69.15867 0.5104778 3.3210535 -0.008726306
8 3 Car 0 0 0 0 0 0 0 1.4533517 2.036258 4.5338306 -45.215385 -0.9480801 -0.6551747 0.012579216
8 101 Car 0 0 0 0 0 0 0 2.0962486 2.1022165 4.5398145 0.2358799 -0.41753113 0.18202484 0.03683101
9 1 Car 0 0 0 0 0 0 0 1.9212953 2.1577077 5.0671825 29.651653 -1.1557552 8.287656 0.043894567
9 2 Car 0 0 0 0 0 0 0 4.4919868 3.2469974 21.032455 -69.15882 0.47588468 3.3029296 -0.008726306
9 3 Car 0 0 0 0 0 0 0 1.4533517 2.036258 4.4322085 -45.065907 -0.91144484 -0.73821867 0.0057788827
9 101 Car 0 0 0 0 0 0 0 2.0962052 2.1022205 4.539701 -0.27241325 -0.5220047 0.1705966 0.037762307
10 1 Car 0 0 0 0 0 0 0 1.9200823 2.1576762 5.064056 30.107687 -1.155245 8.289198 0.03496939
10 2 Car 0 0 0 0 0 0 0 4.4921575 3.2471209 21.03246 -69.208855 0.29874963 3.1830728 -0.008726231
10 3 Car 0 0 0 0 0 0 0 1.5953934 2.036258 4.432211 -45.164585 -0.9508306 -0.7744252 0.0057962025
10 101 Car 0 0 0 0 0 0 0 2.2883925 2.1022058 4.5397067 -0.2898779 -0.3884553 0.17723793 0.039009355
11 1 Car 0 0 0 0 0 0 0 1.9212222 2.1577075 5.066989 30.558165 -1.2692277 8.26734 0.04363428
11 2 Car 0 0 0 0 0 0 0 4.4919868 3.2469976 21.032454 -69.02851 0.43219465 3.1704402 -0.008723823
11 3 Car 0 0 0 0 0 0 0 1.533024 2.036258 4.4322095 -44.95307 -0.93352103 -0.7986485 0.005813524
11 101 Car 0 0 0 0 0 0 0 2.0960073 2.102104 4.5395284 0.3279295 -0.3408426 0.24381989 0.04080659
12 1 Car 0 0 0 0 0 0 0 1.9212954 2.1577077 5.067181 30.934635 -1.234047 8.344308 0.034906566
12 2 Car 0 0 0 0 0 0 0 4.491473 3.2466264 21.032454 -68.86755 0.36058474 3.0279713 3.2420235e-06
12 3 Car 0 0 0 0 0 0 0 1.533024 2.036258 4.43221 -44.763657 -0.9318038 -0.8331801 0.005830845
12 101 Car 0 0 0 0 0 0 0 2.0957055 2.1018176 4.5394945 -0.3048916 -0.28422457 0.21235126 0.04209683
13 1 Car 0 0 0 0 0 0 0 1.9212952 2.1577075 5.0671806 31.3904 -1.2436028 8.383945 0.030867033
13 2 Car 0 0 0 0 0 0 0 4.4919868 3.2469978 21.032454 -68.706604 0.3983658 3.080722 -0.008722332
13 3 Car 0 0 0 0 0 0 0 1.533024 2.036258 4.4322085 -44.796093 -0.8700867 -0.82828265 0.0058481684
13 101 Car 0 0 0 0 0 0 0 2.0959063 2.1020288 4.539468 -0.89272785 -0.28745574 0.2085999 0.043091293
14 1 Car 0 0 0 0 0 0 0 1.9212954 2.157707 5.0671816 31.771873 -1.2531586 8.358612 0.035553973
14 2 Car 0 0 0 0 0 0 0 4.4919868 3.2469976 21.032455 -68.73685 0.43614525 3.0381184 -0.008721584
14 3 Car 0 0 0 0 0 0 0 1.5327904 2.036258 4.4315357 -44.761684 -0.89836955 -0.8840846 0.0058663795
14 101 Car 0 0 0 0 0 0 0 2.09573 2.1017942 4.539595 -0.8430977 -0.34415826 0.17049798 0.043633327
15 1 Car 0 0 0 0 0 0 0 1.9212952 2.1577072 5.0671825 32.145927 -1.262714 8.492172 0.048967626
15 2 Car 0 0 0 0 0 0 0 4.4919868 3.2469974 21.032455 -68.55652 0.31181508 3.0247025 -0.008720837
15 3 Car 0 0 0 0 0 0 0 1.533024 2.036258 4.4322095 -44.683434 -0.9366524 -0.858176 0.0058842083
15 101 Car 0 0 0 0 0 0 0 2.0959587 2.1020885 4.5394526 -0.27941036 -0.37826592 0.18754399 0.045225874
16 1 Car 0 0 0 0 0 0 0 1.9212954 2.1577072 5.0671835 32.536316 -1.2522699 8.562356 0.051472973
16 2 Car 0 0 0 0 0 0 0 4.4919868 3.2469974 21.032454 -68.60573 0.39254165 2.9977767 -0.008720089
16 3 Car 0 0 0 0 0 0 0 1.532732 2.0361822 4.4315305 -44.67247 -0.8757202 -0.87321544 0.005750337
16 101 Car 0 0 0 0 0 0 0 2.1226096 2.1013284 4.5393734 -0.3239498 -0.34257686 0.2269544 0.0456467
17 1 Car 0 0 0 0 0 0 0 1.9212952 2.1577077 5.067181 32.935776 -1.2818255 8.549648 0.053978443
17 2 Car 0 0 0 0 0 0 0 4.4919868 3.2469976 21.032457 -68.32991 0.41075563 2.9708114 -0.008719339
17 3 Car 0 0 0 0 0 0 0 1.533024 2.036258 4.4322085 -44.551544 -0.8920806 -0.83704853 0.0059211114
17 101 Car 0 0 0 0 0 0 0 2.1500502 2.1012952 4.539444 0.23808289 -0.27669266 0.24469537 0.04701575
18 1 Car 0 0 0 0 0 0 0 1.9212954 2.1577075 5.067181 33.33464 -1.2313814 8.536119 0.05648367
18 2 Car 0 0 0 0 0 0 0 4.4919868 3.2469976 21.032457 -68.47418 0.4016388 3.007769 -0.008718092
18 3 Car 0 0 0 0 0 0 0 1.533024 2.036258 4.432209 -44.49585 -0.86998427 -0.8927249 0.0059392923
18 101 Car 0 0 0 0 0 0 0 2.1778536 2.1016335 4.5394616 0.23884583 -0.2734914 0.29670995 0.048383832
19 1 Car 0 0 0 0 0 0 0 1.9212953 2.1577075 5.0671825 33.73137 -1.250937 8.582101 0.05026248
19 2 Car 0 0 0 0 0 0 0 4.4921575 3.2471213 21.032457 -68.21719 0.29488087 3.0111237 -0.008717508
19 3 Car 0 0 0 0 0 0 0 1.533024 2.036258 4.4322095 -44.440704 -0.8782442 -0.85659826 0.0059575285
19 101 Car 0 0 0 0 0 0 0 2.1773462 2.101156 4.5394316 -0.29988766 -0.24924853 0.22621453 0.049256515
20 1 Car 0 0 0 0 0 0 0 1.9212953 2.1577077 5.0671825 34.129093 -1.4117427 8.59948 0.044041086
20 2 Car 0 0 0 0 0 0 0 4.491473 3.2466269 21.032455 -67.93866 0.3042398 2.9520814 -0.0087152645
20 3 Car 0 0 0 0 0 0 0 1.533024 2.036258 4.432208 -44.423393 -0.91622955 -0.86979437 0.0059852875
20 101 Car 0 0 0 0 0 0 0 2.1776476 2.101438 4.5394497 -0.27483463 -0.31347248 0.21483874 0.050115116
21 1 Car 0 0 0 0 0 0 0 1.9212952 2.1577072 5.067183 34.52854 -1.4527366 8.508988 0.024729826
21 2 Car 0 0 0 0 0 0 0 4.4921575 3.247121 21.032455 -67.86879 0.40346766 3.0829687 -0.008715672
21 3 Car 0 0 0 0 0 0 0 1.5127736 2.036258 4.5334606 -44.43473 -0.8840897 -0.8526189 0.006013064
21 101 Car 0 0 0 0 0 0 0 2.1776218 2.1013994 4.539492 -0.25405216 -0.3063692 0.25503272 0.05025026
22 1 Car 0 0 0 0 0 0 0 1.9212954 2.157708 5.0671806 34.92607 -1.4536366 8.580313 0.00978198
22 2 Car 0 0 0 0 0 0 0 4.4919868 3.2469974 21.032455 -67.800446 0.36820036 3.039825 -0.008714425
22 3 Car 0 0 0 0 0 0 0 1.533024 2.036258 4.432208 -44.233833 -0.8922001 -0.86471045 0.006040802
22 101 Car 0 0 0 0 0 0 0 2.1778927 2.1016989 4.539398 -0.3529005 -0.24180868 0.24592814 0.05052549
23 1 Car 0 0 0 0 0 0 0 1.9212953 2.1577077 5.067181 35.324127 -1.4645363 8.597696 0.03846728
23 2 Car 0 0 0 0 0 0 0 4.4919868 3.2469974 21.032457 -67.719574 0.34211558 3.0626903 -0.00871303
23 3 Car 0 0 0 0 0 0 0 1.533024 2.036258 4.4322104 -44.238743 -0.8901854 -0.8678637 0.00606861
23 101 Car 0 0 0 0 0 0 0 2.1777575 2.101595 4.5393505 -0.9424887 -0.20910469 0.21259281 0.050566282
24 1 Car 0 0 0 0 0 0 0 1.9212952 2.1577075 5.067183 35.622643 -1.4654361 8.586317 0.062789276
24 2 Car 0 0 0 0 0 0 0 4.4919868 3.2469974 21.032455 -67.65826 0.37886548 3.0338223 -0.008711943
24 3 Car 0 0 0 0 0 0 0 1.533024 2.036258 4.4322095 -44.199333 -0.8881708 -0.8707479 0.0060963687
24 101 Car 0 0 0 0 0 0 0 2.1774573 2.1017487 4.5383873 -0.30638313 -0.007123053 0.2584899 0.051281005
25 1 Car 0 0 0 0 0 0 0 1.9212954 2.1577072 5.067182 36.07377 -1.4763361 8.576641 0.06965793
25 2 Car 0 0 0 0 0 0 0 4.491473 3.2466269 21.032457 -67.48207 0.32601976 3.02248 -0.008709863
25 3 Car 0 0 0 0 0 0 0 1.5330241 2.036258 4.432208 -44.160053 -0.88615614 -0.85326993 0.006124128
25 101 Car 0 0 0 0 0 0 0 2.1774645 2.1018174 4.5382524 -0.29891586 0.014549315 0.27016217 0.042704415
26 1 Car 0 0 0 0 0 0 0 1.9212954 2.1577077 5.067182 36.471786 -1.487236 8.573153 0.067799896
26 2 Car 0 0 0 0 0 0 0 4.491473 3.2466269 21.032457 -67.4964 0.3624453 3.092955 -0.008708293
26 3 Car 0 0 0 0 0 0 0 1.533024 2.036258 4.432209 -44.12108 -0.88414145 -0.7848865 0.006151884
26 101 Car 0 0 0 0 0 0 0 2.1778903 2.1018467 4.539077 -0.29887676 -0.03811921 0.25520566 0.051495306
27 1 Car 0 0 0 0 0 0 0 1.9212953 2.1577072 5.0671816 36.928204 -1.4981357 8.497097 0.04848869
27 2 Car 0 0 0 0 0 0 0 4.491473 3.2466269 21.032457 -67.43434 0.3378513 3.148965 -0.008707045
27 3 Car 0 0 0 0 0 0 0 1.533024 2.036258 4.4322095 -44.0818 -0.8821267 -0.7674085 0.006179642
27 101 Car 0 0 0 0 0 0 0 2.1780381 2.1019218 4.5392194 -0.3010769 -0.11502828 0.27845174 0.053807423
28 1 Car 0 0 0 0 0 0 0 1.9212952 2.1577077 5.067183 37.357082 -1.5090356 8.441226 0.037904024
28 2 Car 0 0 0 0 0 0 0 4.4919868 3.2469978 21.032457 -67.25848 0.3011257 3.1009674 -0.008706784
28 3 Car 0 0 0 0 0 0 0 1.533024 2.036258 4.4322104 -44.08664 -0.920112 -0.7807489 0.0062073967
28 101 Car 0 0 0 0 0 0 0 2.1782064 2.1019964 4.53942 0.26737404 -0.11051932 0.28920606 0.05654306
29 1 Car 0 0 0 0 0 0 0 1.9212953 2.1577075 5.067181 37.637768 -1.3399354 8.324703 0.04477281
29 2 Car 0 0 0 0 0 0 0 4.491473 3.2466266 21.03246 -67.04385 0.25665838 3.1367502 -0.008704551
29 3 Car 0 0 0 0 0 0 0 1.5330238 2.036258 4.432211 -44.069458 -0.9380973 -0.7735896 0.006235153
29 101 Car 0 0 0 0 0 0 0 2.178237 2.102017 4.5394316 -0.3232956 -0.114614174 0.2730546 0.058973525
30 1 Car 0 0 0 0 0 0 0 1.9212954 2.1577072 5.0671806 38.08933 -1.5008354 8.345249 0.042914752
30 2 Car 0 0 0 0 0 0 0 4.4919868 3.2469978 21.032457 -66.849045 0.276941 3.0909421 -0.008704302
30 3 Car 0 0 0 0 0 0 0 1.533024 2.1561208 4.432212 -44.007915 -0.9760826 -0.77090484 0.006262909
30 101 Car 0 0 0 0 0 0 0 2.1780782 2.101956 4.5392313 -0.33379364 -0.11533919 0.27054763 0.061386712
31 1 Car 0 0 0 0 0 0 0 1.9212952 2.1577075 5.067182 38.43913 -1.5217352 8.361071 0.041056823
31 2 Car 0 0 0 0 0 0 0 4.4919868 3.2469974 21.03246 -66.90266 0.23161912 3.0235326 2.3260947e-05
31 3 Car 0 0 0 0 0 0 0 1.533024 2.1561208 4.432209 -44.056885 -0.9640289 -0.80964184 0.006290671
31 101 Car 0 0 0 0 0 0 0 2.1781425 2.1019292 4.539424 -0.31848526 -0.27810428 0.2903124 0.055552963
32 1 Car 0 0 0 0 0 0 0 1.9212954 2.3125262 5.0671825 38.867455 -1.5125763 8.33305 0.0437667
32 2 Car 0 0 0 0 0 0 0 4.4919868 3.2469978 21.032455 -66.726654 0.330828 2.992361 0.0043876735
32 3 Car 0 0 0 0 0 0 0 1.533024 2.1561205 4.43221 -44.01748 -0.9119752 -0.80469847 0.0063184267
32 101 Car 0 0 0 0 0 0 0 2.1781232 2.1019106 4.539421 0.1773758 -0.30558586 0.27924412 0.06750179
33 1 Car 0 0 0 0 0 0 0 1.9212952 2.1577077 5.0671825 39.296707 -1.5434176 8.287255 0.055203266
33 2 Car 0 0 0 0 0 0 0 4.4919868 3.2469974 21.032454 -66.34038 0.22978473 2.9442306 0.008752062
33 3 Car 0 0 0 0 0 0 0 1.533024 2.1561208 4.4322085 -44.044075 -0.9699214 -0.8756391 0.006346186
33 101 Car 0 0 0 0 0 0 0 2.1781025 2.1019022 4.5394015 -0.92246056 -0.33042377 0.25490433 0.0727993
34 1 Car 0 0 0 0 0 0 0 1.9212954 2.3125265 5.067183 39.671272 -1.534259 8.305768 0.04482314
34 2 Car 0 0 0 0 0 0 0 4.491473 3.2466269 21.032454 -66.37431 0.25164145 2.8788714 0.013114974
34 3 Car 0 0 0 0 0 0 0 1.533024 2.1561208 4.4322095 -44.04886 -0.9278677 -0.8925371 0.0063739424
34 101 Car 0 0 0 0 0 0 0 2.1781526 2.1019845 4.5393295 -0.37044716 -0.23961169 0.25730443 0.07897545
35 1 Car 0 0 0 0 0 0 0 1.9212222 2.1577072 5.066991 40.04837 -1.5555487 8.276758 0.02571614
35 2 Car 0 0 0 0 0 0 0 4.491473 3.2466269 21.03245 -66.3877 0.3691514 2.7473807 0.00875224
35 3 Car 0 0 0 0 0 0 0 1.5329655 2.1560385 4.432208 -44.00925 -0.895817 -0.9195827 0.006401486
35 101 Car 0 0 0 0 0 0 0 2.1781812 2.1020231 4.5393 0.24570942 -0.1870866 0.29228073 0.08446042
36 1 Car 0 0 0 0 0 0 0 1.9212954 2.1577077 5.067179 40.497257 -1.5259415 8.273418 0.03715296
36 2 Car 0 0 0 0 0 0 0 4.4919868 3.2469978 21.032457 -66.305756 0.38787514 2.6706858 0.030571733
36 3 Car 0 0 0 0 0 0 0 1.533024 2.1561208 4.432211 -44.03626 -0.93376476 -0.9256689 0.006429132
36 101 Car 0 0 0 0 0 0 0 2.178207 2.1019592 4.539499 0.8141422 -0.30665302 0.28877997 0.089673474
37 1 Car 0 0 0 0 0 0 0 1.9212953 2.1577077 5.067182 40.797768 -1.5167828 8.240168 0.05295285
37 2 Car 0 0 0 0 0 0 0 4.4921575 3.2471213 21.032454 -66.22556 0.27808046 2.6835608 0.021847622
37 3 Car 0 0 0 0 0 0 0 1.533024 2.1561208 4.43221 -44.04076 -0.90171254 -0.9855145 0.0064567295
37 101 Car 0 0 0 0 0 0 0 2.1782794 2.102008 4.5395403 0.25177956 -0.34459895 0.37271792 0.0945955
38 1 Car 0 0 0 0 0 0 0 1.9212952 2.157707 5.0671816 41.22169 -1.5076239 8.247393 0.029482799
38 2 Car 0 0 0 0 0 0 0 4.4919868 3.2469978 21.032457 -65.954185 0.21715951 2.6894403 0.021848144
38 3 Car 0 0 0 0 0 0 0 1.533024 2.1561208 4.4322066 -44.13474 -0.90934783 -1.0247154 0.006484384
38 101 Car 0 0 0 0 0 0 0 2.1781285 2.1020155 4.539209 0.2209444 -0.33608943 0.29839176 0.030038895
39 1 Car 0 0 0 0 0 0 0 1.9212953 2.1577077 5.0671816 41.59611 -1.5184652 8.240759 0.0321927
39 2 Car 0 0 0 0 0 0 0 4.4919868 3.2469978 21.032455 -65.58552 0.35349488 2.6193562 0.021848278
39 3 Car 0 0 0 0 0 0 0 1.5330238 2.1561208 4.4322076 -44.140068 -0.9269831 -1.0633405 0.0065120324
39 101 Car 0 0 0 0 0 0 0 2.1781552 2.1019583 4.5393834 -0.31616974 -0.33420944 0.28795856 0.0003828543
40 1 Car 0 0 0 0 0 0 0 1.9212954 2.1577075 5.0671806 41.975143 -1.5293065 8.1694355 0.021812651
40 2 Car 0 0 0 0 0 0 0 4.4921575 3.2471213 21.03246 -65.48437 0.3237719 2.5646622 0.030576702
40 3 Car 0 0 0 0 0 0 0 1.5329655 2.1560383 4.432208 -44.078922 -0.8746192 -1.1013553 0.0065394123
40 101 Car 0 0 0 0 0 0 0 2.178185 2.1019664 4.5394373 -0.3259468 -0.33406097 0.2880327 -0.0029712636
41 1 Car 0 0 0 0 0 0 0 1.9212952 2.1577072 5.0671825 42.390816 -1.5601478 8.240189 0.04197573
41 2 Car 0 0 0 0 0 0 0 4.4919868 3.2471209 21.031656 -65.44281 0.22280884 2.5747755 0.021928
41 3 Car 0 0 0 0 0 0 0 1.533024 2.1561208 4.432209 -44.195057 -0.92225367 -1.1408826 0.006567329
41 101 Car 0 0 0 0 0 0 0 2.178282 2.102047 4.5394573 -0.29310608 -0.33240968 0.27995396 0.019896667
42 1 Car 0 0 0 0 0 0 0 1.9212954 2.1577077 5.067183 42.765022 -1.560989 8.183182 0.049049027
42 2 Car 0 0 0 0 0 0 0 4.4921575 3.2471213 21.032457 -65.3793 0.19943881 2.449933 0.02185072
42 3 Car 0 0 0 0 0 0 0 1.5330241 2.1561208 4.43221 -44.244995 -0.949889 -1.136677 0.0065949787
42 101 Car 0 0 0 0 0 0 0 2.1778898 2.1017337 4.539315 -0.33720493 -0.33046842 0.30307984 0.0231123
43 1 Car 0 0 0 0 0 0 0 1.9212953 2.1577072 5.0671825 43.055367 -1.5518303 8.259832 0.03866899
43 2 Car 0 0 0 0 0 0 0 4.4921575 3.2471213 21.032457 -64.93747 0.29712486 2.5263834 0.021851048
43 3 Car 0 0 0 0 0 0 0 1.5329655 2.1560388 4.432209 -44.294506 -0.8973361 -1.1971529 0.006622361
43 101 Car 0 0 0 0 0 0 0 2.1779385 2.1017337 4.53942 -0.90807533 -0.33999604 0.2935602 0.025464728
44 1 Car 0 0 0 0 0 0 0 1.9212954 2.1577072 5.067182 43.54834 -1.5426714 8.17619 0.037015453
44 2 Car 0 0 0 0 0 0 0 4.4921575 3.2471213 21.032455 -64.98981 0.36383128 2.4647937 0.021851368
44 3 Car 0 0 0 0 0 0 0 1.5329655 2.1560385 4.4322095 -44.32228 -0.9051595 -1.1928028 0.0066499556
44 101 Car 0 0 0 0 0 0 0 2.1781714 2.102065 4.539192 -0.34557152 -0.17742601 0.28617686 0.028078225
45 1 Car 0 0 0 0 0 0 0 1.9212953 2.1577075 5.067181 43.96929 -1.5535127 8.306418 0.00045545874
45 2 Car 0 0 0 0 0 0 0 4.4921575 3.2471213 21.032452 -64.86114 0.25839323 2.4335053 0.021846894
45 3 Car 0 0 0 0 0 0 0 1.533024 2.1561208 4.4322085 -44.416256 -0.87279475 -1.2320151 0.006677876
45 101 Car 0 0 0 0 0 0 0 2.1780303 2.1020684 4.538884 -0.3537016 -0.14790626 0.29229093 0.030483222
46 1 Car 0 0 0 0 0 0 0 1.9212954 2.1577075 5.0671825 44.32522 -1.604354 8.233425 0.02498201
46 2 Car 0 0 0 0 0 0 0 4.4921575 3.2471213 21.032455 -64.73327 0.33068293 2.4388576 0.0218424
46 3 Car 0 0 0 0 0 0 0 1.533024 2.156121 4.4322095 -44.52705 -0.86043006 -1.2416945 0.006705525
46 101 Car 0 0 0 0 0 0 0 2.1781144 2.1020718 4.5390525 -0.34825325 -0.17430401 0.25160617 0.032783113
47 1 Car 0 0 0 0 0 0 0 1.9212952 2.1577075 5.067182 44.71047 -1.6351953 8.278146 0.02332856
47 2 Car 0 0 0 0 0 0 0 4.4921575 3.2471213 21.032455 -64.3948 0.34940106 2.4335454 0.021837907
47 3 Car 0 0 0 0 0 0 0 1.533024 2.156121 4.4322085 -44.527256 -0.86806536 -1.2182869 0.0067331763
47 101 Car 0 0 0 0 0 0 0 2.1781852 2.1021016 4.5391364 -0.3676262 -0.19278593 0.30415717 0.035135396
48 1 Car 0 0 0 0 0 0 0 1.9212954 2.2484946 5.0671816 45.154537 -1.6260366 8.138921 0.039128426
48 2 Car 0 0 0 0 0 0 0 4.4913025 3.2470083 21.02918 -64.47831 0.23137522 2.4504042 0.021835988
48 3 Car 0 0 0 0 0 0 0 1.5324986 2.1561205 4.4306912 -44.593807 -0.8357075 -1.2923527 0.006763088
48 101 Car 0 0 0 0 0 0 0 2.1782851 2.1021423 4.539258 -0.38360214 -0.22946794 0.24856019 0.037380777
49 1 Car 0 0 0 0 0 0 0 1.9212952 2.1577072 5.067181 45.46062 -1.6368775 8.267802 0.05492563
49 2 Car 0 0 0 0 0 0 0 4.490618 3.2471206 21.02525 -64.34004 0.5898822 2.4437184 0.021836422
49 3 Car 0 0 0 0 0 0 0 1.533024 2.1561208 4.432208 -44.769707 -0.81332564 -1.3132586 0.006791919
49 101 Car 0 0 0 0 0 0 0 2.1783216 2.1021876 4.539242 -0.33199692 -0.22725922 0.2770182 0.030980125
50 1 Car 0 0 0 0 0 0 0 1.9212952 2.157708 5.067182 45.87567 -1.6677185 8.238932 0.048907522
50 2 Car 0 0 0 0 0 0 0 4.4919868 3.2469978 21.03246 -64.218376 0.32594186 2.4386976 0.02183484
50 3 Car 0 0 0 0 0 0 0 1.5329031 2.15604 4.4320273 -44.781143 -0.89157194 -1.2823039 0.006743296
50 101 Car 0 0 0 0 0 0 0 2.1783319 2.10221 4.5392127 -0.33440685 -0.33606094 0.26164746 0.020076834
51 1 Car 0 0 0 0 0 0 0 1.9212953 2.1577067 5.067183 46.211803 -1.648345 8.260452 0.05191435
51 2 Car 0 0 0 0 0 0 0 4.4921575 3.2471213 21.032455 -64.08931 0.4982295 2.4342413 0.021834932
51 3 Car 0 0 0 0 0 0 0 1.533024 2.1561208 4.432209 -44.872097 -0.82177025 -1.3595221 0.01557656
51 101 Car 0 0 0 0 0 0 0 2.1784806 2.1022186 4.5395074 0.17651367 -0.42821732 0.3167485 0.027152117
52 1 Car 0 0 0 0 0 0 0 1.9212954 2.1577077 5.067183 46.678547 -1.6089712 8.213444 0.0636478
52 2 Car 0 0 0 0 0 0 0 4.4918156 3.247003 21.031622 -63.961033 0.3484028 2.4120338 0.021832969
52 3 Car 0 0 0 0 0 0 0 1.5327904 2.1561203 4.4315343 -44.94941 -0.8921784 -1.3974963 0.01999127
52 101 Car 0 0 0 0 0 0 0 2.1783557 2.1021433 4.5394125 -0.31744003 -0.44102764 0.37422746 0.0279466
53 1 Car 0 0 0 0 0 0 0 1.9212952 2.1577072 5.0671825 47.035812 -1.6295974 8.25815 0.04483798
53 2 Car 0 0 0 0 0 0 0 4.4921575 3.2471213 21.03246 -63.83253 0.3484661 2.4873903 0.021831762
53 3 Car 0 0 0 0 0 0 0 1.5324986 2.1561203 4.430693 -45.118958 -0.8394596 -1.3730615 0.02441283
53 101 Car 0 0 0 0 0 0 0 2.1784077 2.102221 4.5393467 -0.89822674 -0.42124018 0.24831694 0.011222511
54 1 Car 0 0 0 0 0 0 0 1.9212953 2.157707 5.067181 47.45045 -1.6752238 8.2211075 0.03911826
54 2 Car 0 0 0 0 0 0 0 4.4921575 3.2471213 21.032452 -63.443413 0.3823853 2.5191145 0.021830609
54 3 Car 0 0 0 0 0 0 0 1.533024 2.1561208 4.432208 -45.2408 -0.83555657 -1.4121654 0.028830199
54 101 Car 0 0 0 0 0 0 0 2.1784406 2.1022205 4.5394173 0.20841503 -0.4273338 0.24601883 0.014109564
55 1 Car 0 0 0 0 0 0 0 1.9212952 2.1577075 5.0671816 47.803238 -1.66085 8.267581 0.033398386
55 2 Car 0 0 0 0 0 0 0 4.4921575 3.2471213 21.032454 -63.4057 0.27344006 2.375762 0.03928272
55 3 Car 0 0 0 0 0 0 0 1.5327904 2.1561203 4.4315367 -45.253944 -0.92802227 -1.415091 0.03325474
55 101 Car 0 0 0 0 0 0 0 2.177667 2.1014981 4.539364 0.20330048 -0.36561757 0.28561258 0.01644868
56 1 Car 0 0 0 0 0 0 0 1.9212954 2.1577072 5.067181 48.17657 -1.6864763 8.364221 0.07131186
56 2 Car 0 0 0 0 0 0 0 4.491473 3.2466273 21.032455 -63.1821 0.28767657 2.4316134 0.034912877
56 3 Car 0 0 0 0 0 0 0 1.5329655 2.1561203 4.4320416 -45.37403 -0.92048633 -1.5080568 0.037678845
56 101 Car 0 0 0 0 0 0 0 2.1784143 2.1022193 4.539364 -0.33653355 -0.46319455 0.21551305 0.01863236
57 1 Car 0 0 0 0 0 0 0 1.9212953 2.1577072 5.0671825 48.583607 -1.7221026 8.358082 0.06995541
57 2 Car 0 0 0 0 0 0 0 4.4921575 3.2471213 21.03246 -63.019386 0.33139658 2.4843585 0.030553684
57 3 Car 0 0 0 0 0 0 0 1.533024 2.1561208 4.432209 -45.454506 -0.8921769 -1.5146025 0.03337526
57 101 Car 0 0 0 0 0 0 0 2.1783972 2.1022196 4.5393257 0.20920753 -0.4315135 0.28028563 0.021028321
58 1 Car 0 0 0 0 0 0 0 1.9212952 2.1577077 5.067182 48.96247 -1.7077289 8.3932295 0.055508867
58 2 Car 0 0 0 0 0 0 0 4.491473 3.2466269 21.032452 -62.923065 0.32237703 2.4553843 0.034913167
58 3 Car 0 0 0 0 0 0 0 1.5327904 2.1561189 4.4315405 -45.551666 -0.8642429 -1.5857538 0.029083958
58 101 Car 0 0 0 0 0 0 0 2.1784725 2.10222 4.5394845 0.21886921 -0.51748323 0.24577695 0.02271952
59 1 Car 0 0 0 0 0 0 0 1.9212952 2.1577075 5.0671825 49.34455 -1.6533551 8.37453 0.058515634
59 2 Car 0 0 0 0 0 0 0 4.4921575 3.2471213 21.032455 -62.812645 0.38163233 2.466445 0.030551307
59 3 Car 0 0 0 0 0 0 0 1.5329655 2.15612 4.432043 -45.74164 -0.90705776 -1.5791669 0.042243443
59 101 Car 0 0 0 0 0 0 0 2.178441 2.102219 4.539421 0.2152052 -0.5192093 0.29485136 0.02515516
60 1 Car 0 0 0 0 0 0 0 1.9212954 2.1577075 5.067184 49.7231 -1.6289816 8.4204645 0.052795835
60 2 Car 0 0 0 0 0 0 0 4.4919868 3.2469993 21.032446 -62.72496 0.32066798 2.4879045 0.026182527
60 3 Car 0 0 0 0 0 0 0 1.5327904 2.1561203 4.431538 -45.75499 -0.8895587 -1.5849586 0.02922693
60 101 Car 0 0 0 0 0 0 0 2.1784577 2.102219 4.5394497 0.21137238 -0.51744986 0.30850193 0.045053437
61 1 Car 0 0 0 0 0 0 0 1.9212953 2.157708 5.067183 50.10176 -1.6446077 8.466405 0.047076043
61 2 Car 0 0 0 0 0 0 0 4.4919868 3.2469974 21.032454 -62.642082 0.43847108 2.5415258 0.021815043
61 3 Car 0 0 0 0 0 0 0 1.533024 2.1561208 4.4322124 -45.98504 -0.89200497 -1.6635025 0.033652153
61 101 Car 0 0 0 0 0 0 0 2.178505 2.1022203 4.5395503 0.22162628 -0.5950455 0.29965973 0.0476356
62 1 Car 0 0 0 0 0 0 0 1.9212952 2.1887445 5.0671835 50.479797 -1.660234 8.529181 0.041356318
62 2 Car 0 0 0 0 0 0 0 4.4921575 3.247121 21.03246 -62.348396 0.40007448 2.4575372 0.043629147
62 3 Car 0 0 0 0 0 0 0 1.533024 2.1561208 4.4322066 -45.998367 -0.91446334 -1.6263021 0.038083225
62 101 Car 0 0 0 0 0 0 0 2.1781783 2.1022177 4.5388775 0.21855259 -0.58914554 0.29697156 0.03307969
63 1 Car 0 0 0 0 0 0 0 1.9212954 2.1887445 5.067182 50.856842 -1.6658603 8.621898 0.0356365
63 2 Car 0 0 0 0 0 0 0 4.4921575 3.2471213 21.032457 -62.238968 0.34472257 2.515708 0.030535854
63 3 Car 0 0 0 0 0 0 0 1.533024 2.1561208 4.43221 -46.168896 -0.896487 -1.6933055 0.03490659
63 101 Car 0 0 0 0 0 0 0 2.178496 2.1022174 4.5395403 -0.88405037 -0.5961917 0.24894056 0.029485758
64 1 Car 0 0 0 0 0 0 0 1.9212953 2.1887448 5.067182 51.234665 -1.6714865 8.692741 0.029916663
64 2 Car 0 0 0 0 0 0 0 4.4921575 3.2471213 21.032454 -62.08973 0.41641468 2.4727864 0.034895852
64 3 Car 0 0 0 0 0 0 0 1.533024 2.1561208 4.4322085 -46.251392 -0.89333755 -1.7274894 0.034510776
64 101 Car 0 0 0 0 0 0 0 2.1785526 2.102219 4.5396514 0.21381664 -0.63089156 0.27610776 0.034127347
65 1 Car 0 0 0 0 0 0 0 1.9212952 2.1887448 5.06718 51.614372 -1.7371128 8.6773815 0.03292357
65 2 Car 0 0 0 0 0 0 0 4.4921575 3.2471213 21.032457 -62.08516 0.29432255 2.337985 0.036085665
65 3 Car 0 0 0 0 0 0 0 1.533024 2.1561208 4.432211 -46.353825 -0.9101882 -1.8270841 0.034114987
65 101 Car 0 0 0 0 0 0 0 2.178591 2.1022224 4.5397296 0.16666031 -0.6272357 0.25564426 0.034542385
66 1 Car 0 0 0 0 0 0 0 1.9212953 2.1887445 5.0671835 51.99038 -1.772739 8.792629 0.03156701
66 2 Car 0 0 0 0 0 0 0 4.4921575 3.2471213 21.032457 -61.845627 0.38139683 2.404656 0.028548831
66 3 Car 0 0 0 0 0 0 0 1.533024 2.1561205 4.432211 -46.503845 -0.91703874 -1.8312029 0.033719175
66 101 Car 0 0 0 0 0 0 0 2.1785803 2.1022148 4.539716 0.14048481 -0.6643801 0.31582177 0.035044927
67 1 Car 0 0 0 0 0 0 0 1.9212952 2.1887448 5.067181 52.31778 -1.8083653 8.840716 0.030210543
67 2 Car 0 0 0 0 0 0 0 4.4919868 3.2469974 21.032454 -61.716213 0.41135406 2.391121 0.029737191
67 3 Car 0 0 0 0 0 0 0 1.533024 2.1561208 4.432211 -46.6299 -0.9238893 -1.8884474 0.03332336
67 101 Car 0 0 0 0 0 0 0 2.1785312 2.1022153 4.5396066 0.19506836 -0.6519091 0.37347558 0.035778053
68 1 Car 0 0 0 0 0 0 0 1.9212954 2.1887445 5.067182 52.66891 -1.7839918 8.944264 0.028853968
68 2 Car 0 0 0 0 0 0 0 4.4919868 3.2469978 21.032454 -61.630554 0.36875582 2.2626019 0.030924764
68 3 Car 0 0 0 0 0 0 0 1.5330241 2.1561208 4.4322104 -46.667755 -0.89074 -1.931226 0.04165421
68 101 Car 0 0 0 0 0 0 0 2.1784914 2.1022186 4.539524 -0.3312168 -0.620478 0.26189575 0.03599888
69 1 Car 0 0 0 0 0 0 0 1.9212953 2.1887448 5.067182 53.02127 -1.809618 9.004051 0.03622418
69 2 Car 0 0 0 0 0 0 0 4.4921575 3.2471213 21.032455 -61.549156 0.42173117 2.2413037 0.03211311
69 3 Car 0 0 0 0 0 0 0 1.533024 2.1561208 4.4322085 -46.749886 -0.8775905 -1.9758501 0.045621775
69 101 Car 0 0 0 0 0 0 0 2.178487 2.10222 4.539512 0.240345 -0.64422405 0.27510515 0.035948046
70 1 Car 0 0 0 0 0 0 0 1.9212952 2.1887445 5.0671825 53.373333 -1.8052441 9.074821 0.030504318
70 2 Car 0 0 0 0 0 0 0 4.4921575 3.2471213 21.032452 -61.470543 0.36790633 2.2917383 0.02457479
70 3 Car 0 0 0 0 0 0 0 1.533024 2.156121 4.43221 -46.83309 -0.88444114 -1.9989398 0.049589295
70 101 Car 0 0 0 0 0 0 0 2.1785097 2.10222 4.5395536 0.25100517 -0.6610738 0.27886814 0.035618402
71 1 Car 0 0 0 0 0 0 0 1.9212954 2.1887445 5.067181 53.72229 -1.8108704 9.09656 0.04660117
71 2 Car 0 0 0 0 0 0 0 4.4921575 3.2471213 21.032454 -61.38816 0.4043858 2.2305925 0.03449042
71 3 Car 0 0 0 0 0 0 0 1.533024 2.1561208 4.4322104 -46.920376 -0.8612917 -1.9466753 0.044830147
71 101 Car 0 0 0 0 0 0 0 2.1782675 2.1022184 4.539058 0.27009296 -0.66504097 0.30132598 0.035207547
72 1 Car 0 0 0 0 0 0 0 1.9212954 2.1887445 5.067183 54.17399 -1.8165164 9.148296 0.053971354
72 2 Car 0 0 0 0 0 0 0 4.4921575 3.2471213 21.032454 -61.09718 0.39502138 2.2729542 0.026948985
72 3 Car 0 0 0 0 0 0 0 1.5329655 2.1561208 4.432041 -47.13692 -0.88816255 -1.9648293 0.044440024
72 101 Car 0 0 0 0 0 0 0 2.178606 2.1022172 4.5397716 0.24695301 -0.7317694 0.2902016 0.034845825
73 1 Car 0 0 0 0 0 0 0 1.9212953 2.1887445 5.0671806 54.57338 -1.8221622 9.197218 0.0351616
73 2 Car 0 0 0 0 0 0 0 4.4921575 3.2471213 21.032455 -61.01786 0.3483622 2.233602 0.028136507
73 3 Car 0 0 0 0 0 0 0 1.5327904 2.15612 4.4315343 -47.22313 -0.9058145 -1.9447612 0.04405326
73 101 Car 0 0 0 0 0 0 0 2.1784155 2.102133 4.5395517 -0.85394955 -0.68644047 0.22880492 0.034441907
74 1 Car 0 0 0 0 0 0 0 1.9212952 2.1887453 5.0671825 54.9243 -1.8078079 9.200049 0.03816842
74 2 Car 0 0 0 0 0 0 0 4.4921575 3.2471213 21.032455 -60.935894 0.43674523 2.1857595 0.03805066
74 3 Car 0 0 0 0 0 0 0 1.533024 2.1561205 4.4322104 -47.327393 -0.88807607 -2.0064914 0.043664776
74 101 Car 0 0 0 0 0 0 0 2.178568 2.1022034 4.539713 0.32164955 0.5058714 0.83551705 0.03361901
75 1 Car 0 0 0 0 0 0 0 1.9212954 2.188745 5.0671825 55.348907 -1.8434536 9.271556 0.03681191
75 2 Car 0 0 0 0 0 0 0 4.4921575 3.2471213 21.032455 -60.88896 0.41475463 2.235587 0.030511528
75 3 Car 0 0 0 0 0 0 0 1.533024 2.1561205 4.43221 -47.50416 -0.9103375 -1.9310905 0.04327631
75 101 Car 0 0 0 0 0 0 0 2.1785402 2.1022038 4.5396643 0.38600254 0.5050576 0.88113993 0.03293205
76 1 Car 0 0 0 0 0 0 0 1.9210026 2.1884115 5.0671806 55.70469 -1.8394815 9.318808 0.044176556
76 2 Car 0 0 0 0 0 0 0 4.4921575 3.2471213 21.03246 -60.61441 0.43382508 2.265859 0.03169903
76 3 Car 0 0 0 0 0 0 0 1.533024 2.1561205 4.4322104 -47.654613 -0.9025989 -1.951666 0.04288788
76 101 Car 0 0 0 0 0 0 0 2.1786222 2.1022031 4.53983 0.32009506 0.39565188 0.82912743 0.03241642
77 1 Car 0 0 0 0 0 0 0 1.9212952 2.188745 5.067184 55.983116 -1.8053184 9.381355 0.029727466
77 2 Car 0 0 0 0 0 0 0 4.4921575 3.2471216 21.032454 -60.53476 0.41692352 2.2542918 0.032886557
77 3 Car 0 0 0 0 0 0 0 1.533024 2.1561208 4.4322095 -47.575638 -0.86486036 -1.9194927 0.042499427
77 101 Car 0 0 0 0 0 0 0 2.1785405 2.1022012 4.539668 0.36868858 0.45830622 0.88433206 0.032299295
78 1 Car 0 0 0 0 0 0 0 1.9212954 2.188745 5.0671825 56.478355 -1.8511553 9.238895 0.028368337
78 2 Car 0 0 0 0 0 0 0 4.4921575 3.2471218 21.032455 -60.551704 0.38207942 2.212571 0.042800706
78 3 Car 0 0 0 0 0 0 0 1.5330241 2.1561205 4.432209 -47.782665 -0.88962185 -1.9426084 0.042110972
78 101 Car 0 0 0 0 0 0 0 2.178502 2.1021898 4.5396147 0.39858246 0.4734445 0.8390256 0.02343547
79 1 Car 0 0 0 0 0 0 0 1.9209346 2.188407 5.0670133 56.810684 -1.8170074 9.297396 0.040247083
79 2 Car 0 0 0 0 0 0 0 4.4921575 3.2471213 21.032452 -60.27964 0.416548 2.428887 0.017808273
79 3 Car 0 0 0 0 0 0 0 1.533024 2.1561208 4.4322104 -47.890408 -0.8715261 -1.8752419 0.015542606
79 101 Car 0 0 0 0 0 0 0 2.1785498 2.1021683 4.539752 0.3985691 0.42473233 0.8310939 0.018952705
80 1 Car 0 0 0 0 0 0 0 1.9212954 2.1887445 5.0671844 57.19465 -1.8028588 9.323836 0.02565077
80 2 Car 0 0 0 0 0 0 0 4.4921575 3.2471213 21.032452 -60.1048 0.29186076 2.490478 0.010269144
80 3 Car 0 0 0 0 0 0 0 1.533024 2.1561208 4.4322104 -47.998047 -0.86009717 -1.872574 0.02388076
80 101 Car 0 0 0 0 0 0 0 2.1785836 2.1021583 4.5398474 0.4293623 0.35760385 0.78842795 0.01462332
81 1 Car 0 0 0 0 0 0 0 1.9212954 2.1887445 5.067183 57.521687 -1.7912066 9.363144 0.026436616
81 2 Car 0 0 0 0 0 0 0 4.4914737 3.2466276 21.032448 -60.11712 0.30237675 2.43884 0.011449603
81 3 Car 0 0 0 0 0 0 0 1.533024 2.156121 4.4322076 -48.14938 -0.9326681 -1.8544505 0.023492338
81 101 Car 0 0 0 0 0 0 0 2.1784587 2.102142 4.5396266 0.35943317 0.26437262 0.8234942 0.010238251
82 1 Car 0 0 0 0 0 0 0 1.9212952 2.188745 5.067183 57.924915 -1.7795545 9.392452 0.02722247
82 2 Car 0 0 0 0 0 0 0 4.4921575 3.2471213 21.032452 -59.94014 0.31973648 2.2665796 0.03882411
82 3 Car 0 0 0 0 0 0 0 1.533024 2.1561208 4.432209 -48.245087 -0.8702391 -1.8771936 0.04055716
82 101 Car 0 0 0 0 0 0 0 2.177971 2.1020255 4.53886 0.37753963 0.37512928 0.82709193 0.0061325207
83 1 Car 0 0 0 0 0 0 0 1.9212954 2.1887448 5.0671806 58.30255 -1.8282824 9.355323 0.010554699
83 2 Car 0 0 0 0 0 0 0 4.4919868 3.2469978 21.032457 -59.568836 0.33255714 2.2694042 0.040009417
83 3 Car 0 0 0 0 0 0 0 1.533024 2.1561208 4.43221 -48.34345 -0.8478101 -1.8065448 0.040168714
83 101 Car 0 0 0 0 0 0 0 2.1782649 2.1020603 4.539402 -2.3654509 0.36866176 0.68725526 0.0016139892
84 1 Car 0 0 0 0 0 0 0 1.9212954 2.1887445 5.067184 58.67734 -1.84682 9.504459 0.015703801
84 2 Car 0 0 0 0 0 0 0 4.4919868 3.2469978 21.03245 -59.565796 0.30303234 2.163187 0.04992355
84 3 Car 0 0 0 0 0 0 0 1.533024 2.1561205 4.43221 -48.4809 -0.88538104 -1.8669215 0.039780244
84 101 Car 0 0 0 0 0 0 0 2.1784248 2.102022 4.539809 0.38465977 0.18574387 0.76267344 -0.0029646591
85 1 Car 0 0 0 0 0 0 0 1.9212954 2.188744 5.0671825 58.953083 -1.8653579 9.497356 0.0383061
85 2 Car 0 0 0 0 0 0 0 4.4921575 3.2471213 21.032454 -59.55136 0.35677195 2.3090384 0.029294
85 3 Car 0 0 0 0 0 0 0 1.533024 2.1561208 4.4322104 -48.529778 -0.86295205 -1.923773 0.03939181
85 101 Car 0 0 0 0 0 0 0 2.178483 2.1020179 4.539946 0.3833971 0.14755979 0.7932923 -0.007566762
86 1 Car 0 0 0 0 0 0 0 1.9212953 2.1887445 5.0671806 59.379967 -1.8838955 9.539778 0.052181795
86 2 Car 0 0 0 0 0 0 0 4.4921575 3.2471213 21.032452 -59.532867 0.28739208 2.3001757 0.034844402
86 3 Car 0 0 0 0 0 0 0 1.533024 2.1561208 4.4322095 -48.628304 -0.896283 -1.9021113 0.039003365
86 101 Car 0 0 0 0 0 0 0 2.1784856 2.102028 4.539925 0.39316082 0.11695385 0.8462741 -0.012474863
87 1 Car 0 0 0 0 0 0 0 1.9210029 2.1884124 5.06718 59.756386 -1.8624274 9.578047 0.052959513
87 2 Car 0 0 0 0 0 0 0 4.4921575 3.2471218 21.032457 -59.31535 0.39638263 2.228628 0.036031466
87 3 Car 0 0 0 0 0 0 0 1.533024 2.1561208 4.4322095 -48.69953 -0.8862548 -1.852433 0.021161627
87 4 Car 0 0 0 0 0 0 0 1.5466391 1.8821888 4.502559 53.766113 -2.2143157 -4.690709 0.03242446
87 101 Car 0 0 0 0 0 0 0 2.1784701 2.1020198 4.5399127 0.3451538 0.05822149 0.7610574 -0.017483296
88 1 Car 0 0 0 0 0 0 0 1.9212952 2.188745 5.0671806 60.08227 -1.8609619 9.61192 0.027561191
88 2 Car 0 0 0 0 0 0 0 4.4921575 3.2471213 21.032455 -59.200058 0.34880567 2.243048 0.04376354
88 3 Car 0 0 0 0 0 0 0 1.533024 2.156121 4.432208 -48.770226 -0.8762265 -1.8458736 0.038226463
88 4 Car 0 0 0 0 0 0 0 1.5466392 1.8821888 4.5025587 50.969177 -2.1668024 -4.7720437 0.017056577
88 101 Car 0 0 0 0 0 0 0 2.1783938 2.1020246 4.5397415 0.4081831 0.15305132 0.78470665 -0.022546196
88 106 Car 0 0 0 0 0 0 0 1.5667512 2.1248093 4.8538733 49.206654 1.1379607 -3.4445028 0.07177057
89 1 Car 0 0 0 0 0 0 0 1.9212954 2.1887453 5.067182 60.43443 -1.8394967 9.582163 0.02397956
89 2 Car 0 0 0 0 0 0 0 4.4921575 3.2471213 21.032454 -59.08436 0.3949321 2.4101167 0.034042303
89 3 Car 0 0 0 0 0 0 0 1.533024 2.1561208 4.4322095 -48.906384 -0.89619833 -1.8526138 0.037837975
89 4 Car 0 0 0 0 0 0 0 1.5466393 1.8821886 4.502557 48.149765 -1.9792889 -4.8519006 0.027868627
89 101 Car 0 0 0 0 0 0 0 2.1783488 2.1020277 4.5396514 0.42633533 0.23431215 0.7845711 -0.02767986
89 106 Car 0 0 0 0 0 0 0 1.5667188 2.1248176 4.8537664 46.281906 1.0775626 -3.5451422 0.07064452
90 1 Car 0 0 0 0 0 0 0 1.9210029 2.188745 5.0664115 60.834404 -1.9080026 9.585355 0.037851647
90 2 Car 0 0 0 0 0 0 0 4.4921575 3.2471213 21.032454 -59.184055 0.4012261 2.3798242 0.033047713
90 3 Car 0 0 0 0 0 0 0 1.533024 2.1561208 4.4322114 -49.10195 -0.78408676 -1.8278431 0.03744953
90 4 Car 0 0 0 0 0 0 0 1.5466393 1.8821887 4.502559 45.239574 -2.0717754 -4.908782 0.038680654
90 101 Car 0 0 0 0 0 0 0 2.1782963 2.1020286 4.5395308 0.43752193 0.15609953 0.7676429 -0.032958135
91 1 Car 0 0 0 0 0 0 0 1.9212953 2.1887448 5.067182 61.15692 -1.936523 9.606977 0.050632685
91 2 Car 0 0 0 0 0 0 0 4.4921575 3.2471218 21.03246 -58.858116 0.4678833 2.3133016 0.04950641
91 3 Car 0 0 0 0 0 0 0 1.5330241 2.1561208 4.432209 -49.25322 -0.6732269 -1.8118643 0.038151905
91 4 Car 0 0 0 0 0 0 0 1.5466392 1.8821888 4.5025587 42.42082 -2.024262 -4.9624414 0.058219388
91 101 Car 0 0 0 0 0 0 0 2.178029 2.102055 4.538916 0.37753487 0.14273733 0.75500584 -0.029668722
92 1 Car 0 0 0 0 0 0 0 1.9212953 2.1887445 5.067181 61.50337 -1.9463764 9.601814 0.035779398
92 2 Car 0 0 0 0 0 0 0 4.4921575 3.2471213 21.03246 -58.953835 0.4446972 2.355255 0.044148497
92 3 Car 0 0 0 0 0 0 0 1.5329655 2.1561203 4.432041 -49.357933 -0.91235703 -1.7940753 0.038855776
92 4 Car 0 0 0 0 0 0 0 1.5466391 1.8821886 4.50256 39.554634 -1.9771236 -4.9791512 0.060304727
92 101 Car 0 0 0 0 0 0 0 2.1780996 2.102106 4.538954 0.3669653 -0.007047206 0.7641592 -0.018012173
93 1 Car 0 0 0 0 0 0 0 1.9212952 2.1887445 5.0671816 61.950928 -1.9562302 9.611244 0.025289498
93 2 Car 0 0 0 0 0 0 0 4.4921575 3.2471213 21.032452 -58.725792 0.47924256 2.3787403 0.047517236
93 3 Car 0 0 0 0 0 0 0 1.533024 2.1561208 4.432209 -49.399055 -0.70149213 -1.730597 0.039558876
93 4 Car 0 0 0 0 0 0 0 1.5466393 1.8821889 4.5025597 36.649544 -1.9299854 -5.2027383 0.044936825
93 101 Car 0 0 0 0 0 0 0 2.1783118 2.102027 4.5395684 0.33154297 0.03539622 0.7856537 -0.023784408
94 1 Car 0 0 0 0 0 0 0 1.9212952 2.1887445 5.06718 62.345776 -1.9660838 9.728286 0.032252736
94 2 Car 0 0 0 0 0 0 0 4.4921575 3.2471213 21.032452 -58.72705 0.49711776 2.4845424 0.04215932
94 3 Car 0 0 0 0 0 0 0 1.533024 2.1561203 4.4322095 -49.482742 -0.6906272 -1.7119596 0.040262014
94 4 Car 0 0 0 0 0 0 0 1.5466392 1.8821883 4.502559 33.78711 -1.8828471 -5.21651 0.04702221
94 101 Car 0 0 0 0 0 0 0 2.1783376 2.102047 4.5395794 -2.3985233 0.030924976 0.677752 0.014351416
94 106 Car 0 0 0 0 0 0 0 1.5667708 2.1248798 4.8537707 29.353458 0.1571666 -4.174285 0.06728188
95 1 Car 0 0 0 0 0 0 0 1.9212952 2.1887445 5.0671816 62.738865 -1.8692708 9.623912 0.031943813
95 2 Car 0 0 0 0 0 0 0 4.4921575 3.2471213 21.032455 -58.59118 0.43927544 2.6047008 0.036801416
95 3 Car 0 0 0 0 0 0 0 1.533024 2.1561205 4.432212 -49.55007 -0.9478734 -1.6971807 0.039510187
95 4 Car 0 0 0 0 0 0 0 1.5466392 1.8821888 4.5025578 30.991325 -1.8357085 -5.3203917 0.022927655
95 101 Car 0 0 0 0 0 0 0 2.1784096 2.1020503 4.5397296 -2.414174 -0.061208785 0.7041956 0.009016032
95 106 Car 0 0 0 0 0 0 0 1.5662851 2.1248848 4.852276 26.525814 -0.03307213 -4.3630238 0.07906814
96 1 Car 0 0 0 0 0 0 0 1.9212952 2.1887445 5.0671816 63.07478 -1.8524576 9.54081 0.040361397
96 2 Car 0 0 0 0 0 0 0 4.4921575 3.2471213 21.03246 -58.436333 0.4918068 2.6257358 0.040170133
96 3 Car 0 0 0 0 0 0 0 1.533024 2.1561208 4.4322095 -49.617397 -0.96511966 -1.6824019 0.038758375
96 4 Car 0 0 0 0 0 0 0 1.5466391 1.8821887 4.5025587 28.110655 -1.7885702 -5.485353 0.025013015
96 101 Car 0 0 0 0 0 0 0 2.178198 2.1021547 4.5390472 -1.0763941 -0.14127429 0.72817385 0.0033244896
96 106 Car 0 0 0 0 0 0 0 1.5666102 2.1245966 4.853927 24.921463 -0.05848059 -4.441886 0.09047083
97 1 Car 0 0 0 0 0 0 0 1.9212222 2.188744 5.066991 63.456856 -1.9076182 9.588889 0.031329624
97 2 Car 0 0 0 0 0 0 0 4.4921575 3.2471213 21.032455 -58.184044 0.4622159 2.6488516 0.03481224
97 3 Car 0 0 0 0 0 0 0 1.5329655 2.1560383 4.432207 -49.75116 -0.98236597 -1.6701992 0.038006578
97 4 Car 0 0 0 0 0 0 0 1.5466392 1.8821883 4.5025587 25.236603 -1.71047 -5.5998588 0.07057809
97 101 Car 0 0 0 0 0 0 0 2.1785014 2.1021705 4.5396466 0.3827715 -0.07631919 0.73371077 0.0069359634
98 1 Car 0 0 0 0 0 0 0 1.9212221 2.1887436 5.0669913 63.881214 -1.9259311 9.566925 0.037570816
98 2 Car 0 0 0 0 0 0 0 4.4921575 3.2471218 21.032457 -58.371033 0.38384295 2.6858711 0.02945432
98 3 Car 0 0 0 0 0 0 0 1.533024 2.1561208 4.432208 -49.84281 -0.70627886 -1.5988243 0.037256703
98 4 Car 0 0 0 0 0 0 0 1.5466392 1.8821887 4.5025587 22.431149 -1.6125005 -5.662661 0.05942284
98 101 Car 0 0 0 0 0 0 0 2.178394 2.1021724 4.5394216 0.3403902 -0.09542976 0.8394483 -0.016067266
99 1 Car 0 0 0 0 0 0 0 1.9212953 2.1887445 5.067184 64.203094 -1.9353553 9.5607395 0.026356969
99 2 Car 0 0 0 0 0 0 0 4.4921575 3.247121 21.032454 -58.216393 0.35039163 2.6779222 0.037186384
99 3 Car 0 0 0 0 0 0 0 1.533024 2.1561208 4.4322095 -49.930824 -0.7101917 -1.6244059 0.036505397
99 4 Car 0 0 0 0 0 0 0 1.5461092 1.8815488 4.502545 19.525398 -1.6847506 -5.731927 0.056988407
99 101 Car 0 0 0 0 0 0 0 2.1783485 2.1020966 4.53949 0.35351276 -0.1739484 0.6916958 -0.021523725
100 1 Car 0 0 0 0 0 0 0 1.9212954 2.1887448 5.067183 64.654236 -1.9443213 9.492469 0.03259647
100 2 Car 0 0 0 0 0 0 0 4.4921575 3.2471213 21.032457 -57.96528 0.44398427 2.6996298 0.031828478
100 3 Car 0 0 0 0 0 0 0 1.533024 2.1561208 4.4322095 -49.967293 -0.73810464 -1.604954 0.03575404
100 4 Car 0 0 0 0 0 0 0 1.5466392 1.8821887 4.5025578 16.66851 -1.6360416 -5.8521566 0.05456956
100 101 Car 0 0 0 0 0 0 0 2.1785161 2.1021914 4.539639 0.35132313 -0.2585715 0.6760406 -0.035545018
101 1 Car 0 0 0 0 0 0 0 1.9212952 2.1887453 5.067179 65.05101 -1.9332871 9.53224 0.021382788
101 2 Car 0 0 0 0 0 0 0 4.4921575 3.2471213 21.032454 -57.9226 0.45545453 2.6593323 0.043923866
101 3 Car 0 0 0 0 0 0 0 1.533024 2.1561205 4.432208 -50.04805 -0.7460175 -1.5871198 0.03500274
101 4 Car 0 0 0 0 0 0 0 1.5465803 1.8821888 4.5023875 13.786858 -1.597897 -5.916893 0.05648282
101 101 Car 0 0 0 0 0 0 0 2.1784172 2.1020951 4.5396414 0.36119556 -0.2934971 0.7649271 -0.02327123
102 1 Car 0 0 0 0 0 0 0 1.9212953 2.1887443 5.067179 65.43076 -1.972253 9.511303 0.018895704
102 2 Car 0 0 0 0 0 0 0 4.4921575 3.2471209 21.032455 -57.89811 0.35269064 2.6833239 0.03856594
102 3 Car 0 0 0 0 0 0 0 1.533024 2.1561208 4.432209 -50.127945 -0.9139304 -1.5939116 0.034251392
102 4 Car 0 0 0 0 0 0 0 1.5466392 1.8821886 4.502558 10.924238 -1.5997524 -5.9404144 0.058394913
102 101 Car 0 0 0 0 0 0 0 2.1785283 2.1022017 4.539628 0.37261105 -0.26395345 0.844192 -0.0024857465
103 1 Car 0 0 0 0 0 0 0 1.9212954 2.188745 5.0671797 65.86114 -1.9712191 9.446539 0.01640845
103 2 Car 0 0 0 0 0 0 0 4.4921575 3.2471218 21.032457 -57.758553 0.33976984 2.6623027 0.04193468
103 3 Car 0 0 0 0 0 0 0 1.5330238 2.1561208 4.432208 -50.158806 -0.9368432 -1.5568169 0.037863426
103 4 Car 0 0 0 0 0 0 0 1.5466391 1.8821888 4.5025587 7.9290676 -1.5516313 -6.0008097 0.06686704
103 101 Car 0 0 0 0 0 0 0 2.178248 2.102206 4.539046 -2.4194546 -0.24182586 0.6724249 0.0009882271
103 106 Car 0 0 0 0 0 0 0 1.5668249 2.124951 4.8537817 3.6991882 -0.483797 -5.2003427 0.110618025
104 1 Car 0 0 0 0 0 0 0 1.9212953 2.1887443 5.067181 66.2653 -1.9801847 9.447454 0.020466393
104 2 Car 0 0 0 0 0 0 0 4.4921575 3.2471213 21.032455 -57.622604 0.2819276 2.7223792 0.045303416
104 3 Car 0 0 0 0 0 0 0 1.533024 2.1561205 4.4322095 -50.184013 -0.96197844 -1.5623407 0.047293175
104 4 Car 0 0 0 0 0 0 0 1.5672109 1.8821886 4.8728485 5.0517287 -1.5162963 -6.0918484 0.06661238
104 101 Car 0 0 0 0 0 0 0 2.1785307 2.1022139 4.539623 0.3534689 -0.1780301 0.8021183 0.0079196645
105 1 Car 0 0 0 0 0 0 0 1.9212953 2.1887448 5.0671844 66.670586 -1.9891506 9.393662 0.02016086
105 2 Car 0 0 0 0 0 0 0 4.4919868 3.2469978 21.032454 -57.48346 0.4525501 2.7331407 0.039944317
105 3 Car 0 0 0 0 0 0 0 1.533024 2.1561205 4.4322104 -50.26815 -0.9822524 -1.5771786 0.02654325
105 4 Car 0 0 0 0 0 0 0 1.5466392 2.0045774 4.981884 1.9987409 -1.5403894 -6.211135 0.044541176
105 101 Car 0 0 0 0 0 0 0 2.1785333 2.1022162 4.5396175 0.41274452 -0.2043803 0.8232341 0.014813319
106 1 Car 0 0 0 0 0 0 0 1.9212954 2.188745 5.0671797 67.07205 -2.0181165 9.531347 0.019855358
106 2 Car 0 0 0 0 0 0 0 4.4921575 3.2471209 21.032454 -57.5406 0.51789474 2.8384948 0.025860947
106 3 Car 0 0 0 0 0 0 0 1.533024 2.1561208 4.432209 -50.442318 -0.81252635 -1.5530045 0.014520016
106 4 Car 0 0 0 0 0 0 0 1.5466393 1.8821887 4.5025587 -1.0327797 -1.4847684 -6.293691 0.039923288
106 101 Car 0 0 0 0 0 0 0 2.1785698 2.102211 4.5396986 0.38448334 -0.2728161 0.8452731 0.021912064
107 1 Car 0 0 0 0 0 0 0 1.9212953 2.1887445 5.067184 67.323715 -1.9770824 9.556645 0.019549917
107 2 Car 0 0 0 0 0 0 0 4.4919868 3.2469976 21.032457 -57.5147 0.47833616 2.8505247 0.029228892
107 3 Car 0 0 0 0 0 0 0 1.533024 2.1561208 4.432212 -50.437958 -0.9528004 -1.5463924 0.0286767
107 4 Car 0 0 0 0 0 0 0 1.5406952 1.8749553 4.5025587 -3.737726 -1.5091475 -6.2985754 0.05275864
107 101 Car 0 0 0 0 0 0 0 2.1785336 2.102201 4.539655 0.3433771 -0.3716033 0.8441274 0.011806041
108 1 Car 0 0 0 0 0 0 0 1.9212221 2.1887443 5.0669904 67.70382 -1.9856054 9.441269 0.0017912257
108 2 Car 0 0 0 0 0 0 0 4.4921575 3.247121 21.032455 -57.408848 0.39707756 2.8665893 0.023871765
108 3 Car 0 0 0 0 0 0 0 1.533024 2.156121 4.43221 -50.518112 -0.9330745 -1.5624837 0.025380138
108 4 Car 0 0 0 0 0 0 0 1.5445197 1.8796313 4.5025063 -6.7565804 -1.4201695 -6.3594995 0.09197548
108 101 Car 0 0 0 0 0 0 0 2.1785588 2.102197 4.539714 0.45522213 -0.3173427 0.84056866 0.01932852
109 1 Car 0 0 0 0 0 0 0 1.9212952 2.188745 5.0671825 67.97903 -2.0350142 9.325672 0.0014856991
109 2 Car 0 0 0 0 0 0 0 4.4921575 3.2471216 21.032455 -57.205246 0.47141176 2.8461294 0.018513856
109 3 Car 0 0 0 0 0 0 0 1.533024 2.1561208 4.4322095 -50.55682 -0.8233484 -1.5900046 0.013356908
109 4 Car 0 0 0 0 0 0 0 1.5456972 1.8810492 4.5025415 -9.683554 -1.3863491 -6.4486313 0.078492105
109 101 Car 0 0 0 0 0 0 0 2.1785793 2.1022038 4.5397453 0.4535246 -0.36635172 0.8958473 0.044640094
110 1 Car 0 0 0 0 0 0 0 1.9212953 2.188745 5.0671816 68.50043 -2.0590909 9.113964 0.014270222
110 2 Car 0 0 0 0 0 0 0 4.4921575 3.2471213 21.032457 -57.244877 0.36097074 2.9160776 0.02188259
110 3 Car 0 0 0 0 0 0 0 1.533024 2.1561208 4.4322085 -50.610447 -0.9229975 -1.6057637 0.020150501
110 4 Car 0 0 0 0 0 0 0 1.4639974 1.9394217 4.5025587 -11.202125 -1.3975332 -6.5205154 0.03490661
110 101 Car 0 0 0 0 0 0 0 2.1787562 2.1022134 4.540093 0.383852 -0.49895856 0.88726413 0.052247923
111 1 Car 0 0 0 0 0 0 0 1.9212954 2.188745 5.0671816 68.88719 -2.0831673 9.258383 0.009601386
111 2 Car 0 0 0 0 0 0 0 4.4919868 3.2469974 21.032452 -57.058517 0.3439818 2.9335184 0.016524717
111 3 Car 0 0 0 0 0 0 0 1.533024 2.1561208 4.43221 -50.664062 -1.0026464 -1.6215229 0.02694409
111 4 Car 0 0 0 0 0 0 0 1.4639974 1.8821887 4.5025587 -12.74298 -1.3949742 -6.483472 0.061086483
111 101 Car 0 0 0 0 0 0 0 2.1786695 2.102222 4.539891 0.41068935 -0.43664125 0.91919017 0.05108525
111 106 Car 0 0 0 0 0 0 0 1.5670092 2.1249523 4.8543563 -16.3621 -1.1531434 -5.9809384 0.058671188
112 1 Car 0 0 0 0 0 0 0 1.9212952 2.1887448 5.0671835 69.28421 -2.107244 9.263342 0.018022547
112 2 Car 0 0 0 0 0 0 0 4.4919868 3.2469978 21.032455 -57.06031 0.3453768 2.8019462 0.028618641
112 3 Car 0 0 0 0 0 0 0 1.533024 2.1561205 4.43221 -50.583286 -0.9097954 -1.6164403 0.029374314
112 4 Car 0 0 0 0 0 0 0 1.5923531 2.0236835 4.501017 -15.4984665 -1.3202448 -6.5941987 0.061095495
112 101 Car 0 0 0 0 0 0 0 2.1785843 2.102221 4.539715 0.33551788 -0.34316948 0.8204869 0.006477547
112 106 Car 0 0 0 0 0 0 0 1.5669478 2.1249528 4.8541603 -19.240427 -1.1668371 -6.063204 0.06486507
113 1 Car 0 0 0 0 0 0 0 1.9212952 2.1887448 5.067186 69.628 -2.1314769 9.495819 0.0133537
113 2 Car 0 0 0 0 0 0 0 4.4919868 3.2469978 21.032452 -56.96773 0.20586586 2.8834043 0.018896792
113 3 Car 0 0 0 0 0 0 0 1.533024 2.1561205 4.4322114 -50.704536 -0.9169444 -1.5771074 0.03180459
113 4 Car 0 0 0 0 0 0 0 1.5102572 2.0236838 4.419916 -18.305107 -1.2668731 -6.666653 0.052377827
113 101 Car 0 0 0 0 0 0 0 2.1785946 2.1022205 4.5397387 -2.4587593 -0.27801675 0.7772125 0.037692204
113 106 Car 0 0 0 0 0 0 0 1.5668359 2.1248717 4.853999 -24.874195 -1.2384934 -6.2083554 0.07051298
114 1 Car 0 0 0 0 0 0 0 1.9212952 2.1887443 5.0671835 70.011635 -2.1557097 9.159967 0.026138201
114 2 Car 0 0 0 0 0 0 0 4.491473 3.2466273 21.03245 -56.86467 0.28756952 2.9124937 0.017898874
114 3 Car 0 0 0 0 0 0 0 1.533024 2.1561205 4.432209 -50.801872 -0.8928435 -1.6034936 0.032325905
114 4 Car 0 0 0 0 0 0 0 1.5101995 2.0236833 4.4197493 -21.221054 -1.2224369 -6.70279 0.03929833
114 101 Car 0 0 0 0 0 0 0 2.1785908 2.102219 4.539733 0.37978268 -0.30356076 0.89854395 0.025807364
114 106 Car 0 0 0 0 0 0 0 1.5666541 2.1061559 4.8493285 -24.922947 -1.2808375 -6.187899 0.081057824
115 1 Car 0 0 0 0 0 0 0 1.9212953 2.1887445 5.0671825 70.48726 -2.0999427 9.166304 0.030196175
115 2 Car 0 0 0 0 0 0 0 4.4919868 3.246998 21.032452 -56.675957 0.26932675 3.027781 0.008179871
115 3 Car 0 0 0 0 0 0 0 1.533024 2.1561205 4.4322095 -50.83417 -0.8987425 -1.5759541 0.015393905
115 4 Car 0 0 0 0 0 0 0 1.509337 2.0236826 4.4172263 -24.114513 -1.1297594 -6.7896185 0.061140604
115 101 Car 0 0 0 0 0 0 0 2.1786225 2.1022162 4.5398006 0.3455553 -0.37309873 0.8286617 0.039600324
115 106 Car 0 0 0 0 0 0 0 1.5669155 2.0879958 4.844742 -27.73099 -1.3981485 -6.2873087 0.08238458
116 1 Car 0 0 0 0 0 0 0 1.9212953 2.1887445 5.0671854 70.83417 -2.0841756 9.211926 0.034253966
116 2 Car 0 0 0 0 0 0 0 4.4919868 3.2469978 21.032454 -56.78244 0.30495143 2.9880128 0.015911458
116 3 Car 0 0 0 0 0 0 0 1.5330238 2.1561208 4.43221 -50.887062 -0.7146414 -1.4836788 0.024641877
116 4 Car 0 0 0 0 0 0 0 1.5102571 2.0236838 4.419917 -26.98682 -1.1162989 -6.844772 0.06552162
116 101 Car 0 0 0 0 0 0 0 2.1786938 2.1022196 4.5399446 0.43112946 -0.42499334 0.8164288 0.044783015
116 106 Car 0 0 0 0 0 0 0 1.5667281 2.0692074 4.8402348 -30.628437 -1.4351851 -6.3836193 0.083818205
117 1 Car 0 0 0 0 0 0 0 1.9212954 2.1887445 5.0671797 71.16971 -2.0684083 8.895808 0.038311765
117 2 Car 0 0 0 0 0 0 0 4.4921575 3.2471213 21.032457 -56.578392 0.31544095 2.979527 0.03237094
117 3 Car 0 0 0 0 0 0 0 1.5329655 2.1560385 4.432211 -50.93949 -0.7401643 -1.4776336 0.029526714
117 4 Car 0 0 0 0 0 0 0 1.5102571 2.0236838 4.4199166 -29.858463 -1.1128385 -6.910022 0.06990268
117 101 Car 0 0 0 0 0 0 0 2.1786914 2.10222 4.5399394 0.28764057 -0.5487144 0.86955255 0.05883684
117 106 Car 0 0 0 0 0 0 0 1.5669651 2.0510426 4.8355727 -33.494225 -1.5803038 -6.4470057 0.050497863
118 1 Car 0 0 0 0 0 0 0 1.9212954 2.1887445 5.067182 71.57735 -2.0526412 8.782408 0.02491631
118 2 Car 0 0 0 0 0 0 0 4.4921575 3.2471213 21.032455 -56.58461 0.33720136 2.982757 0.031375855
118 3 Car 0 0 0 0 0 0 0 1.533024 2.1561208 4.4322085 -50.947052 -0.81643945 -1.6013306 0.034411147
118 4 Car 0 0 0 0 0 0 0 1.5102572 2.0236838 4.419915 -32.731613 -1.1693782 -6.9550905 0.074283764
118 101 Car 0 0 0 0 0 0 0 2.178677 2.102222 4.5399113 0.41882038 -0.5277213 0.850603 0.06437244
118 106 Car 0 0 0 0 0 0 0 1.5667161 2.032566 4.8301454 -36.38794 -1.6101966 -6.588899 0.087203495
119 1 Car 0 0 0 0 0 0 0 1.9212954 2.1887448 5.0671773 71.90158 -2.0568743 8.775919 0.011520829
119 2 Car 0 0 0 0 0 0 0 4.4921575 3.2471213 21.032455 -56.54451 0.42230535 2.9711518 0.03038078
119 3 Car 0 0 0 0 0 0 0 1.533024 2.1561205 4.432209 -51.025337 -0.7123385 -1.5195057 0.03929579
119 4 Car 0 0 0 0 0 0 0 1.5093371 2.0236764 4.417241 -35.56382 -1.0659299 -6.966482 0.07871251
119 101 Car 0 0 0 0 0 0 0 2.1787114 2.1022193 4.5399823 -0.42810822 -0.50884473 0.8180336 0.026125018
119 106 Car 0 0 0 0 0 0 0 1.5669798 2.0171688 4.8542624 -40.22499 -1.6239716 -6.6799703 0.067894034
120 1 Car 0 0 0 0 0 0 0 1.9212952 2.1887448 5.0671773 72.30676 -2.051107 8.7694435 0.0024887007
120 2 Car 0 0 0 0 0 0 0 4.4919868 3.2469974 21.032448 -56.38735 0.40247822 3.0124083 0.029384583
120 3 Car 0 0 0 0 0 0 0 1.533024 2.1561205 4.432208 -51.03436 -0.9008919 -1.5222725 0.034955204
120 4 Car 0 0 0 0 0 0 0 1.5088197 2.0236704 4.41574 -38.324505 -1.0424566 -7.0225863 0.08319624
120 101 Car 0 0 0 0 0 0 0 2.1785982 2.1022189 4.539745 -0.5393238 -0.33773425 0.81682277 0.010110332
120 106 Car 0 0 0 0 0 0 0 1.5668983 2.0479639 4.854009 -43.11471 -1.6934311 -6.8172636 0.06646611
121 1 Car 0 0 0 0 0 0 0 1.9212952 2.1887448 5.067181 72.71598 -2.0653398 8.84822 0.0021833335
121 2 Car 0 0 0 0 0 0 0 4.491473 3.246627 21.032457 -56.393204 0.34717107 3.0015497 0.028386291
121 3 Car 0 0 0 0 0 0 0 1.533024 2.1561208 4.432209 -51.088177 -0.89944535 -1.5152373 0.03934128
121 4 Car 0 0 0 0 0 0 0 1.5099696 2.0234044 4.419683 -41.30926 -0.9897036 -7.0622797 0.08747955
121 101 Car 0 0 0 0 0 0 0 2.1785703 2.1022162 4.5396996 -0.50123024 -0.29382172 0.7666526 -0.0054992614
121 106 Car 0 0 0 0 0 0 0 1.5668783 2.1249514 4.8539534 -46.113014 -1.785351 -6.9480495 0.06544176
122 1 Car 0 0 0 0 0 0 0 1.9212952 2.1887448 5.0671797 72.983955 -2.0895727 8.8140955 0.010604439
122 2 Car 0 0 0 0 0 0 0 4.4921575 3.2471218 21.032457 -56.220036 0.4151194 2.973866 0.02739553
122 3 Car 0 0 0 0 0 0 0 1.533024 2.1561208 4.4322095 -51.13001 -0.7104988 -1.5296477 0.032819007
122 4 Car 0 0 0 0 0 0 0 1.5093371 2.0236735 4.4172487 -44.10758 -0.9865952 -7.1971216 0.09189882
122 101 Car 0 0 0 0 0 0 0 2.1785963 2.1021323 4.539932 -0.48942852 -0.36817494 0.78784686 0.02287566
122 106 Car 0 0 0 0 0 0 0 1.5660019 2.1236548 4.8541923 -49.040276 -1.8427283 -7.1040707 0.05170959
123 1 Car 0 0 0 0 0 0 0 1.9212222 2.188661 5.0671825 73.47352 -2.1038055 8.700778 0.010298863
123 2 Car 0 0 0 0 0 0 0 4.4921575 3.2471213 21.032454 -56.17115 0.4257586 2.9616244 0.026400605
123 3 Car 0 0 0 0 0 0 0 1.533024 2.1561208 4.4322095 -51.172295 -0.92155224 -1.5332867 0.030660097
123 4 Car 0 0 0 0 0 0 0 1.5097395 2.0236773 4.4184155 -46.913036 -0.9423367 -7.261298 0.096323326
123 101 Car 0 0 0 0 0 0 0 2.1786985 2.1022134 4.539975 -0.5323038 -0.4940704 0.844677 0.02085196
123 106 Car 0 0 0 0 0 0 0 1.5669703 2.1249478 4.854246 -52.02903 -1.8969917 -7.245758 0.05950215
124 1 Car 0 0 0 0 0 0 0 1.9212952 2.1887448 5.067186 73.80698 -2.1180384 8.943245 0.009993384
124 2 Car 0 0 0 0 0 0 0 4.4921575 3.2471209 21.03246 -56.122265 0.43639773 2.949383 0.025405686
124 3 Car 0 0 0 0 0 0 0 1.533024 2.1561208 4.4322104 -51.167812 -0.94260573 -1.6218727 0.028501164
124 4 Car 0 0 0 0 0 0 0 1.5102571 2.023684 4.419915 -49.78438 -0.8886532 -7.321886 0.057097927
124 101 Car 0 0 0 0 0 0 0 2.1786668 2.1022148 4.539907 0.34600544 -0.51297367 0.8076635 0.022819264
124 106 Car 0 0 0 0 0 0 0 1.5597337 2.1151905 4.8541155 -54.073105 -2.0121708 -7.270098 0.053735856
125 1 Car 0 0 0 0 0 0 0 1.9212953 2.188745 5.0671806 74.272545 -2.1122713 8.770251 0.018968549
125 2 Car 0 0 0 0 0 0 0 4.4921575 3.2471213 21.03246 -56.056366 0.405545 2.8723035 0.02448773
125 3 Car 0 0 0 0 0 0 0 1.5327904 2.1557925 4.432209 -51.232716 -0.9325333 -1.60485 0.026338236
125 4 Car 0 0 0 0 0 0 0 1.5102571 2.023684 4.419916 -52.76542 -0.9249698 -7.4144483 0.0789594
125 101 Car 0 0 0 0 0 0 0 2.1786842 2.1022186 4.5399303 0.3128147 -0.52930707 0.8370259 0.024750413
125 106 Car 0 0 0 0 0 0 0 1.566423 2.1242247 4.8541994 -57.148777 -2.0147824 -7.3566694 0.061138213
126 1 Car 0 0 0 0 0 0 0 1.9212952 2.1887445 5.067183 74.68268 -2.1465042 8.790621 0.027943574
126 2 Car 0 0 0 0 0 0 0 4.4919868 3.246997 21.032455 -55.991707 0.41989547 2.8443081 0.023568898
126 3 Car 0 0 0 0 0 0 0 1.533024 2.156121 4.432211 -51.162804 -0.9330238 -1.6596824 0.024177343
126 4 Car 0 0 0 0 0 0 0 1.5102571 2.0236845 4.4199176 -55.678684 -0.9212863 -7.5151343 0.055005707
126 101 Car 0 0 0 0 0 0 0 2.1785145 2.102135 4.539754 -0.4659443 -0.5169747 0.817503 0.02695331
126 106 Car 0 0 0 0 0 0 0 1.5654062 2.122931 4.854002 -60.86184 -2.2058609 -7.5036726 0.05115413
127 1 Car 0 0 0 0 0 0 0 1.9212953 2.1887445 5.0671873 74.95921 -2.160737 8.846541 0.007829867
127 2 Car 0 0 0 0 0 0 0 4.4919868 3.2469978 21.032454 -55.927025 0.41150355 2.8159199 0.022649623
127 3 Car 0 0 0 0 0 0 0 1.533024 2.1561208 4.4322114 -51.20418 -0.8485151 -1.6957257 0.022016415
127 4 Car 0 0 0 0 0 0 0 1.5101995 2.0236833 4.4197493 -58.372322 -0.91721714 -7.590206 0.0703247
127 101 Car 0 0 0 0 0 0 0 2.1785502 2.102204 4.539685 -0.47939014 -0.36143586 0.8443866 0.038054675
127 106 Car 0 0 0 0 0 0 0 1.5653725 2.1229203 4.8539257 -63.877346 -2.2751527 -7.686338 0.063170165
128 1 Car 0 0 0 0 0 0 0 1.9212953 2.1887448 5.0671816 75.33721 -2.17497 8.836977 0.013896124
128 2 Car 0 0 0 0 0 0 0 4.4921575 3.2471216 21.03246 -55.862343 0.44775152 2.7871385 0.021730796
128 3 Car 0 0 0 0 0 0 0 1.5329655 2.1560383 4.432213 -51.267723 -0.7440064 -1.7321613 0.019854723
128 4 Car 0 0 0 0 0 0 0 1.5093371 2.0236783 4.4172363 -61.22659 -0.69501716 -7.695995 0.05077721
128 101 Car 0 0 0 0 0 0 0 2.1785107 2.1021762 4.539658 -0.44573116 -0.21571429 0.8355415 0.031585213
128 106 Car 0 0 0 0 0 0 0 1.5660594 2.1245492 4.852331 -66.739746 -2.3062866 -7.7729754 0.057585396
129 1 Car 0 0 0 0 0 0 0 1.9212953 2.1887445 5.0671835 75.7152 -2.1892028 8.827414 0.019962315
129 2 Car 0 0 0 0 0 0 0 4.4919868 3.2469974 21.032454 -55.798347 0.39443803 2.7912145 0.020811189
129 3 Car 0 0 0 0 0 0 0 1.5329655 2.1560388 4.4322104 -51.262024 -0.73281705 -1.7672791 0.017692657
129 4 Car 0 0 0 0 0 0 0 1.5102571 2.023684 4.4199147 -64.038025 -0.64964724 -7.691084 0.04866228
129 101 Car 0 0 0 0 0 0 0 2.1785069 2.1021256 4.5397606 -0.46859455 -0.17121664 0.80102706 0.033768218
129 106 Car 0 0 0 0 0 0 0 1.5668327 2.1248624 4.854014 -69.5362 -2.297901 -7.9682026 0.051645096
130 1 Car 0 0 0 0 0 0 0 1.9212953 2.188745 5.0671816 76.14683 -2.2034357 8.88096 0.0202108
130 2 Car 0 0 0 0 0 0 0 4.4919868 3.2469978 21.032454 -55.523346 0.36358708 2.7666185 0.019891191
130 3 Car 0 0 0 0 0 0 0 1.533024 2.1561208 4.4322095 -51.323803 -0.69162756 -1.7388015 0.015530935
130 4 Car 0 0 0 0 0 0 0 1.5102571 2.023684 4.41992 -66.99683 -0.5258319 -7.8429823 0.055273905
130 101 Car 0 0 0 0 0 0 0 2.1785226 2.1021154 4.53981 -0.4675188 -0.2155804 0.7839472 0.03596221
130 106 Car 0 0 0 0 0 0 0 1.5668436 2.124848 4.8540745 -72.4102 -2.3918242 -8.085752 0.043999042
131 2 Car 0 0 0 0 0 0 0 4.4921575 3.2471213 21.032457 -55.45865 0.37765425 2.7384295 0.018971585
131 3 Car 0 0 0 0 0 0 0 1.5329655 2.1560385 4.4322104 -51.274574 -0.87025 -1.7195728 0.0133686885
131 4 Car 0 0 0 0 0 0 0 1.5102571 2.0236835 4.4199142 -69.721466 -0.5143223 -7.919992 0.016616166
131 101 Car 0 0 0 0 0 0 0 2.1785717 2.1021302 4.5398855 -0.46465492 -0.34274244 0.77770025 0.037769448
131 106 Car 0 0 0 0 0 0 0 1.565388 2.1248608 4.8495445 -75.32051 -2.4206169 -8.248804 0.044694584
132 1 Car 0 0 0 0 0 0 0 1.9212953 2.1887445 5.0671797 76.7581 -2.2319014 8.917182 0.02070773
132 2 Car 0 0 0 0 0 0 0 4.4919868 3.2469976 21.032457 -55.393925 0.34680486 2.7090645 0.018051295
132 3 Car 0 0 0 0 0 0 0 1.533024 2.1561208 4.432209 -51.357185 -0.86924875 -1.7989504 0.011207477
132 4 Car 0 0 0 0 0 0 0 1.510027 2.0233755 4.4199142 -72.757706 -0.60281277 -7.946302 0.021588363
132 101 Car 0 0 0 0 0 0 0 2.178616 2.1021137 4.540012 -0.49984932 -0.4316969 0.80337906 0.031031018
132 106 Car 0 0 0 0 0 0 0 1.5653331 2.1247084 4.849715 -78.18516 -2.4067078 -8.384821 0.054300226
