0 1 Car 0 0 0 0 0 0 0 2.0228767 2.0807319 4.7514863 -10.790438 -1.0757308 2.2854204 0.37524575
0 2 Car 0 0 0 0 0 0 0 2.3226404 2.0477023 4.8640203 -7.7855415 -0.96994543 -0.9964117 0.3054326
0 3 Car 0 0 0 0 0 0 0 1.5525835 2.001632 4.105728 -15.427492 -1.3234447 -4.4513974 0.44505894
0 4 Car 0 0 0 0 0 0 0 3.0372367 2.9364247 7.7304087 -24.790226 -0.48659778 -8.032712 0.40142563
0 5 Car 0 0 0 0 0 0 0 1.9083326 1.9008908 4.6330686 -69.98596 -1.1042827 -14.64156 -0.42350972
0 6 Car 0 0 0 0 0 0 0 2.496336 2.8237977 6.5758963 -51.593185 -0.69955415 -24.56218 1.0325017
0 7 Car 0 0 0 0 0 0 0 1.7856836 1.9256766 4.4505715 -75.33662 -1.2916698 -12.49004 -0.4179824
0 104 Car 0 0 0 0 0 0 0 2.229064 2.0093448 4.4722333 -0.025272608 0.7090107 -0.063236296 0.02446339
1 1 Car 0 0 0 0 0 0 0 2.0228767 2.0807316 4.751487 -10.7833605 -1.0980973 2.2792368 0.37524572
1 2 Car 0 0 0 0 0 0 0 2.3226404 2.0477028 4.8640203 -7.7920394 -0.94671917 -0.9769927 0.29670596
1 3 Car 0 0 0 0 0 0 0 1.5525835 2.001632 4.105728 -15.427492 -1.3234447 -4.4513974 0.44505894
1 4 Car 0 0 0 0 0 0 0 3.0372367 2.9364247 7.7304087 -24.790226 -0.51697016 -8.032712 0.40142563
1 5 Car 0 0 0 0 0 0 0 1.9083325 1.9008918 4.6330676 -69.95706 -1.1233633 -14.61279 -0.40918243
1 6 Car 0 0 0 0 0 0 0 2.496336 2.8237984 6.5758944 -51.31056 -0.67080796 -24.231094 1.0292723
1 7 Car 0 0 0 0 0 0 0 1.7856836 1.9256783 4.450572 -75.33177 -1.2740359 -12.490558 -0.41472507
1 104 Car 0 0 0 0 0 0 0 2.229062 2.009334 4.472251 -0.06134045 0.675185 -0.067718446 0.01572761
2 1 Car 0 0 0 0 0 0 0 2.0228767 2.0807319 4.7514863 -10.732227 -1.0800066 2.2908525 0.38397247
2 2 Car 0 0 0 0 0 0 0 2.3226404 2.0477023 4.8640203 -7.779724 -0.94671917 -1.0160513 0.3054326
2 3 Car 0 0 0 0 0 0 0 1.5525833 2.0016317 4.105728 -15.43611 -1.3258218 -4.433331 0.44505888
2 4 Car 0 0 0 0 0 0 0 3.0371213 2.9363303 7.730363 -24.790226 -0.5169703 -8.032713 0.4014121
2 5 Car 0 0 0 0 0 0 0 1.9083326 1.9008924 4.633068 -69.93439 -1.1224437 -14.646908 -0.40358156
2 6 Car 0 0 0 0 0 0 0 2.496336 2.823797 6.5758944 -51.074593 -0.672489 -23.97762 1.0249429
2 7 Car 0 0 0 0 0 0 0 1.7856835 1.9256799 4.4505696 -75.326935 -1.256402 -12.491076 -0.41146794
2 104 Car 0 0 0 0 0 0 0 2.2289772 2.009262 4.4722404 -0.06135094 0.6814924 -0.06897211 0.015744172
3 1 Car 0 0 0 0 0 0 0 2.0228767 2.0807316 4.751487 -10.754979 -1.0619158 2.294835 0.3883357
3 2 Car 0 0 0 0 0 0 0 2.3226404 2.0477026 4.864021 -7.795288 -0.96994543 -0.9672834 0.30543256
3 3 Car 0 0 0 0 0 0 0 1.5525832 2.0016317 4.105728 -15.431801 -1.3270104 -4.442364 0.44505888
3 4 Car 0 0 0 0 0 0 0 3.0372367 2.936425 7.730408 -24.861385 -0.5017841 -8.062916 0.4014052
3 5 Car 0 0 0 0 0 0 0 1.9083325 1.9008904 4.633069 -69.98297 -1.1415242 -14.607148 -0.42416048
3 6 Car 0 0 0 0 0 0 0 2.496336 2.8237984 6.575893 -50.787476 -0.64920664 -23.69447 1.0293406
3 7 Car 0 0 0 0 0 0 0 1.7856835 1.9256767 4.4505706 -75.3221 -1.2387681 -12.491594 -0.41402838
3 104 Car 0 0 0 0 0 0 0 2.229064 2.0093498 4.4722195 -0.062170386 0.70509756 -0.06862819 0.028843425
4 1 Car 0 0 0 0 0 0 0 2.0228767 2.0807316 4.7514863 -10.744007 -1.0539392 2.278892 0.3839724
4 2 Car 0 0 0 0 0 0 0 2.3226404 2.0477028 4.8640203 -7.789642 -0.9525256 -0.9869739 0.29670596
4 3 Car 0 0 0 0 0 0 0 1.5525832 2.0016317 4.105728 -15.431801 -1.3281988 -4.442364 0.44505888
4 4 Car 0 0 0 0 0 0 0 3.0372367 2.9364254 7.730408 -24.896967 -0.5017841 -8.078018 0.40139833
4 5 Car 0 0 0 0 0 0 0 1.90826 1.9008294 4.6330395 -70.030174 -1.1479396 -14.615627 -0.4275924
4 6 Car 0 0 0 0 0 0 0 2.496336 2.8237982 6.5758944 -50.649548 -0.65400815 -23.479065 1.0250112
4 7 Car 0 0 0 0 0 0 0 1.7856835 1.9256792 4.4505754 -75.31726 -1.2211342 -12.492113 -0.41658843
4 104 Car 0 0 0 0 0 0 0 2.2290616 2.0093646 4.472182 -0.08369827 0.704628 -0.088549554 0.04194828
5 1 Car 0 0 0 0 0 0 0 2.0228767 2.0807314 4.7514863 -10.788781 -1.0459628 2.274088 0.3839724
5 2 Car 0 0 0 0 0 0 0 2.3226404 2.0477028 4.8640213 -7.7870746 -0.94671917 -0.9968989 0.2923426
5 3 Car 0 0 0 0 0 0 0 1.5525832 2.0016317 4.105728 -15.431801 -1.3093874 -4.442364 0.44505888
5 4 Car 0 0 0 0 0 0 0 3.0372367 2.936425 7.7304087 -24.861383 -0.5017841 -8.062918 0.40139148
5 5 Car 0 0 0 0 0 0 0 1.9083326 1.9008911 4.633065 -69.93238 -1.1296853 -14.619324 -0.441321
5 6 Car 0 0 0 0 0 0 0 2.496336 2.823795 6.575894 -50.460243 -0.6588096 -23.219526 1.0119553
5 7 Car 0 0 0 0 0 0 0 1.7856835 1.9256785 4.450573 -75.31242 -1.2035003 -12.492632 -0.41914904
5 104 Car 0 0 0 0 0 0 0 2.26448 2.0093498 4.472216 -0.038918257 0.6802201 -0.06645113 0.028852416
6 1 Car 0 0 0 0 0 0 0 2.0228767 2.0807316 4.7514863 -10.763577 -1.0379863 2.286337 0.3839724
6 2 Car 0 0 0 0 0 0 0 2.3226404 2.0477026 4.8640213 -7.7845078 -0.9409125 -1.006824 0.2879793
6 3 Car 0 0 0 0 0 0 0 1.5525832 2.0016317 4.105728 -15.400919 -1.310576 -4.4276347 0.44505894
6 4 Car 0 0 0 0 0 0 0 3.0372367 2.9364247 7.7304068 -24.861383 -0.5017841 -8.062918 0.40138465
6 5 Car 0 0 0 0 0 0 0 1.9083327 1.9008912 4.633073 -69.82149 -1.1387658 -14.646836 -0.4204479
6 6 Car 0 0 0 0 0 0 0 2.496336 2.8237967 6.5758963 -50.335358 -0.6386477 -23.00975 0.9988995
6 7 Car 0 0 0 0 0 0 0 1.7856834 1.9256803 4.4505734 -75.30759 -1.1858664 -12.49315 -0.42170954
6 104 Car 0 0 0 0 0 0 0 2.2644722 2.0093598 4.4721804 0.073067546 0.67054176 -0.05557716 0.041914854
7 1 Car 0 0 0 0 0 0 0 2.0228767 2.0807319 4.7514863 -10.7604 -1.0502386 2.2896862 0.3839724
7 2 Car 0 0 0 0 0 0 0 2.3226404 2.0477028 4.8640203 -7.7883973 -0.95833224 -0.99463606 0.29234266
7 3 Car 0 0 0 0 0 0 0 1.5525835 2.0016317 4.105727 -15.370037 -1.3117646 -4.412905 0.445059
7 4 Car 0 0 0 0 0 0 0 3.0372367 2.936425 7.730409 -24.814331 -0.5017841 -8.074847 0.40137777
7 5 Car 0 0 0 0 0 0 0 1.9083327 1.9008896 4.633067 -69.87378 -1.1873935 -14.681418 -0.4276056
7 6 Car 0 0 0 0 0 0 0 2.496336 2.8237965 6.5758944 -50.145664 -0.6484418 -22.763493 0.98584366
7 7 Car 0 0 0 0 0 0 0 1.7856834 1.9256786 4.4505744 -75.30275 -1.1682324 -12.493668 -0.4242699
7 104 Car 0 0 0 0 0 0 0 2.2644725 2.0093584 4.4721766 0.0020291805 0.7131027 -0.10527879 0.04191415
8 1 Car 0 0 0 0 0 0 0 2.0228767 2.0807314 4.7514863 -10.749429 -1.0523764 2.2737432 0.3839724
8 2 Car 0 0 0 0 0 0 0 2.3226404 2.0477028 4.864021 -7.789422 -0.964139 -0.9922774 0.30106926
8 3 Car 0 0 0 0 0 0 0 1.5525835 2.0016317 4.105727 -15.339155 -1.3129532 -4.3981752 0.445059
8 4 Car 0 0 0 0 0 0 0 3.0372367 2.9364252 7.7304087 -24.85565 -0.5017841 -8.076431 0.40137094
8 5 Car 0 0 0 0 0 0 0 1.9083326 1.9008908 4.6330643 -69.81142 -1.1332614 -14.677367 -0.4230665
8 6 Car 0 0 0 0 0 0 0 2.496336 2.8237982 6.5758944 -49.974133 -0.65823597 -22.544645 0.97278786
8 7 Car 0 0 0 0 0 0 0 1.7856834 1.9256771 4.450572 -75.2979 -1.1505985 -12.494186 -0.42683062
8 104 Car 0 0 0 0 0 0 0 2.26447 2.0093584 4.472176 -0.04525578 0.71229434 -0.07684332 0.041913845
9 1 Car 0 0 0 0 0 0 0 2.0228767 2.0807314 4.7514863 -10.750149 -1.0747432 2.2867384 0.3839724
9 2 Car 0 0 0 0 0 0 0 2.3226404 2.0477026 4.8640203 -7.7904468 -0.96994543 -0.9899187 0.3054326
9 3 Car 0 0 0 0 0 0 0 1.5525835 2.001632 4.105728 -15.357685 -1.3141416 -4.4070134 0.44505894
9 4 Car 0 0 0 0 0 0 0 3.0372367 2.9364252 7.7304077 -24.820068 -0.47141162 -8.061332 0.40136412
9 5 Car 0 0 0 0 0 0 0 1.9083326 1.9008899 4.6330667 -69.76549 -1.1191294 -14.70979 -0.41852656
9 6 Car 0 0 0 0 0 0 0 2.496336 2.8237972 6.5758944 -49.839043 -0.66803 -22.380827 0.9771854
9 7 Car 0 0 0 0 0 0 0 1.7856834 1.9256792 4.450571 -75.29307 -1.1329646 -12.494705 -0.4239371
9 104 Car 0 0 0 0 0 0 0 2.2644567 2.0093367 4.4721966 -0.06527507 0.71866256 -0.10429269 0.024620151
10 1 Car 0 0 0 0 0 0 0 2.0227227 2.080707 4.7511797 -10.739177 -1.0869954 2.2707956 0.38383082
10 2 Car 0 0 0 0 0 0 0 2.3226404 2.0477028 4.864021 -7.7852287 -0.9525256 -1.0070624 0.30979595
10 3 Car 0 0 0 0 0 0 0 1.5525832 2.0016317 4.105728 -15.353439 -1.3147051 -4.404988 0.44505888
10 4 Car 0 0 0 0 0 0 0 3.0372367 2.936425 7.7304077 -24.820108 -0.4687109 -8.061234 0.40135178
10 5 Car 0 0 0 0 0 0 0 1.9083325 1.9008917 4.6330695 -69.66357 -1.1192505 -14.75285 -0.4181974
10 6 Car 0 0 0 0 0 0 0 2.496336 2.8237956 6.575894 -49.70375 -0.7027876 -22.216703 0.95540285
10 7 Car 0 0 0 0 0 0 0 1.7856836 1.9256799 4.45057 -75.28823 -1.115331 -12.495222 -0.42104346
10 104 Car 0 0 0 0 0 0 0 2.2644715 2.0093577 4.472178 -0.054637194 0.6944418 -0.081912816 0.041907787
11 1 Car 0 0 0 0 0 0 0 2.0228767 2.0807314 4.7514863 -10.739893 -1.0790191 2.2837927 0.37503332
11 2 Car 0 0 0 0 0 0 0 2.3226404 2.0477026 4.8640203 -7.783132 -0.94671917 -1.0144548 0.3054326
11 3 Car 0 0 0 0 0 0 0 1.5525832 2.0016317 4.105727 -15.349192 -1.3152688 -4.402962 0.44505906
11 4 Car 0 0 0 0 0 0 0 3.0372367 2.9364247 7.7304087 -24.820148 -0.46601018 -8.061137 0.40133947
11 5 Car 0 0 0 0 0 0 0 1.9083325 1.9008896 4.633065 -69.619156 -1.1027049 -14.792235 -0.41786873
11 6 Car 0 0 0 0 0 0 0 2.4962409 2.8237278 6.575805 -49.56846 -0.6876184 -22.05258 0.9336207
11 7 Car 0 0 0 0 0 0 0 1.7856835 1.9256784 4.450576 -75.28339 -1.097697 -12.495741 -0.41814923
11 104 Car 0 0 0 0 0 0 0 2.2644725 2.0093567 4.4721813 -0.06839907 0.6762842 -0.09470618 0.042073112
12 1 Car 0 0 0 0 0 0 0 2.0228767 2.0807314 4.7514863 -10.736713 -1.0811568 2.2871428 0.3705992
12 2 Car 0 0 0 0 0 0 0 2.3226404 2.0477026 4.8640203 -7.776417 -0.9409125 -1.0364944 0.30543262
12 3 Car 0 0 0 0 0 0 0 1.5525835 2.0016317 4.105727 -15.344946 -1.3158324 -4.400937 0.445059
12 4 Car 0 0 0 0 0 0 0 3.0372367 2.9364247 7.7304087 -24.82019 -0.46330953 -8.061039 0.4013271
12 5 Car 0 0 0 0 0 0 0 1.9083327 1.9008911 4.6330686 -69.6416 -1.1061596 -14.75383 -0.41753963
12 6 Car 0 0 0 0 0 0 0 2.496336 2.8237972 6.5758944 -49.391926 -0.7102796 -21.833458 0.92929095
12 7 Car 0 0 0 0 0 0 0 1.7856835 1.9256787 4.450572 -75.269485 -1.0679798 -12.484909 -0.4115185
12 104 Car 0 0 0 0 0 0 0 2.264474 2.0093591 4.4721804 -0.05312252 0.72455883 -0.10896063 0.042079188
13 1 Car 0 0 0 0 0 0 0 2.0228767 2.0807319 4.7514863 -10.740984 -1.063066 2.3099208 0.37489176
13 2 Car 0 0 0 0 0 0 0 2.3226404 2.0477026 4.86402 -7.7820177 -0.9351058 -1.0194752 0.30543262
13 3 Car 0 0 0 0 0 0 0 1.5525835 2.0016317 4.105728 -15.3407 -1.3163958 -4.398912 0.44505894
13 4 Car 0 0 0 0 0 0 0 3.0372367 2.9364247 7.7304077 -24.820234 -0.46060887 -8.060942 0.4013148
13 5 Car 0 0 0 0 0 0 0 1.9083326 1.9008896 4.6330686 -69.653656 -1.1096139 -14.749183 -0.39975736
13 6 Car 0 0 0 0 0 0 0 2.496336 2.8237996 6.5758953 -49.25635 -0.683589 -21.675365 0.9249618
13 7 Car 0 0 0 0 0 0 0 1.7856835 1.9256781 4.4505725 -75.26758 -1.0682626 -12.501574 -0.40488756
13 104 Car 0 0 0 0 0 0 0 2.2644672 2.0093598 4.4721723 -0.05116141 0.6816471 -0.09762633 0.04208303
14 1 Car 0 0 0 0 0 0 0 2.0228767 2.0807319 4.7514863 -10.7339115 -1.0550895 2.3036222 0.3748209
14 2 Car 0 0 0 0 0 0 0 2.3226404 2.0477026 4.8640203 -7.78146 -0.92929935 -1.0219855 0.30543262
14 3 Car 0 0 0 0 0 0 0 1.5525832 2.001632 4.105728 -15.336454 -1.3169593 -4.3968863 0.44505894
14 4 Car 0 0 0 0 0 0 0 3.0372367 2.9364252 7.7304087 -24.820276 -0.45790815 -8.060845 0.4013024
14 5 Car 0 0 0 0 0 0 0 1.9083326 1.9008895 4.633066 -69.50934 -1.1130685 -14.810884 -0.40524632
14 6 Car 0 0 0 0 0 0 0 2.496336 2.8237987 6.5758944 -49.165302 -0.6910148 -21.576355 0.92063284
14 7 Car 0 0 0 0 0 0 0 1.7856835 1.9256783 4.450569 -75.265686 -1.0685453 -12.518237 -0.39825684
14 104 Car 0 0 0 0 0 0 0 2.2644715 2.0093613 4.4721737 -0.04762864 0.68516076 -0.09878713 0.042082272
15 1 Car 0 0 0 0 0 0 0 2.0228767 2.0807316 4.7514863 -10.730648 -1.0471131 2.307005 0.37475008
15 2 Car 0 0 0 0 0 0 0 2.3226404 2.0477023 4.86402 -7.7870607 -0.94671917 -1.0049663 0.30543262
15 3 Car 0 0 0 0 0 0 0 1.5525835 2.0016313 4.1057277 -15.332207 -1.3175229 -4.3948607 0.44505894
15 4 Car 0 0 0 0 0 0 0 3.0372367 2.9364247 7.7304077 -24.820314 -0.45520744 -8.060747 0.4012902
15 5 Car 0 0 0 0 0 0 0 1.9082601 1.9008796 4.6329193 -69.52181 -1.1169274 -14.826529 -0.41074884
15 6 Car 0 0 0 0 0 0 0 2.496336 2.823797 6.575895 -49.074253 -0.72340417 -21.477343 0.9163034
15 7 Car 0 0 0 0 0 0 0 1.7856835 1.9256798 4.450573 -75.2521 -1.0454948 -12.488545 -0.40616992
15 104 Car 0 0 0 0 0 0 0 2.264471 2.0093598 4.4721723 -0.052367806 0.7119129 -0.09661573 0.042089935
16 1 Car 0 0 0 0 0 0 0 2.0228767 2.0807319 4.7514863 -10.7273855 -1.0593653 2.3103876 0.38340592
16 2 Car 0 0 0 0 0 0 0 2.3226404 2.0477023 4.8640203 -7.7898707 -0.9409125 -0.9967965 0.3054326
16 3 Car 0 0 0 0 0 0 0 1.5525835 2.001632 4.105727 -15.327961 -1.3180865 -4.392836 0.4450591
16 4 Car 0 0 0 0 0 0 0 3.0372367 2.9364254 7.7304087 -24.820356 -0.45250678 -8.06065 0.40127784
16 5 Car 0 0 0 0 0 0 0 1.9083326 1.9008899 4.6330643 -69.3565 -1.1199774 -14.897786 -0.41622388
16 6 Car 0 0 0 0 0 0 0 2.496336 2.8237982 6.5758953 -48.983204 -0.7308301 -21.37833 0.9119742
16 7 Car 0 0 0 0 0 0 0 1.7856835 1.9256783 4.45057 -75.30379 -1.0224442 -12.44205 -0.40972036
16 104 Car 0 0 0 0 0 0 0 2.2644687 2.009362 4.4721637 -0.052552342 0.69008565 -0.08829713 0.042090505
17 1 Car 0 0 0 0 0 0 0 2.0228767 2.0807314 4.751486 -10.760244 -1.061523 2.2765439 0.37024522
17 2 Car 0 0 0 0 0 0 0 2.3226404 2.0477026 4.8640203 -7.7865233 -0.95833224 -1.0081558 0.3054326
17 3 Car 0 0 0 0 0 0 0 1.5525832 2.0016317 4.105728 -15.323715 -1.31865 -4.3908105 0.44505894
17 4 Car 0 0 0 0 0 0 0 3.0372367 2.936425 7.7304077 -24.820396 -0.44980612 -8.060553 0.40126562
17 5 Car 0 0 0 0 0 0 0 1.9083327 1.9008905 4.633069 -69.25276 -1.1179775 -14.915216 -0.42495018
17 6 Car 0 0 0 0 0 0 0 2.496336 2.8237984 6.5758967 -48.892155 -0.738256 -21.279318 0.9076447
17 7 Car 0 0 0 0 0 0 0 1.7856835 1.9256787 4.450571 -75.42006 -1.0093937 -12.433596 -0.42636013
17 104 Car 0 0 0 0 0 0 0 2.26447 2.0093637 4.472166 -0.014576912 0.7426677 -0.096407354 0.042091638
18 1 Car 0 0 0 0 0 0 0 2.0228767 2.0807316 4.751487 -10.775042 -1.0636806 2.2613132 0.37453762
18 2 Car 0 0 0 0 0 0 0 2.3226404 2.0477026 4.864021 -7.7793274 -0.96994543 -1.0317211 0.30543256
18 3 Car 0 0 0 0 0 0 0 1.5525833 2.0016317 4.105728 -15.319469 -1.3192136 -4.388785 0.44505894
18 4 Car 0 0 0 0 0 0 0 3.0372367 2.9364254 7.7304087 -24.820436 -0.4471054 -8.060455 0.40125316
18 5 Car 0 0 0 0 0 0 0 1.9083326 1.9008918 4.633066 -69.29202 -1.1181997 -14.911988 -0.42398098
18 6 Car 0 0 0 0 0 0 0 2.496336 2.823799 6.5758934 -48.8011 -0.7456819 -21.180305 0.903316
18 7 Car 0 0 0 0 0 0 0 1.7856835 1.9256796 4.450573 -75.21953 -0.93634313 -12.421323 -0.44300008
18 104 Car 0 0 0 0 0 0 0 2.2644699 2.009361 4.472167 -0.05244255 0.71934426 -0.09475994 0.042094737
19 1 Car 0 0 0 0 0 0 0 2.0228767 2.0807316 4.7514863 -10.753229 -1.0658383 2.2828279 0.3744669
19 2 Car 0 0 0 0 0 0 0 2.3226404 2.0477026 4.8640203 -7.781368 -0.95833224 -1.0259924 0.30543262
19 3 Car 0 0 0 0 0 0 0 1.5525835 2.0016315 4.105728 -15.315224 -1.3197773 -4.3867598 0.44505885
19 4 Car 0 0 0 0 0 0 0 3.0367742 2.9360456 7.7302284 -24.82048 -0.41065764 -8.060358 0.4012409
19 5 Car 0 0 0 0 0 0 0 1.9083326 1.9008913 4.633066 -69.21355 -1.1384219 -14.915322 -0.4317379
19 6 Car 0 0 0 0 0 0 0 2.496336 2.8237977 6.5758953 -48.710052 -0.7231518 -21.081291 0.8989867
19 7 Car 0 0 0 0 0 0 0 1.7856835 1.9256786 4.4505744 -75.262344 -0.94329256 -12.408352 -0.45091325
19 104 Car 0 0 0 0 0 0 0 2.2644777 2.0093665 4.472172 -0.0511806 0.74856156 -0.07722348 0.042082444
20 1 Car 0 0 0 0 0 0 0 2.0228767 2.0807316 4.751487 -10.754236 -1.067996 2.2813168 0.37439597
20 2 Car 0 0 0 0 0 0 0 2.3226404 2.0477026 4.8640203 -7.7922378 -0.9713971 -0.992855 0.30543262
20 3 Car 0 0 0 0 0 0 0 1.5525832 2.0016317 4.105727 -15.348034 -1.3203405 -4.40241 0.445059
20 4 Car 0 0 0 0 0 0 0 3.037121 2.9363303 7.730362 -24.82073 -0.4518259 -8.0597725 0.40121496
20 5 Car 0 0 0 0 0 0 0 1.9083326 1.9008892 4.6330633 -69.1045 -1.1157869 -14.979419 -0.42952168
20 6 Car 0 0 0 0 0 0 0 2.496336 2.8237977 6.5758953 -48.619003 -0.72142446 -20.982279 0.8946575
20 7 Car 0 0 0 0 0 0 0 1.7856835 1.9256779 4.450571 -75.289345 -0.950242 -12.414116 -0.45010054
20 104 Car 0 0 0 0 0 0 0 2.2643814 2.009356 4.4720044 -0.057284117 0.7479548 -0.08992171 0.04225134
21 1 Car 0 0 0 0 0 0 0 2.0228767 2.0807314 4.751486 -10.755243 -1.0701537 2.2798057 0.37432528
21 2 Car 0 0 0 0 0 0 0 2.3226404 2.0477026 4.864021 -7.788141 -0.9728488 -1.0086727 0.30543256
21 3 Car 0 0 0 0 0 0 0 1.5525835 2.001632 4.105727 -15.407991 -1.3009042 -4.4088316 0.4450591
21 4 Car 0 0 0 0 0 0 0 3.0372367 2.9364252 7.7304077 -24.820871 -0.46262273 -8.059431 0.4011957
21 5 Car 0 0 0 0 0 0 0 1.9083327 1.9008918 4.633066 -68.97745 -1.1164855 -15.004101 -0.4273052
21 6 Car 0 0 0 0 0 0 0 2.496336 2.823798 6.5758944 -48.527954 -0.69473386 -20.883266 0.8903286
21 7 Car 0 0 0 0 0 0 0 1.7856835 1.9256809 4.450569 -75.41826 -0.9571914 -12.426198 -0.44928744
21 104 Car 0 0 0 0 0 0 0 2.2644777 2.0093672 4.47217 -0.05993545 0.7611509 -0.08774412 0.042090636
22 1 Car 0 0 0 0 0 0 0 2.0228767 2.0807319 4.751487 -10.756251 -1.0723114 2.2782943 0.3742544
22 2 Car 0 0 0 0 0 0 0 2.3226404 2.0477026 4.8640203 -7.786865 -0.9510741 -1.0146462 0.30543262
22 3 Car 0 0 0 0 0 0 0 1.5525835 2.0016317 4.105727 -15.408701 -1.3114679 -4.4202585 0.445059
22 4 Car 0 0 0 0 0 0 0 3.0372367 2.936425 7.7304077 -24.821018 -0.47341976 -8.05909 0.4011765
22 5 Car 0 0 0 0 0 0 0 1.9083326 1.9008899 4.633067 -68.86859 -1.0971837 -15.068844 -0.4250889
22 6 Car 0 0 0 0 0 0 0 2.496336 2.8237975 6.5758963 -48.47628 -0.68551755 -20.808643 0.8860007
22 7 Car 0 0 0 0 0 0 0 1.7856835 1.9256787 4.450571 -75.38512 -0.9641389 -12.469756 -0.4536554
22 104 Car 0 0 0 0 0 0 0 2.2644677 2.0093608 4.472163 -0.061631203 0.77434456 -0.10605866 0.042241137
23 1 Car 0 0 0 0 0 0 0 2.0228767 2.0807316 4.751487 -10.757258 -1.0744691 2.276783 0.37418365
23 2 Car 0 0 0 0 0 0 0 2.3226404 2.0477026 4.864021 -7.785591 -0.964139 -1.0206196 0.30543256
23 3 Car 0 0 0 0 0 0 0 1.5525241 2.001618 4.1055994 -15.432248 -1.3120311 -4.43149 0.44507378
23 4 Car 0 0 0 0 0 0 0 3.0372367 2.9364252 7.730407 -24.821163 -0.48421678 -8.058748 0.4011574
23 5 Car 0 0 0 0 0 0 0 1.9083326 1.900892 4.6330657 -68.75763 -1.1228822 -15.129051 -0.42287266
23 6 Car 0 0 0 0 0 0 0 2.496336 2.8237975 6.5758963 -48.38187 -0.71374625 -20.726322 0.8816734
23 7 Car 0 0 0 0 0 0 0 1.7856835 1.925679 4.4505725 -75.4 -0.9710865 -12.4082985 -0.4449335
23 104 Car 0 0 0 0 0 0 0 2.2644753 2.009367 4.472168 -0.064692974 0.7868359 -0.09373206 0.04225566
24 1 Car 0 0 0 0 0 0 0 2.0228767 2.0807319 4.751487 -10.7582655 -1.0563979 2.275272 0.3739764
24 2 Car 0 0 0 0 0 0 0 2.3226404 2.0477028 4.8640213 -7.7906446 -0.9655905 -1.0071185 0.31415927
24 3 Car 0 0 0 0 0 0 0 1.5525833 2.0016317 4.1057286 -15.400209 -1.3125948 -4.4162064 0.44508848
24 4 Car 0 0 0 0 0 0 0 3.0372367 2.9364252 7.7304087 -24.821308 -0.46464133 -8.058407 0.40113816
24 5 Car 0 0 0 0 0 0 0 1.9083327 1.9008915 4.633066 -68.63572 -1.1019139 -15.164941 -0.42065656
24 6 Car 0 0 0 0 0 0 0 2.4962409 2.8237329 6.5757923 -48.30725 -0.7170116 -20.712889 0.87734616
24 7 Car 0 0 0 0 0 0 0 1.7856835 1.9256778 4.450571 -75.423775 -0.9880341 -12.468246 -0.43621188
24 104 Car 0 0 0 0 0 0 0 2.264475 2.0093665 4.472166 -0.066516995 0.77794147 -0.09134257 0.04224915
25 1 Car 0 0 0 0 0 0 0 2.0228767 2.0807314 4.751487 -10.7668705 -1.0484413 2.2931314 0.37376925
25 2 Car 0 0 0 0 0 0 0 2.3226404 2.0477028 4.8640203 -7.792534 -0.96704215 -1.0033545 0.31561375
25 3 Car 0 0 0 0 0 0 0 1.5525243 2.0016184 4.1056013 -15.368171 -1.3131584 -4.400923 0.44510326
25 4 Car 0 0 0 0 0 0 0 3.0372367 2.9364252 7.7304087 -24.821451 -0.4602522 -8.058065 0.40111893
25 5 Car 0 0 0 0 0 0 0 1.9083325 1.9008914 4.6330676 -68.53006 -1.1309456 -15.237378 -0.41843992
25 6 Car 0 0 0 0 0 0 0 2.496336 2.823798 6.575894 -48.324123 -0.72339725 -20.687708 0.8730165
25 7 Car 0 0 0 0 0 0 0 1.7856834 1.9256773 4.450572 -75.424194 -0.99498165 -12.471142 -0.43621662
25 104 Car 0 0 0 0 0 0 0 2.2644773 2.009368 4.4721704 -0.067842364 0.77846324 -0.109291494 0.042236768
26 1 Car 0 0 0 0 0 0 0 2.0228767 2.0807319 4.7514863 -10.771677 -1.0607133 2.3013055 0.37356213
26 2 Car 0 0 0 0 0 0 0 2.3226404 2.0477028 4.864021 -7.794423 -0.9684938 -0.9995906 0.31706816
26 3 Car 0 0 0 0 0 0 0 1.5525832 2.0016322 4.1057277 -15.362381 -1.3137219 -4.3981605 0.44511628
26 4 Car 0 0 0 0 0 0 0 3.037121 2.93633 7.7303634 -24.821596 -0.45586297 -8.057724 0.40108615
26 5 Car 0 0 0 0 0 0 0 1.9083326 1.9008918 4.633068 -68.39191 -1.1199774 -15.236719 -0.41622382
26 6 Car 0 0 0 0 0 0 0 2.496336 2.8237991 6.5758934 -48.213215 -0.72978294 -20.598034 0.868687
26 7 Car 0 0 0 0 0 0 0 1.7856835 1.9256792 4.450574 -75.22115 -0.9819593 -12.508105 -0.45367455
26 104 Car 0 0 0 0 0 0 0 2.2644758 2.0093665 4.472169 -0.069615364 0.77985835 -0.11709529 0.04223133
27 1 Car 0 0 0 0 0 0 0 2.0228767 2.0807316 4.751486 -10.77269 -1.062871 2.2997918 0.37335497
27 2 Car 0 0 0 0 0 0 0 2.3226404 2.0477028 4.8640213 -7.796313 -0.96994543 -0.9958267 0.3185226
27 3 Car 0 0 0 0 0 0 0 1.5525833 2.0016317 4.1057277 -15.356591 -1.3142855 -4.3953986 0.44512922
27 4 Car 0 0 0 0 0 0 0 3.037121 2.9363303 7.730363 -24.821741 -0.45147383 -8.057383 0.40104645
27 5 Car 0 0 0 0 0 0 0 1.9083326 1.9008921 4.6330657 -68.208984 -1.1090091 -15.364957 -0.4227342
27 6 Car 0 0 0 0 0 0 0 2.496336 2.823798 6.575894 -48.17726 -0.7112057 -20.531387 0.8643665
27 7 Car 0 0 0 0 0 0 0 1.7856835 1.9256783 4.450571 -75.246925 -0.9689369 -12.564458 -0.4362264
27 104 Car 0 0 0 0 0 0 0 2.2644734 2.009367 4.472165 -0.072319865 0.7604605 -0.08439773 0.042225808
28 1 Car 0 0 0 0 0 0 0 2.0228767 2.0807316 4.751487 -10.773704 -1.0650287 2.2982783 0.37314773
28 2 Car 0 0 0 0 0 0 0 2.3226404 2.0477028 4.8640203 -7.771891 -0.9713971 -0.9940746 0.30288738
28 3 Car 0 0 0 0 0 0 0 1.5525835 2.0016313 4.1057277 -15.3508005 -1.3148491 -4.3926363 0.4451422
28 4 Car 0 0 0 0 0 0 0 3.0372367 2.936425 7.7304077 -24.821886 -0.44708452 -8.057041 0.40101254
28 5 Car 0 0 0 0 0 0 0 1.9083326 1.9008901 4.633067 -68.074165 -1.1180409 -15.373204 -0.42488116
28 6 Car 0 0 0 0 0 0 0 2.496336 2.8237987 6.5758934 -48.16208 -0.74255514 -20.576527 0.8600459
28 7 Car 0 0 0 0 0 0 0 1.7856835 1.9256786 4.450571 -75.20749 -0.9359145 -12.419989 -0.45368484
28 104 Car 0 0 0 0 0 0 0 2.2644768 2.0093665 4.472169 -0.073686 0.76054853 -0.10223323 0.042223115
29 1 Car 0 0 0 0 0 0 0 2.0228767 2.0807314 4.751486 -10.753538 -1.0671864 2.3078384 0.3729407
29 2 Car 0 0 0 0 0 0 0 2.3226404 2.0477026 4.864021 -7.7936087 -0.9728488 -1.0077225 0.3047054
29 3 Car 0 0 0 0 0 0 0 1.5525835 2.0016317 4.105727 -15.35273 -1.3204125 -4.393558 0.44515517
29 4 Car 0 0 0 0 0 0 0 3.0372367 2.9364252 7.730408 -24.82203 -0.44269538 -8.0567 0.40097842
29 5 Car 0 0 0 0 0 0 0 1.9083326 1.9008911 4.633068 -67.86699 -1.1770728 -15.5022135 -0.42702806
29 6 Car 0 0 0 0 0 0 0 2.4962409 2.8237367 6.5757875 -47.985703 -0.7495152 -20.392317 0.8557398
29 7 Car 0 0 0 0 0 0 0 1.7856835 1.9256799 4.4505734 -75.090324 -0.94289225 -12.5947075 -0.41878283
29 104 Car 0 0 0 0 0 0 0 2.2644744 2.009368 4.4721665 -0.07672453 0.76164776 -0.07990146 0.042399723
30 1 Car 0 0 0 0 0 0 0 2.0228767 2.0807316 4.7514863 -10.733374 -1.069344 2.3173983 0.37273344
30 2 Car 0 0 0 0 0 0 0 2.3226404 2.0477028 4.8640213 -7.798834 -0.9743004 -1.0131674 0.30652344
30 3 Car 0 0 0 0 0 0 0 1.5525833 2.0016315 4.1057277 -15.354659 -1.3259761 -4.3944798 0.4451681
30 4 Car 0 0 0 0 0 0 0 3.0372367 2.9364252 7.7304087 -24.822176 -0.43830624 -8.056358 0.40094447
30 5 Car 0 0 0 0 0 0 0 1.9083326 1.9008911 4.633067 -67.639114 -1.1461043 -15.585819 -0.42917517
30 6 Car 0 0 0 0 0 0 0 2.496336 2.8237977 6.575894 -48.088936 -0.7054007 -20.443968 0.8514056
30 7 Car 0 0 0 0 0 0 0 1.7856835 1.9256792 4.4505744 -74.86744 -0.9498698 -12.696081 -0.41878757
30 104 Car 0 0 0 0 0 0 0 2.2644744 2.0093677 4.472164 -0.07827282 0.7592272 -0.09023142 0.042386614
31 1 Car 0 0 0 0 0 0 0 2.0228767 2.0807319 4.7514863 -10.718741 -1.0715016 2.3247952 0.3725263
31 2 Car 0 0 0 0 0 0 0 2.3226404 2.0477028 4.864021 -7.8070555 -0.964139 -1.0088224 0.30179653
31 3 Car 0 0 0 0 0 0 0 1.5525832 2.0016317 4.1057277 -15.356589 -1.3315395 -4.395401 0.44518098
31 4 Car 0 0 0 0 0 0 0 3.0372367 2.9364247 7.7304077 -24.82232 -0.43391696 -8.056017 0.40091044
31 5 Car 0 0 0 0 0 0 0 1.9083327 1.9008908 4.6330647 -67.40021 -1.1251363 -15.703972 -0.37896258
31 6 Car 0 0 0 0 0 0 0 2.496336 2.8237977 6.5758953 -47.977432 -0.6618602 -20.42147 0.8470707
31 7 Car 0 0 0 0 0 0 0 1.7856156 1.9256173 4.4505463 -75.22192 -0.9568475 -12.452893 -0.41879246
31 104 Car 0 0 0 0 0 0 0 2.264474 2.0093663 4.472168 -0.07989609 0.75559783 -0.08950329 0.042379867
32 1 Car 0 0 0 0 0 0 0 2.0228767 2.0807316 4.751486 -10.696539 -1.0534306 2.3128104 0.3723191
32 2 Car 0 0 0 0 0 0 0 2.3226404 2.0477028 4.8640213 -7.8152785 -0.9539773 -1.0044773 0.29706955
32 3 Car 0 0 0 0 0 0 0 1.5525832 2.001632 4.1057277 -15.35852 -1.3371031 -4.3963227 0.445194
32 4 Car 0 0 0 0 0 0 0 3.0372367 2.9364247 7.7304077 -24.822464 -0.42952776 -8.055676 0.4008765
32 5 Car 0 0 0 0 0 0 0 1.9083325 1.9008905 4.633066 -67.17198 -1.1041678 -15.786015 -0.38110942
32 6 Car 0 0 0 0 0 0 0 2.496336 2.823797 6.575895 -47.95383 -0.6375405 -20.392227 0.8447194
32 7 Car 0 0 0 0 0 0 0 1.7856156 1.925617 4.4505463 -75.12992 -0.9706334 -12.520191 -0.41878822
32 104 Car 0 0 0 0 0 0 0 2.2644768 2.0093668 4.472168 -0.08189249 0.7527616 -0.08972287 0.042375647
33 1 Car 0 0 0 0 0 0 0 2.0228767 2.0807314 4.751487 -10.766647 -1.0454737 2.2759655 0.3721119
33 2 Car 0 0 0 0 0 0 0 2.3226404 2.0477028 4.8640203 -7.822751 -0.94671917 -1.0025797 0.29234266
33 3 Car 0 0 0 0 0 0 0 1.5525835 2.0016317 4.105727 -15.35987 -1.3223542 -4.396968 0.44520694
33 4 Car 0 0 0 0 0 0 0 3.0372367 2.9364243 7.7304087 -24.822609 -0.42513856 -8.055334 0.4008424
33 5 Car 0 0 0 0 0 0 0 1.9083326 1.9008911 4.6330705 -66.88786 -1.1131996 -15.856033 -0.33962306
33 6 Car 0 0 0 0 0 0 0 2.496336 2.8237965 6.5758944 -47.909157 -0.6409579 -20.381779 0.84236836
33 7 Car 0 0 0 0 0 0 0 1.7856835 1.9256774 4.450572 -75.04606 -0.9444193 -12.605762 -0.41880545
33 104 Car 0 0 0 0 0 0 0 2.2644749 2.0093672 4.4721665 -0.08479047 0.7494617 -0.0896312 0.042362392
34 1 Car 0 0 0 0 0 0 0 2.0228767 2.0807314 4.751487 -10.755788 -1.0375171 2.2930474 0.37190473
34 2 Car 0 0 0 0 0 0 0 2.3226404 2.0477028 4.8640203 -7.8274593 -0.9626872 -1.0105417 0.2963424
34 3 Car 0 0 0 0 0 0 0 1.5525832 2.0016315 4.105727 -15.36122 -1.3176053 -4.397613 0.44521987
34 4 Car 0 0 0 0 0 0 0 3.0372367 2.936425 7.7304087 -24.822754 -0.42074943 -8.054993 0.40080842
34 5 Car 0 0 0 0 0 0 0 1.9083326 1.9008915 4.6330657 -66.640076 -1.1122315 -15.9556055 -0.3330436
34 6 Car 0 0 0 0 0 0 0 2.496336 2.823796 6.5758944 -47.915127 -0.6443753 -20.337736 0.8487439
34 7 Car 0 0 0 0 0 0 0 1.7856835 1.9256794 4.450568 -74.925705 -0.9677495 -12.702013 -0.41881827
34 104 Car 0 0 0 0 0 0 0 2.2644868 2.0093682 4.472192 -0.08665991 0.7493268 -0.0898518 0.042367198
35 1 Car 0 0 0 0 0 0 0 2.0228767 2.0807316 4.7514863 -10.76328 -1.0497891 2.2918038 0.37169766
35 2 Car 0 0 0 0 0 0 0 2.3226404 2.0477028 4.8640213 -7.7900167 -0.96704215 -0.9895812 0.2962486
35 3 Car 0 0 0 0 0 0 0 1.5525835 2.0016317 4.1057277 -15.362572 -1.3128564 -4.398258 0.44523287
35 4 Car 0 0 0 0 0 0 0 3.0372367 2.936425 7.7304077 -24.822899 -0.41636014 -8.054651 0.40077448
35 5 Car 0 0 0 0 0 0 0 1.9083326 1.9008907 4.6330657 -66.21313 -1.1109507 -16.034248 -0.33409983
35 6 Car 0 0 0 0 0 0 0 2.496336 2.823797 6.575893 -47.834896 -0.64779276 -20.28162 0.8451462
35 7 Car 0 0 0 0 0 0 0 1.7856835 1.9256797 4.450568 -74.85413 -0.9910795 -12.688981 -0.41883087
35 104 Car 0 0 0 0 0 0 0 2.2644944 2.0093737 4.472197 -0.088678956 0.7476338 -0.0899477 0.042372562
36 1 Car 0 0 0 0 0 0 0 2.0228767 2.0807316 4.7514863 -10.7684145 -1.0506825 2.2845001 0.37149048
36 2 Car 0 0 0 0 0 0 0 2.3226404 2.0477028 4.8640203 -7.7990937 -0.94817066 -0.9828249 0.29615486
36 3 Car 0 0 0 0 0 0 0 1.5525832 2.0016315 4.1057277 -15.363922 -1.3081073 -4.398904 0.4452458
36 4 Car 0 0 0 0 0 0 0 3.0372367 2.9364245 7.7304087 -24.823044 -0.411971 -8.054311 0.40074044
36 5 Car 0 0 0 0 0 0 0 1.9083325 1.9008913 4.6330633 -65.96784 -1.1096699 -16.071007 -0.33515632
36 6 Car 0 0 0 0 0 0 0 2.496336 2.823799 6.575894 -47.914394 -0.6512101 -20.362297 0.8415482
36 7 Car 0 0 0 0 0 0 0 1.7856156 1.9256191 4.4505434 -74.76226 -0.9906212 -12.723014 -0.41882452
36 104 Car 0 0 0 0 0 0 0 2.2644877 2.009368 4.4721904 -0.09065533 0.7458463 -0.0903613 0.042355023
37 1 Car 0 0 0 0 0 0 0 2.0228767 2.0807319 4.751486 -10.773548 -1.0515758 2.277197 0.37128332
37 2 Car 0 0 0 0 0 0 0 2.3226404 2.0477028 4.8640203 -7.7961006 -0.9409125 -1.0156333 0.30478776
37 3 Car 0 0 0 0 0 0 0 1.5525835 2.0016317 4.1057277 -15.3652725 -1.3033584 -4.399549 0.44525877
37 4 Car 0 0 0 0 0 0 0 3.0372367 2.9364254 7.7304087 -24.823189 -0.4075818 -8.053968 0.40070644
37 5 Car 0 0 0 0 0 0 0 1.9083325 1.9008904 4.633065 -65.61643 -1.1083891 -16.227661 -0.30130565
37 6 Car 0 0 0 0 0 0 0 2.496336 2.8237982 6.5758953 -47.888737 -0.67959094 -20.325293 0.83795035
37 7 Car 0 0 0 0 0 0 0 1.7856835 1.9256797 4.450569 -74.50784 -1.0181621 -12.829639 -0.41883555
37 104 Car 0 0 0 0 0 0 0 2.2644937 2.0093718 4.4721937 -0.092689395 0.7432292 -0.0903154 0.042371843
38 1 Car 0 0 0 0 0 0 0 2.0228767 2.0807319 4.7514863 -10.778683 -1.0524693 2.2698936 0.3710761
38 2 Car 0 0 0 0 0 0 0 2.3226404 2.0477028 4.8640213 -7.7820888 -0.95688057 -1.0018208 0.30469406
38 3 Car 0 0 0 0 0 0 0 1.5525833 2.0016313 4.105727 -15.366623 -1.2986095 -4.400194 0.44527167
38 4 Car 0 0 0 0 0 0 0 3.0372367 2.9364252 7.7304087 -24.823334 -0.40319252 -8.053627 0.4006725
38 5 Car 0 0 0 0 0 0 0 1.9082599 1.9008851 4.6329 -65.24845 -1.087109 -16.32337 -0.28491843
38 6 Car 0 0 0 0 0 0 0 2.496336 2.8237975 6.5758944 -47.81891 -0.67676747 -20.239569 0.8343524
38 7 Car 0 0 0 0 0 0 0 1.7856835 1.925678 4.4505734 -74.56243 -1.010703 -12.864374 -0.41884613
38 104 Car 0 0 0 0 0 0 0 2.2644873 2.009366 4.472197 -0.09504998 0.7401563 -0.091549695 0.04235311
39 1 Car 0 0 0 0 0 0 0 2.0228767 2.0807316 4.7514863 -10.783817 -1.0533625 2.2625904 0.37086892
39 2 Car 0 0 0 0 0 0 0 2.3226404 2.0477026 4.864021 -7.819116 -0.9534934 -1.0148711 0.3082364
39 3 Car 0 0 0 0 0 0 0 1.5525833 2.0016317 4.105728 -15.38651 -1.3138654 -4.409686 0.44528466
39 4 Car 0 0 0 0 0 0 0 3.037121 2.9363303 7.7303624 -24.823479 -0.39880335 -8.053287 0.40063852
39 5 Car 0 0 0 0 0 0 0 1.9083327 1.9008908 4.633065 -65.05024 -1.0858277 -16.281963 -0.2772382
39 6 Car 0 0 0 0 0 0 0 2.496336 2.8237982 6.5758944 -47.852318 -0.673944 -20.267363 0.8307547
39 7 Car 0 0 0 0 0 0 0 1.7856835 1.9256797 4.45057 -74.48421 -0.9832437 -12.892566 -0.41885722
39 104 Car 0 0 0 0 0 0 0 2.2644935 2.009371 4.472196 -0.097067475 0.7400178 -0.09168023 0.042348474
40 1 Car 0 0 0 0 0 0 0 2.0228767 2.0807314 4.7514863 -10.775721 -1.054256 2.2713332 0.37125745
40 2 Car 0 0 0 0 0 0 0 2.3226404 2.0477028 4.8640213 -7.809743 -0.95010614 -1.0133293 0.31177872
40 3 Car 0 0 0 0 0 0 0 1.5525833 2.0016317 4.105727 -15.406396 -1.2891214 -4.4191775 0.44529763
40 4 Car 0 0 0 0 0 0 0 3.037121 2.9363298 7.730364 -24.823624 -0.39441422 -8.052945 0.40059084
40 5 Car 0 0 0 0 0 0 0 1.9083326 1.9008905 4.633069 -64.72935 -1.0845469 -16.32601 -0.2608407
40 6 Car 0 0 0 0 0 0 0 2.496336 2.823798 6.5758944 -47.863724 -0.64615726 -20.270718 0.8271568
40 7 Car 0 0 0 0 0 0 0 1.7856835 1.9256759 4.450571 -74.40191 -1.0057845 -12.911621 -0.41886806
40 104 Car 0 0 0 0 0 0 0 2.2644963 2.0093727 4.4722013 -0.09468138 0.7372753 -0.080697834 0.042349085
41 1 Car 0 0 0 0 0 0 0 2.0228767 2.0807314 4.7514863 -10.767624 -1.0551492 2.280076 0.37164584
41 2 Car 0 0 0 0 0 0 0 2.3226404 2.0477028 4.8640213 -7.800562 -0.94671917 -1.0111804 0.30223113
41 3 Car 0 0 0 0 0 0 0 1.5525833 2.0016315 4.105727 -15.426282 -1.3043773 -4.4286695 0.4453105
41 4 Car 0 0 0 0 0 0 0 3.0372367 2.9364252 7.730408 -24.823767 -0.42039728 -8.052604 0.40054998
41 5 Car 0 0 0 0 0 0 0 1.9083326 1.9008901 4.633068 -64.433105 -1.0807661 -16.363247 -0.23762493
41 6 Car 0 0 0 0 0 0 0 2.496336 2.8237982 6.5758944 -47.83079 -0.6682972 -20.225512 0.82355875
41 7 Car 0 0 0 0 0 0 0 1.7856835 1.9256794 4.450572 -74.30334 -1.2283254 -12.894134 -0.4188789
41 104 Car 0 0 0 0 0 0 0 2.2644963 2.0093722 4.472195 -0.0504117 0.77216494 -0.07794285 0.042439174
42 1 Car 0 0 0 0 0 0 0 2.0228767 2.0807316 4.751486 -10.759527 -1.0560427 2.2888188 0.37203437
42 2 Car 0 0 0 0 0 0 0 2.3226404 2.0477028 4.8640213 -7.792985 -0.9559129 -1.01068 0.31486374
42 3 Car 0 0 0 0 0 0 0 1.5525835 2.0016322 4.1057277 -15.446169 -1.3096331 -4.4381614 0.44532347
42 4 Car 0 0 0 0 0 0 0 3.0372367 2.936425 7.7304077 -24.823914 -0.4311943 -8.052261 0.40050927
42 5 Car 0 0 0 0 0 0 0 1.9083327 1.90089 4.633067 -64.145546 -1.0569853 -16.439526 -0.2187722
42 6 Car 0 0 0 0 0 0 0 2.4959557 2.823565 6.575433 -47.862488 -0.6564592 -20.288208 0.8246983
42 7 Car 0 0 0 0 0 0 0 1.7856836 1.925679 4.450572 -74.17708 -1.2281975 -13.022874 -0.41887903
42 104 Car 0 0 0 0 0 0 0 2.2644978 2.0093732 4.472199 -0.0628078 0.7697895 -0.10353702 0.04261232
43 1 Car 0 0 0 0 0 0 0 2.0228767 2.0807319 4.751487 -10.751431 -1.0569361 2.2975616 0.37242278
43 2 Car 0 0 0 0 0 0 0 2.3226404 2.0477028 4.8640213 -7.785665 -0.96510667 -1.0093709 0.3100431
43 3 Car 0 0 0 0 0 0 0 1.5525835 2.0016317 4.1057277 -15.429003 -1.3148892 -4.429967 0.4453364
43 4 Car 0 0 0 0 0 0 0 3.0372367 2.9364247 7.730408 -24.824059 -0.44199133 -8.051921 0.40046835
43 5 Car 0 0 0 0 0 0 0 1.9083326 1.9008908 4.633068 -63.841568 -1.0432043 -16.437515 -0.20864618
43 6 Car 0 0 0 0 0 0 0 2.496336 2.8237982 6.5758944 -47.86818 -0.7064501 -20.239685 0.82579994
43 7 Car 0 0 0 0 0 0 0 1.7856834 1.9256794 4.450572 -74.00131 -1.2088504 -13.128568 -0.4188789
43 104 Car 0 0 0 0 0 0 0 2.2644954 2.0093727 4.4721975 -0.054811 0.7650825 -0.076931596 0.042451784
44 1 Car 0 0 0 0 0 0 0 2.0228767 2.0807319 4.7514863 -10.743335 -1.0578294 2.3063045 0.37281126
44 2 Car 0 0 0 0 0 0 0 2.3226404 2.0477028 4.8640213 -7.7494755 -0.9713971 -0.9918888 0.30999476
44 3 Car 0 0 0 0 0 0 0 1.5525835 2.0016317 4.105727 -15.430363 -1.320145 -4.4306164 0.44534945
44 4 Car 0 0 0 0 0 0 0 3.0372367 2.9364247 7.7304077 -24.824203 -0.45278826 -8.051579 0.40042752
44 5 Car 0 0 0 0 0 0 0 1.9083326 1.9008899 4.6330633 -63.547485 -1.0294235 -16.484512 -0.19415715
44 6 Car 0 0 0 0 0 0 0 2.496336 2.8237977 6.5758944 -47.912132 -0.67022824 -20.33665 0.826977
44 7 Car 0 0 0 0 0 0 0 1.7856836 1.925679 4.450572 -73.810295 -1.1895037 -13.172639 -0.41887903
44 104 Car 0 0 0 0 0 0 0 2.264494 2.0093718 4.472197 -0.07430148 0.7657949 -0.08527511 0.042627413
45 1 Car 0 0 0 0 0 0 0 2.0228767 2.0807319 4.7514863 -10.779245 -1.0587229 2.271026 0.3731997
45 2 Car 0 0 0 0 0 0 0 2.3226404 2.0477028 4.8640213 -7.7596073 -0.97768766 -0.98924685 0.3099465
45 3 Car 0 0 0 0 0 0 0 1.5525835 2.0016317 4.1057277 -15.431723 -1.3254011 -4.431265 0.4453623
45 4 Car 0 0 0 0 0 0 0 3.0372367 2.9364257 7.730408 -24.824347 -0.4635853 -8.051238 0.40038675
45 5 Car 0 0 0 0 0 0 0 1.9083326 1.9008908 4.633062 -63.2645 -1.0357989 -16.578484 -0.17982095
45 6 Car 0 0 0 0 0 0 0 2.496336 2.8237984 6.5758934 -47.875793 -0.6464882 -20.284039 0.8281548
45 7 Car 0 0 0 0 0 0 0 1.7856834 1.9256794 4.450572 -73.771454 -1.1701568 -13.198995 -0.4188789
45 104 Car 0 0 0 0 0 0 0 2.2644987 2.0093737 4.4722033 -0.10399568 0.760297 -0.08221024 0.042617146
46 1 Car 0 0 0 0 0 0 0 2.0228767 2.0807314 4.7514863 -10.778482 -1.0596161 2.2724319 0.37358817
46 2 Car 0 0 0 0 0 0 0 2.3226404 2.0477028 4.864021 -7.769738 -0.9839781 -0.98660487 0.3098982
46 3 Car 0 0 0 0 0 0 0 1.5525835 2.0016315 4.1057277 -15.433083 -1.3306569 -4.431914 0.44537514
46 4 Car 0 0 0 0 0 0 0 3.0372367 2.9364252 7.730408 -24.86009 -0.4743823 -8.065956 0.4003458
46 5 Car 0 0 0 0 0 0 0 1.9083326 1.9008911 4.633067 -62.97615 -1.0321743 -16.64294 -0.16548467
46 6 Car 0 0 0 0 0 0 0 2.496336 2.823799 6.575894 -47.875046 -0.64771134 -20.332705 0.8293323
46 7 Car 0 0 0 0 0 0 0 1.7856835 1.9256794 4.450572 -73.78277 -1.1508101 -13.246808 -0.4188789
46 104 Car 0 0 0 0 0 0 0 2.2645137 2.0093734 4.472227 -0.06653178 0.76283956 -0.084846616 0.042632952
47 1 Car 0 0 0 0 0 0 0 2.0228767 2.0807319 4.751486 -10.77772 -1.0605096 2.2738376 0.37958664
47 2 Car 0 0 0 0 0 0 0 2.3226404 2.0477028 4.8640213 -7.7776794 -0.96704215 -0.9841573 0.30984992
47 3 Car 0 0 0 0 0 0 0 1.5525835 2.0016322 4.105728 -15.39739 -1.335913 -4.414875 0.44538814
47 4 Car 0 0 0 0 0 0 0 3.0372367 2.9364243 7.730408 -24.7776 -0.4548068 -8.062529 0.40030503
47 5 Car 0 0 0 0 0 0 0 1.9083326 1.9008906 4.6330647 -62.724564 -1.0285497 -16.641108 -0.15114853
47 6 Car 0 0 0 0 0 0 0 2.496336 2.8237977 6.5758953 -47.84021 -0.6364529 -20.32337 0.83050936
47 7 Car 0 0 0 0 0 0 0 1.7856834 1.9256794 4.450572 -73.49808 -1.1114631 -13.330082 -0.4188789
47 104 Car 0 0 0 0 0 0 0 2.2645116 2.0093713 4.472231 -0.057537198 0.75752515 -0.09531134 0.04261887
48 1 Car 0 0 0 0 0 0 0 2.0228767 2.0807319 4.7514863 -10.776958 -1.0614028 2.2752438 0.38558507
48 2 Car 0 0 0 0 0 0 0 2.3226404 2.0477028 4.8640203 -7.7793775 -0.9617195 -1.0012121 0.30980167
48 3 Car 0 0 0 0 0 0 0 1.5525835 2.0016317 4.105728 -15.380224 -1.3211688 -4.40668 0.44540107
48 4 Car 0 0 0 0 0 0 0 3.0372367 2.9364252 7.730407 -24.772022 -0.48079005 -8.0757065 0.4002642
48 6 Car 0 0 0 0 0 0 0 2.496336 2.823798 6.5758953 -47.804028 -0.6501578 -20.270689 0.83168685
48 7 Car 0 0 0 0 0 0 0 1.7856835 1.9256794 4.450572 -73.469536 -1.0971164 -13.3321495 -0.4188789
48 104 Car 0 0 0 0 0 0 0 2.264513 2.0093727 4.472232 -0.05845356 0.73217475 -0.08057624 0.04261622
48 105 Car 0 0 0 0 0 0 0 1.7958695 1.9564012 4.64431 -59.826954 -2.0963335 -17.47848 -0.05392937
49 1 Car 0 0 0 0 0 0 0 2.0228767 2.0807316 4.751487 -10.7761965 -1.0622963 2.2766495 0.3775239
49 2 Car 0 0 0 0 0 0 0 2.3226404 2.0477028 4.864021 -7.7378716 -0.97962314 -0.993689 0.30975336
49 3 Car 0 0 0 0 0 0 0 1.5525832 2.0016315 4.105727 -15.363059 -1.3164246 -4.3984847 0.44541413
49 4 Car 0 0 0 0 0 0 0 3.0372367 2.9364254 7.7304087 -24.777887 -0.49158695 -8.061842 0.4002234
49 6 Car 0 0 0 0 0 0 0 2.496336 2.8237987 6.575894 -47.90007 -0.67010355 -20.34221 0.8328643
49 7 Car 0 0 0 0 0 0 0 1.7856835 1.925679 4.450572 -73.40577 -1.0227696 -13.400985 -0.41887903
49 104 Car 0 0 0 0 0 0 0 2.2645144 2.0093734 4.472232 -0.10830653 0.72496605 -0.08760989 0.042626522
49 105 Car 0 0 0 0 0 0 0 1.7955967 1.9561563 4.6441865 -59.202797 -2.0540597 -17.512945 -0.03551295
50 1 Car 0 0 0 0 0 0 0 2.0228767 2.0807319 4.7514863 -10.775435 -1.0631895 2.2780557 0.36859015
50 2 Car 0 0 0 0 0 0 0 2.3226404 2.0477026 4.8640203 -7.7195287 -0.9626872 -0.99357915 0.30970505
50 3 Car 0 0 0 0 0 0 0 1.5525832 2.0016317 4.1057277 -15.345894 -1.3116806 -4.39029 0.44542694
50 4 Car 0 0 0 0 0 0 0 3.0372367 2.9364254 7.730407 -24.778032 -0.5327563 -8.061499 0.4001826
50 6 Car 0 0 0 0 0 0 0 2.496336 2.8237994 6.575895 -47.864548 -0.67756766 -20.311129 0.83404183
50 7 Car 0 0 0 0 0 0 0 1.7856835 1.925679 4.450572 -73.26475 -1.0284227 -13.460431 -0.41887903
50 104 Car 0 0 0 0 0 0 0 2.2645133 2.0093734 4.472229 -0.05793357 0.720127 -0.09707326 0.042603787
50 105 Car 0 0 0 0 0 0 0 1.7955278 1.9560933 4.6441545 -58.75632 -2.0052392 -17.399202 -0.010072557
51 1 Car 0 0 0 0 0 0 0 2.0228767 2.0807319 4.7514863 -10.775131 -1.0640831 2.279003 0.36762017
51 2 Car 0 0 0 0 0 0 0 2.3226404 2.0477028 4.8640203 -7.7537527 -0.95736456 -0.98878855 0.30965674
51 3 Car 0 0 0 0 0 0 0 1.5525832 2.0016317 4.105728 -15.328728 -1.3069365 -4.382095 0.44544
51 4 Car 0 0 0 0 0 0 0 3.0372367 2.9364252 7.7304087 -24.778175 -0.52836716 -8.061154 0.40014172
51 6 Car 0 0 0 0 0 0 0 2.4962409 2.8237417 6.5757723 -47.80819 -0.6600779 -20.2991 0.8352192
51 7 Car 0 0 0 0 0 0 0 1.7856835 1.9256794 4.450572 -73.25383 -1.054076 -13.483843 -0.4188789
51 104 Car 0 0 0 0 0 0 0 2.264514 2.0093734 4.4722333 -0.07574904 0.7142446 -0.10674393 0.04261513
51 105 Car 0 0 0 0 0 0 0 1.7952545 1.9564083 4.6427026 -58.220337 -1.9288567 -17.387672 -0.01066086
52 1 Car 0 0 0 0 0 0 0 2.0228767 2.0807314 4.751487 -10.774828 -1.0649763 2.2799504 0.375377
52 2 Car 0 0 0 0 0 0 0 2.3226404 2.0477028 4.8640203 -7.761693 -0.9752682 -0.98633844 0.30960852
52 3 Car 0 0 0 0 0 0 0 1.5525832 2.0016315 4.105728 -15.367138 -1.3021924 -4.4004354 0.44545284
52 4 Car 0 0 0 0 0 0 0 3.0372367 2.9364252 7.7304087 -24.849518 -0.5543504 -8.090922 0.4001009
52 6 Car 0 0 0 0 0 0 0 2.496336 2.823796 6.5758944 -47.811768 -0.75996614 -20.300714 0.8379308
52 7 Car 0 0 0 0 0 0 0 1.7856835 1.925679 4.450572 -73.063194 -1.0356262 -13.514284 -0.41887903
52 104 Car 0 0 0 0 0 0 0 2.2645135 2.0093725 4.472233 -0.056254268 0.709222 -0.08451265 0.04261535
52 105 Car 0 0 0 0 0 0 0 1.7958691 1.9565067 4.6440616 -57.64842 -2.0434191 -17.320316 0.032485656
53 1 Car 0 0 0 0 0 0 0 2.0228767 2.0807314 4.7514863 -10.774523 -1.045641 2.2808976 0.36458963
53 2 Car 0 0 0 0 0 0 0 2.3226404 2.0477028 4.864021 -7.7696333 -0.96994543 -0.9838882 0.30956018
53 3 Car 0 0 0 0 0 0 0 1.5525832 2.0016315 4.1057277 -15.331446 -1.2974484 -4.3833957 0.44546592
53 4 Car 0 0 0 0 0 0 0 3.0372367 2.9364247 7.7304087 -24.849663 -0.534775 -8.090582 0.40006
53 6 Car 0 0 0 0 0 0 0 2.496336 2.8237996 6.5758953 -47.856125 -0.73455757 -20.31754 0.8375554
53 7 Car 0 0 0 0 0 0 0 1.7856835 1.925679 4.450572 -72.91221 -1.0171765 -13.620113 -0.41887903
53 104 Car 0 0 0 0 0 0 0 2.2645159 2.0093727 4.472235 -0.054132223 0.7010567 -0.09329671 0.042612903
53 105 Car 0 0 0 0 0 0 0 1.7955977 1.9564596 4.6434646 -57.078064 -1.9488703 -17.15926 0.018791106
54 1 Car 0 0 0 0 0 0 0 2.0228767 2.0807314 4.7514863 -10.7742195 -1.0566487 2.281845 0.371801
54 2 Car 0 0 0 0 0 0 0 2.3226404 2.0477028 4.8640203 -7.7775 -0.9704294 -0.9814076 0.3095119
54 3 Car 0 0 0 0 0 0 0 1.5525833 2.0016317 4.105728 -15.355962 -1.2927043 -4.395103 0.4454788
54 4 Car 0 0 0 0 0 0 0 3.0372367 2.936425 7.7304077 -24.849804 -0.51519954 -8.090241 0.40001926
54 6 Car 0 0 0 0 0 0 0 2.4959557 2.823605 6.5753417 -47.85648 -0.709149 -20.285496 0.8371805
54 7 Car 0 0 0 0 0 0 0 1.7856835 1.9256794 4.450572 -73.01679 -0.9987268 -13.627794 -0.4188789
54 104 Car 0 0 0 0 0 0 0 2.2645144 2.0093722 4.472231 -0.062765956 0.69976646 -0.09106761 0.042788185
54 105 Car 0 0 0 0 0 0 0 1.79587 1.9564732 4.6441364 -56.639828 -1.8584181 -17.095139 0.005297033
55 1 Car 0 0 0 0 0 0 0 2.0228767 2.0807319 4.7514863 -10.773916 -1.057542 2.2827926 0.37464905
55 2 Car 0 0 0 0 0 0 0 2.3226404 2.0477028 4.8640213 -7.785367 -0.97091323 -0.9789269 0.30946356
55 3 Car 0 0 0 0 0 0 0 1.5525833 2.0016322 4.105728 -15.353327 -1.2879603 -4.4160275 0.44549167
55 4 Car 0 0 0 0 0 0 0 3.0372367 2.9364252 7.7304077 -24.858849 -0.5032172 -8.093664 0.3999784
55 6 Car 0 0 0 0 0 0 0 2.496336 2.8237982 6.5758944 -47.879807 -0.7211741 -20.27701 0.8369188
55 7 Car 0 0 0 0 0 0 0 1.7856835 1.925679 4.450572 -72.83133 -0.960277 -13.622311 -0.41887903
55 104 Car 0 0 0 0 0 0 0 2.2645154 2.0093715 4.472235 -0.013499856 0.6939297 -0.074353576 0.04278118
55 105 Car 0 0 0 0 0 0 0 1.795871 1.9565569 4.643944 -56.081688 -1.8654419 -17.07798 0.07871939
56 1 Car 0 0 0 0 0 0 0 2.0228767 2.0807319 4.751486 -10.773613 -1.0584354 2.28374 0.37749708
56 2 Car 0 0 0 0 0 0 0 2.3226404 2.0477028 4.8640213 -7.7869987 -0.94817066 -0.99595076 0.30941528
56 3 Car 0 0 0 0 0 0 0 1.5525833 2.001632 4.1057277 -15.355005 -1.2832162 -4.4279213 0.44550472
56 4 Car 0 0 0 0 0 0 0 3.0372367 2.9364257 7.7304077 -24.867891 -0.49123502 -8.097087 0.39993757
56 6 Car 0 0 0 0 0 0 0 2.496336 2.823797 6.5758944 -47.90529 -0.7082435 -20.384651 0.83658165
56 7 Car 0 0 0 0 0 0 0 1.7856835 1.9256779 4.450568 -72.69305 -0.94582736 -13.722798 -0.41887927
56 104 Car 0 0 0 0 0 0 0 2.2645168 2.0093722 4.4722404 -0.03353679 0.6930374 -0.08795887 0.042789686
56 105 Car 0 0 0 0 0 0 0 1.7958721 1.956588 4.643877 -55.535156 -1.7992605 -16.91898 0.10850379
57 1 Car 0 0 0 0 0 0 0 2.0228767 2.0807312 4.7514863 -10.7713375 -1.0593289 2.2798738 0.38034505
57 2 Car 0 0 0 0 0 0 0 2.3226404 2.0477028 4.8640203 -7.791748 -0.96026784 -1.0032225 0.3268203
57 3 Car 0 0 0 0 0 0 0 1.5525835 2.0016317 4.105727 -15.356683 -1.2784722 -4.4398146 0.44551775
57 4 Car 0 0 0 0 0 0 0 3.0372367 2.9364247 7.7304077 -24.811447 -0.47925273 -8.0568905 0.39989668
57 6 Car 0 0 0 0 0 0 0 2.496336 2.8237967 6.5758934 -47.873596 -0.69531286 -20.344616 0.8362443
57 7 Car 0 0 0 0 0 0 0 1.7856835 1.9256779 4.450568 -72.42668 -0.9313776 -13.754431 -0.41887927
57 104 Car 0 0 0 0 0 0 0 2.2644372 2.0093737 4.4720774 -0.057549596 0.6892129 -0.0692631 0.042796012
57 105 Car 0 0 0 0 0 0 0 1.7958775 1.9565954 4.6438684 -55.068275 -1.8299879 -16.760775 0.11210264
58 1 Car 0 0 0 0 0 0 0 2.0228767 2.0807316 4.7514863 -10.769061 -1.0602221 2.276008 0.38319314
58 2 Car 0 0 0 0 0 0 0 2.3226404 2.0477028 4.8640203 -7.7963285 -0.9607517 -1.0104359 0.32677203
58 3 Car 0 0 0 0 0 0 0 1.5525833 2.0016322 4.1057277 -15.3713 -1.3137281 -4.4246144 0.44553065
58 4 Car 0 0 0 0 0 0 0 3.0372367 2.936425 7.7304077 -24.787748 -0.4675373 -8.038504 0.39985582
58 6 Car 0 0 0 0 0 0 0 2.4962409 2.8237371 6.575783 -47.83307 -0.7123382 -20.294834 0.835907
58 7 Car 0 0 0 0 0 0 0 1.7856835 1.9256794 4.450572 -72.21995 -0.91692793 -13.847081 -0.4188789
58 104 Car 0 0 0 0 0 0 0 2.2645235 2.0093784 4.4722357 -0.067887425 0.6979784 -0.09211379 0.042779423
58 105 Car 0 0 0 0 0 0 0 1.7958089 1.9565933 4.643693 -54.536747 -1.8612391 -16.725042 0.19426161
59 1 Car 0 0 0 0 0 0 0 2.0228767 2.0807319 4.7514863 -10.766785 -1.0611156 2.272142 0.38604116
59 2 Car 0 0 0 0 0 0 0 2.3226404 2.0477028 4.8640203 -7.8047843 -0.9612355 -1.0081568 0.3267237
59 3 Car 0 0 0 0 0 0 0 1.5525833 2.0016317 4.1057277 -15.377291 -1.328984 -4.4274764 0.4455436
59 4 Car 0 0 0 0 0 0 0 3.0372367 2.936425 7.730407 -24.764046 -0.455822 -8.020117 0.39981505
59 6 Car 0 0 0 0 0 0 0 2.4962409 2.823738 6.5757833 -47.836792 -0.7043991 -20.294044 0.83554727
59 7 Car 0 0 0 0 0 0 0 1.7856835 1.9256794 4.450572 -72.14333 -0.90247816 -13.903695 -0.4188789
59 104 Car 0 0 0 0 0 0 0 2.264525 2.009379 4.472238 -0.07998061 0.7066844 -0.07469934 0.042772636
59 105 Car 0 0 0 0 0 0 0 1.7955371 1.956346 4.643577 -54.000706 -1.8620174 -16.476955 0.19385187
60 1 Car 0 0 0 0 0 0 0 2.0228767 2.0807319 4.751486 -10.764509 -1.0620089 2.2682757 0.38888913
60 2 Car 0 0 0 0 0 0 0 2.3226404 2.0477028 4.864021 -7.8028765 -0.9617195 -1.0347939 0.3354021
60 3 Car 0 0 0 0 0 0 0 1.5525835 2.0016315 4.1057277 -15.382204 -1.32424 -4.4325967 0.44555652
60 4 Car 0 0 0 0 0 0 0 3.0372367 2.9364252 7.7304077 -24.788698 -0.47447896 -8.085915 0.39977425
60 6 Car 0 0 0 0 0 0 0 2.4962409 2.8237486 6.5757585 -47.840534 -0.7249895 -20.293276 0.8351855
60 7 Car 0 0 0 0 0 0 0 1.7856835 1.9256779 4.450568 -72.05044 -0.8880285 -13.923766 -0.41887927
60 104 Car 0 0 0 0 0 0 0 2.264525 2.0093784 4.4722376 -0.049052477 0.7059827 -0.06544691 0.04279491
60 105 Car 0 0 0 0 0 0 0 1.7951753 1.9566041 4.642026 -53.40398 -1.8226373 -16.329353 0.21126336
61 1 Car 0 0 0 0 0 0 0 2.0228767 2.080732 4.7514863 -10.766188 -1.0629023 2.274383 0.38301054
61 2 Car 0 0 0 0 0 0 0 2.3226404 2.0477028 4.8640213 -7.814575 -0.9622033 -1.0228032 0.34189874
61 3 Car 0 0 0 0 0 0 0 1.5525835 2.0016322 4.105728 -15.387656 -1.3094958 -4.436588 0.44556937
61 4 Car 0 0 0 0 0 0 0 3.0372367 2.936425 7.7304096 -24.806314 -0.47794986 -8.069046 0.39973333
61 6 Car 0 0 0 0 0 0 0 2.4962409 2.823739 6.575782 -47.843945 -0.7206184 -20.292507 0.83486366
61 7 Car 0 0 0 0 0 0 0 1.7856834 1.9256794 4.450572 -71.95864 -0.9262585 -13.981969 -0.4188789
61 104 Car 0 0 0 0 0 0 0 2.2645237 2.0093791 4.4722385 -0.05808878 0.7039098 -0.08171821 0.042786956
61 105 Car 0 0 0 0 0 0 0 1.795829 1.9567099 4.6434746 -52.942 -1.8595326 -16.180351 0.25447434
62 1 Car 0 0 0 0 0 0 0 2.0228767 2.0807314 4.7514863 -10.767865 -1.0637956 2.2804904 0.3771319
62 2 Car 0 0 0 0 0 0 0 2.3226404 2.0477028 4.8640203 -7.8228407 -0.9626872 -1.0204586 0.32657886
62 3 Car 0 0 0 0 0 0 0 1.5525835 2.0016322 4.105727 -15.401735 -1.3247517 -4.422517 0.4455825
62 4 Car 0 0 0 0 0 0 0 3.0372367 2.9364245 7.7304087 -24.801073 -0.48142073 -8.1062765 0.39969248
62 6 Car 0 0 0 0 0 0 0 2.496336 2.8237972 6.5758934 -47.847683 -0.6885105 -20.291777 0.8345021
62 7 Car 0 0 0 0 0 0 0 1.7856835 1.9256794 4.450572 -71.781456 -0.98448867 -14.067239 -0.4188789
62 104 Car 0 0 0 0 0 0 0 2.2645402 2.0093803 4.4722676 -0.069175005 0.6986313 -0.07782942 0.042792812
62 105 Car 0 0 0 0 0 0 0 1.7947965 1.9555438 4.643568 -52.42811 -1.8715649 -15.974475 0.26306778
63 1 Car 0 0 0 0 0 0 0 2.0228767 2.0807316 4.751487 -10.768586 -1.064689 2.2841794 0.3734349
63 2 Car 0 0 0 0 0 0 0 2.3226404 2.0477028 4.8640203 -7.784338 -0.963171 -1.0045404 0.3218945
63 3 Car 0 0 0 0 0 0 0 1.5525835 2.0016317 4.105728 -15.407187 -1.3100078 -4.426508 0.44559532
63 4 Car 0 0 0 0 0 0 0 3.0372367 2.936425 7.730408 -24.825829 -0.45451918 -8.0725 0.3996517
63 6 Car 0 0 0 0 0 0 0 2.496336 2.8237965 6.575895 -47.863014 -0.66305846 -20.324633 0.8364859
63 7 Car 0 0 0 0 0 0 0 1.7856835 1.9256783 4.45057 -71.63679 -1.0427188 -14.061409 -0.4276057
63 104 Car 0 0 0 0 0 0 0 2.2645416 2.0093782 4.4722743 -0.06501317 0.67711 -0.08740723 0.04278651
63 105 Car 0 0 0 0 0 0 0 1.7956183 1.9564409 4.643563 -51.901268 -1.8597412 -15.796196 0.29773742
64 1 Car 0 0 0 0 0 0 0 2.0228767 2.0807314 4.751486 -10.769306 -1.0655823 2.2878687 0.36973795
64 2 Car 0 0 0 0 0 0 0 2.3226404 2.0477028 4.8640213 -7.792121 -0.963655 -1.0035776 0.31721017
64 3 Car 0 0 0 0 0 0 0 1.5525835 2.0016317 4.1057286 -15.412796 -1.3252637 -4.4305754 0.45433486
64 4 Car 0 0 0 0 0 0 0 3.0372367 2.9364252 7.730408 -24.839157 -0.4731761 -8.065774 0.39961085
64 6 Car 0 0 0 0 0 0 0 2.496336 2.823797 6.575893 -47.81122 -0.68753314 -20.240982 0.8384705
64 7 Car 0 0 0 0 0 0 0 1.7856835 1.9256787 4.45057 -71.42473 -1.1627188 -14.241697 -0.42760578
64 104 Car 0 0 0 0 0 0 0 2.2645388 2.0093784 4.4722695 -0.021044374 0.6941967 -0.08479488 0.042780094
64 105 Car 0 0 0 0 0 0 0 1.7952744 1.9560964 4.643486 -51.365784 -1.8253849 -15.6471 0.349834
65 1 Car 0 0 0 0 0 0 0 2.0228767 2.0807316 4.7514863 -10.770028 -1.0664759 2.2915578 0.366041
65 2 Car 0 0 0 0 0 0 0 2.3226404 2.0477028 4.8640213 -7.7882957 -0.964139 -0.9989841 0.3037992
65 3 Car 0 0 0 0 0 0 0 1.5525832 2.0016317 4.1057267 -15.418092 -1.3105195 -4.434491 0.4368946
65 4 Car 0 0 0 0 0 0 0 3.0372367 2.936425 7.7304087 -24.852486 -0.476647 -8.059049 0.39957005
65 6 Car 0 0 0 0 0 0 0 2.4962409 2.8237371 6.5757837 -47.854073 -0.662655 -20.315405 0.8404735
65 7 Car 0 0 0 0 0 0 0 1.7856835 1.9256794 4.450572 -71.1977 -1.1827188 -14.388259 -0.4188789
65 104 Car 0 0 0 0 0 0 0 2.2644534 2.0093744 4.472108 -0.008538723 0.69763994 -0.08091915 0.042772997
65 105 Car 0 0 0 0 0 0 0 1.7958221 1.9566932 4.64349 -50.759956 -1.831847 -15.529285 0.3844714
66 1 Car 0 0 0 0 0 0 0 2.0228767 2.0807319 4.7514863 -10.770749 -1.0673691 2.295247 0.37979737
66 2 Car 0 0 0 0 0 0 0 2.3226404 2.0477028 4.8640213 -7.7904196 -0.9646228 -0.9747968 0.29475155
66 3 Car 0 0 0 0 0 0 0 1.5525832 2.0016317 4.105728 -15.414917 -1.3257754 -4.456544 0.44563413
66 4 Car 0 0 0 0 0 0 0 3.0372367 2.9364247 7.7304087 -24.83021 -0.4801178 -8.037284 0.39952922
66 6 Car 0 0 0 0 0 0 0 2.496336 2.8237972 6.5758924 -47.8302 -0.66991353 -20.272978 0.8424388
66 7 Car 0 0 0 0 0 0 0 1.7856835 1.925679 4.4505715 -70.89277 -1.1427188 -14.524025 -0.4188788
66 104 Car 0 0 0 0 0 0 0 2.26454 2.009378 4.472272 -0.07484925 0.67186743 -0.05638498 0.04278158
66 105 Car 0 0 0 0 0 0 0 1.7958906 1.9567648 4.643502 -50.302616 -1.797009 -15.316088 0.3754069
67 1 Car 0 0 0 0 0 0 0 2.0228767 2.0807316 4.751487 -10.762347 -1.0682626 2.2764404 0.38191807
67 2 Car 0 0 0 0 0 0 0 2.3226404 2.0477026 4.8640203 -7.783798 -0.96510667 -0.98005325 0.28570393
67 3 Car 0 0 0 0 0 0 0 1.5525832 2.0016317 4.1057277 -15.408894 -1.3210313 -4.388903 0.43692046
67 4 Car 0 0 0 0 0 0 0 3.0372367 2.9364252 7.730409 -24.825733 -0.4835887 -8.023037 0.39948833
67 6 Car 0 0 0 0 0 0 0 2.4962409 2.823737 6.575784 -47.85033 -0.72767174 -20.279697 0.84444183
67 7 Car 0 0 0 0 0 0 0 1.7856835 1.925679 4.450572 -70.900894 -1.1527189 -14.487568 -0.41887903
67 104 Car 0 0 0 0 0 0 0 2.2645407 2.0093777 4.47227 -0.02675724 0.6934658 -0.07862133 0.042775534
67 105 Car 0 0 0 0 0 0 0 1.7958908 1.9567688 4.643487 -49.702515 -1.7798382 -15.0520115 0.40153664
68 1 Car 0 0 0 0 0 0 0 2.0228767 2.0807316 4.7514863 -10.753945 -1.0691558 2.2576337 0.38403895
68 2 Car 0 0 0 0 0 0 0 2.3226404 2.0477028 4.8640213 -7.774469 -0.9655905 -0.99518466 0.31156284
68 3 Car 0 0 0 0 0 0 0 1.5525832 2.001632 4.105727 -15.397558 -1.3162873 -4.4288435 0.44566017
68 4 Car 0 0 0 0 0 0 0 3.0372367 2.9364257 7.730408 -24.809841 -0.4870595 -8.035845 0.39944756
68 6 Car 0 0 0 0 0 0 0 2.496336 2.8237967 6.5758934 -47.870174 -0.68557847 -20.286095 0.8464073
68 7 Car 0 0 0 0 0 0 0 1.7856835 1.9256779 4.4505754 -70.86024 -1.1827188 -14.50567 -0.4188786
68 104 Car 0 0 0 0 0 0 0 2.2645388 2.0093775 4.4722676 -0.06016612 0.66433 -0.069067955 0.042778064
68 105 Car 0 0 0 0 0 0 0 1.7958897 1.9567714 4.6434793 -49.187508 -1.756778 -14.837386 0.4102096
69 1 Car 0 0 0 0 0 0 0 2.0228767 2.0807314 4.7514863 -10.757237 -1.0700493 2.2677646 0.38615978
69 2 Car 0 0 0 0 0 0 0 2.3226404 2.0477028 4.8640213 -7.7679358 -0.96607447 -1.0004668 0.31560516
69 3 Car 0 0 0 0 0 0 0 1.5525833 2.0016322 4.105727 -15.402234 -1.3340433 -4.4332595 0.4456731
69 4 Car 0 0 0 0 0 0 0 3.0372367 2.9364247 7.7304087 -24.799654 -0.49053028 -8.035126 0.39940664
69 6 Car 0 0 0 0 0 0 0 2.4962409 2.8237371 6.5757866 -47.847763 -0.70468986 -20.278067 0.8534925
69 7 Car 0 0 0 0 0 0 0 1.7856835 1.9256794 4.450572 -70.75555 -1.1527189 -14.557755 -0.4188789
69 104 Car 0 0 0 0 0 0 0 2.2645407 2.0093791 4.4722705 -0.0599643 0.6903573 -0.05802256 0.042774078
69 105 Car 0 0 0 0 0 0 0 1.7958912 1.9567723 4.643487 -48.741974 -1.6789033 -14.603075 0.41014212
70 1 Car 0 0 0 0 0 0 0 2.0228767 2.0807316 4.751487 -10.757862 -1.0709425 2.271493 0.38864413
70 2 Car 0 0 0 0 0 0 0 2.3226404 2.0477026 4.8640203 -7.7614036 -0.9665583 -1.0057491 0.3218292
70 3 Car 0 0 0 0 0 0 0 1.5525835 2.0016315 4.105727 -15.408619 -1.3217992 -4.4365025 0.4369593
70 4 Car 0 0 0 0 0 0 0 3.0372367 2.9364252 7.7304087 -24.789469 -0.49400115 -8.034406 0.3993659
70 6 Car 0 0 0 0 0 0 0 2.496336 2.8237977 6.5758944 -47.840195 -0.6457926 -20.212759 0.85181355
70 7 Car 0 0 0 0 0 0 0 1.7856836 1.9256794 4.450572 -70.691505 -1.2036929 -14.59174 -0.4188789
70 104 Car 0 0 0 0 0 0 0 2.2645392 2.009377 4.472274 -0.03893709 0.68948185 -0.055941105 0.04294662
70 105 Car 0 0 0 0 0 0 0 1.7958902 1.9567717 4.643488 -48.177963 -1.6700064 -14.387993 0.4015183
71 1 Car 0 0 0 0 0 0 0 2.0228767 2.0807319 4.751487 -10.760147 -1.071836 2.2790022 0.37075788
71 2 Car 0 0 0 0 0 0 0 2.3226404 2.0477028 4.8640203 -7.761469 -0.96704215 -0.9916464 0.31059992
71 3 Car 0 0 0 0 0 0 0 1.5525832 2.0016317 4.1057277 -15.414072 -1.319555 -4.4402933 0.41515574
71 4 Car 0 0 0 0 0 0 0 3.0372367 2.936425 7.730408 -24.779285 -0.49747205 -8.033687 0.39932507
71 6 Car 0 0 0 0 0 0 0 2.496336 2.8237972 6.5758944 -47.79117 -0.6368211 -20.271416 0.8501533
71 7 Car 0 0 0 0 0 0 0 1.7856835 1.9256794 4.450572 -70.5675 -1.1827188 -14.668842 -0.4188789
71 104 Car 0 0 0 0 0 0 0 2.264546 2.0093846 4.472268 -0.029581428 0.6852528 -0.06280732 0.0427775
71 105 Car 0 0 0 0 0 0 0 1.7958952 1.9567735 4.643491 -47.716866 -1.5219737 -14.17764 0.41001958
72 1 Car 0 0 0 0 0 0 0 2.0228767 2.0807319 4.7514863 -10.762431 -1.0727292 2.2865117 0.3790517
72 2 Car 0 0 0 0 0 0 0 2.3226404 2.0477028 4.8640203 -7.7582355 -0.96752596 -0.9872361 0.31246054
72 3 Car 0 0 0 0 0 0 0 1.5525833 2.0016322 4.1057277 -15.419526 -1.317311 -4.444085 0.41953194
72 4 Car 0 0 0 0 0 0 0 3.0372367 2.9364247 7.7304077 -24.7691 -0.50094295 -8.032967 0.39928418
72 6 Car 0 0 0 0 0 0 0 2.496336 2.8237982 6.5758944 -47.886803 -0.62988114 -20.374537 0.84849066
72 7 Car 0 0 0 0 0 0 0 1.7856835 1.9256785 4.450572 -70.508545 -1.2027187 -14.673199 -0.4188789
72 104 Car 0 0 0 0 0 0 0 2.2645397 2.0093782 4.47227 -0.07096672 0.66358817 -0.07392901 0.042947445
72 105 Car 0 0 0 0 0 0 0 1.7958903 1.9567723 4.643481 -47.20156 -1.5578239 -13.953659 0.4101259
73 1 Car 0 0 0 0 0 0 0 2.0228767 2.0807316 4.7514863 -10.764717 -1.0736227 2.2940211 0.38734522
73 2 Car 0 0 0 0 0 0 0 2.3226404 2.0477028 4.8640213 -7.755047 -0.96800995 -0.98284 0.3121395
73 3 Car 0 0 0 0 0 0 0 1.5525835 2.0016317 4.105727 -15.435119 -1.315067 -4.42777 0.4239082
73 4 Car 0 0 0 0 0 0 0 3.0372367 2.936425 7.7304087 -24.758917 -0.5044137 -8.032248 0.3992433
73 6 Car 0 0 0 0 0 0 0 2.4962409 2.8237371 6.575784 -47.85134 -0.6479045 -20.286343 0.8468471
73 7 Car 0 0 0 0 0 0 0 1.7856834 1.9256792 4.450572 -70.363365 -1.1931795 -14.776871 -0.41886204
73 104 Car 0 0 0 0 0 0 0 2.2645378 2.0093794 4.472269 -0.07591355 0.68614846 -0.052312315 0.042948626
73 105 Car 0 0 0 0 0 0 0 1.7958889 1.9567729 4.6434793 -46.65859 -1.4592009 -13.687059 0.41006443
74 1 Car 0 0 0 0 0 0 0 2.0228767 2.0807316 4.751487 -10.759318 -1.0745162 2.2821937 0.37818557
74 2 Car 0 0 0 0 0 0 0 2.3226404 2.0477028 4.8640213 -7.7518587 -0.9684938 -0.97844386 0.31181854
74 3 Car 0 0 0 0 0 0 0 1.5525832 2.0016313 4.105728 -15.418537 -1.3128228 -4.429056 0.41955778
74 4 Car 0 0 0 0 0 0 0 3.0372367 2.9364247 7.730408 -24.748734 -0.5078845 -8.031528 0.39920253
74 6 Car 0 0 0 0 0 0 0 2.496336 2.8237975 6.5758953 -47.817207 -0.6659279 -20.284748 0.8451655
74 7 Car 0 0 0 0 0 0 0 1.7856835 1.9256785 4.450571 -70.23036 -1.1836404 -14.798491 -0.41884506
74 104 Car 0 0 0 0 0 0 0 2.2645402 2.0093784 4.472272 -0.018143773 0.64143884 -0.053743064 0.04295606
74 105 Car 0 0 0 0 0 0 0 1.7958906 1.956773 4.643484 -46.08853 -1.4514761 -13.474081 0.41000813
75 1 Car 0 0 0 0 0 0 0 2.0228767 2.0807319 4.7514863 -10.757761 -1.0551805 2.2800345 0.37775263
75 2 Car 0 0 0 0 0 0 0 2.3226404 2.0477028 4.8640213 -7.7486706 -0.96897775 -0.9740477 0.31149745
75 3 Car 0 0 0 0 0 0 0 1.5525832 2.0016317 4.105727 -15.4011 -1.3305787 -4.4410567 0.42393416
75 4 Car 0 0 0 0 0 0 0 3.0372367 2.9364257 7.7304087 -24.738548 -0.5113553 -8.030809 0.39916173
75 6 Car 0 0 0 0 0 0 0 2.496336 2.8237975 6.5758963 -47.839546 -0.6548274 -20.262365 0.84350294
75 7 Car 0 0 0 0 0 0 0 1.7856836 1.9256778 4.450571 -70.075005 -1.179101 -14.879322 -0.4188279
75 104 Car 0 0 0 0 0 0 0 2.2645378 2.0093787 4.4722705 -0.0699532 0.6609088 -0.063338816 0.042947322
75 105 Car 0 0 0 0 0 0 0 1.7958889 1.956772 4.6434813 -45.57058 -1.405658 -13.261358 0.4099363
76 1 Car 0 0 0 0 0 0 0 2.0228767 2.0807314 4.751486 -10.763871 -1.0459596 2.297219 0.3773196
76 2 Car 0 0 0 0 0 0 0 2.3226404 2.0477023 4.8640213 -7.791786 -0.9462352 -0.9845443 0.31117654
76 3 Car 0 0 0 0 0 0 0 1.5525835 2.0016317 4.105728 -15.396246 -1.3083347 -4.4258127 0.42831028
76 4 Car 0 0 0 0 0 0 0 3.0372367 2.9364252 7.7304077 -24.728363 -0.51482606 -8.03009 0.3991209
76 5 Car 0 0 0 0 0 0 0 1.9083326 1.900892 4.633067 -45.84133 -0.84798604 -12.873411 0.41802186
76 6 Car 0 0 0 0 0 0 0 2.496336 2.8237972 6.5758944 -47.818893 -0.6562086 -20.23416 0.8418404
76 7 Car 0 0 0 0 0 0 0 1.7856836 1.925678 4.4505706 -69.92779 -1.2045617 -14.9236965 -0.4188109
76 104 Car 0 0 0 0 0 0 0 2.2645388 2.0093803 4.4722695 -0.034243584 0.68211013 -0.061373472 0.042953707
77 1 Car 0 0 0 0 0 0 0 2.0228767 2.0807314 4.7514863 -10.75849 -1.0569674 2.285385 0.3768866
77 2 Car 0 0 0 0 0 0 0 2.3226404 2.0477028 4.8640203 -7.8117495 -0.94671917 -0.9875945 0.3108555
77 3 Car 0 0 0 0 0 0 0 1.5525835 2.0016317 4.105727 -15.428641 -1.3260907 -4.4269896 0.42396003
77 4 Car 0 0 0 0 0 0 0 3.0372367 2.9364245 7.7304087 -24.848286 -0.50817287 -8.052427 0.3903534
77 5 Car 0 0 0 0 0 0 0 1.9083326 1.9008907 4.633066 -45.355236 -0.84758866 -12.628258 0.40855533
77 6 Car 0 0 0 0 0 0 0 2.496336 2.8237965 6.575894 -47.831436 -0.68255305 -20.26448 0.8401778
77 7 Car 0 0 0 0 0 0 0 1.7856836 1.9256793 4.4505672 -69.93913 -1.2100224 -14.886539 -0.41879436
77 104 Car 0 0 0 0 0 0 0 2.2645388 2.0093799 4.472267 -0.034769416 0.6368868 -0.06540424 0.042961404
78 1 Car 0 0 0 0 0 0 0 2.0228767 2.0807316 4.751487 -10.756937 -1.0578609 2.283224 0.37645364
78 2 Car 0 0 0 0 0 0 0 2.3226404 2.0477028 4.864021 -7.7852716 -0.94139624 -0.9761865 0.30180788
78 3 Car 0 0 0 0 0 0 0 1.5525835 2.0016322 4.105727 -15.41148 -1.3238418 -4.43786 0.43706295
78 4 Car 0 0 0 0 0 0 0 3.0372367 2.9364247 7.7304077 -24.808395 -0.50151956 -8.055172 0.40776587
78 5 Car 0 0 0 0 0 0 0 1.9083326 1.9008906 4.6330657 -44.765587 -0.8471914 -12.359993 0.40999708
78 6 Car 0 0 0 0 0 0 0 2.496336 2.8237963 6.5758944 -47.83261 -0.74634266 -20.26096 0.83851516
78 7 Car 0 0 0 0 0 0 0 1.7856835 1.9256797 4.4505734 -69.785805 -1.1948581 -14.97878 -0.4187765
78 104 Car 0 0 0 0 0 0 0 2.2645397 2.009378 4.472271 -0.082116246 0.6836502 -0.07769984 0.04295376
79 1 Car 0 0 0 0 0 0 0 2.0228767 2.0807316 4.7514863 -10.755384 -1.0587541 2.2810636 0.37602067
79 2 Car 0 0 0 0 0 0 0 2.3226404 2.0477028 4.864021 -7.805168 -0.95930004 -0.9794545 0.29712352
79 3 Car 0 0 0 0 0 0 0 1.5525832 2.0016322 4.1057277 -15.425322 -1.3324546 -4.420842 0.44106102
79 4 Car 0 0 0 0 0 0 0 3.0372367 2.9364252 7.730408 -24.840206 -0.49486628 -8.088156 0.39899844
79 5 Car 0 0 0 0 0 0 0 1.9083326 1.9008902 4.633068 -44.216602 -0.846794 -12.153013 0.41143876
79 6 Car 0 0 0 0 0 0 0 2.4962409 2.8237486 6.575756 -47.921474 -0.71027976 -20.355461 0.83685255
79 7 Car 0 0 0 0 0 0 0 1.7856834 1.9256779 4.45057 -69.75446 -1.1796937 -15.0167265 -0.41875994
79 104 Car 0 0 0 0 0 0 0 2.264546 2.0093844 4.472272 -0.082421064 0.6581784 -0.058842182 0.042953525
80 1 Car 0 0 0 0 0 0 0 2.0228767 2.0807314 4.751486 -10.746201 -1.0596476 2.2595458 0.3755877
80 2 Car 0 0 0 0 0 0 0 2.3226404 2.0477028 4.8640203 -7.810582 -0.9655905 -0.9888165 0.29243922
80 3 Car 0 0 0 0 0 0 0 1.5525835 2.001632 4.105727 -15.439163 -1.3410677 -4.403825 0.43633243
80 4 Car 0 0 0 0 0 0 0 3.0372367 2.936425 7.730408 -24.841356 -0.49966645 -8.081847 0.3992191
80 5 Car 0 0 0 0 0 0 0 1.9083326 1.9008915 4.633066 -43.65148 -0.8463967 -11.982638 0.41288057
80 6 Car 0 0 0 0 0 0 0 2.4961457 2.8237991 6.5753937 -47.95524 -0.7366233 -20.366829 0.8351996
80 7 Car 0 0 0 0 0 0 0 1.7856834 1.9256792 4.450566 -69.491356 -1.1895297 -15.081203 -0.41874325
80 104 Car 0 0 0 0 0 0 0 2.2645454 2.0093853 4.47227 -0.057623744 0.6606159 -0.07131058 0.042959895
81 1 Car 0 0 0 0 0 0 0 2.0228767 2.0807314 4.7514863 -10.748455 -1.0605408 2.2670667 0.3751546
81 2 Car 0 0 0 0 0 0 0 2.3226404 2.0477028 4.8640213 -7.815996 -0.9718809 -0.9981786 0.28775486
81 3 Car 0 0 0 0 0 0 0 1.5525833 2.0016317 4.105728 -15.444174 -1.3212073 -4.430431 0.44505894
81 4 Car 0 0 0 0 0 0 0 3.0372367 2.936425 7.7304087 -24.771284 -0.5044668 -8.045476 0.39943975
81 5 Car 0 0 0 0 0 0 0 1.9083326 1.9008915 4.6330667 -43.16661 -0.8859993 -11.62907 0.4143222
81 6 Car 0 0 0 0 0 0 0 2.496336 2.8237982 6.5758934 -47.92344 -0.6880801 -20.348482 0.8335066
81 7 Car 0 0 0 0 0 0 0 1.7856834 1.9256785 4.450573 -69.41122 -1.1593652 -15.118977 -0.41872555
81 104 Car 0 0 0 0 0 0 0 2.264553 2.0093794 4.472292 -0.08169019 0.677802 -0.06371176 0.04294824
82 1 Car 0 0 0 0 0 0 0 2.0228767 2.0807319 4.7514863 -10.75426 -1.0614343 2.2843692 0.3703584
82 2 Car 0 0 0 0 0 0 0 2.3226404 2.0477026 4.8640203 -7.8221364 -0.9549451 -1.0050862 0.30052394
82 3 Car 0 0 0 0 0 0 0 1.5525835 2.0016317 4.105727 -15.427027 -1.3210677 -4.4222484 0.44505906
82 4 Car 0 0 0 0 0 0 0 3.0372367 2.9364247 7.7304087 -24.782606 -0.47889447 -8.043463 0.39966035
82 5 Car 0 0 0 0 0 0 0 1.9083326 1.9008904 4.633065 -42.630928 -0.83549994 -11.382318 0.41184866
82 6 Car 0 0 0 0 0 0 0 2.496336 2.8237967 6.5758944 -47.862125 -0.7081814 -20.30201 0.8307646
82 7 Car 0 0 0 0 0 0 0 1.7856834 1.9256787 4.4505725 -69.17454 -1.179201 -15.133379 -0.41870856
82 104 Car 0 0 0 0 0 0 0 2.2645383 2.0093791 4.47227 -0.08480394 0.67607945 -0.07856727 0.042937323
83 1 Car 0 0 0 0 0 0 0 2.0228767 2.0807316 4.751486 -10.756384 -1.0623275 2.291941 0.37647036
83 2 Car 0 0 0 0 0 0 0 2.3226404 2.0477026 4.8640213 -7.7733917 -0.9565902 -0.99222505 0.3045662
83 3 Car 0 0 0 0 0 0 0 1.5525832 2.0016315 4.105728 -15.460438 -1.3609279 -4.436477 0.44505897
83 4 Car 0 0 0 0 0 0 0 3.0372367 2.9364254 7.730408 -24.79393 -0.44066715 -8.041449 0.39988112
83 5 Car 0 0 0 0 0 0 0 1.9083326 1.9008904 4.633067 -42.095062 -0.8350006 -11.135487 0.40937465
83 6 Car 0 0 0 0 0 0 0 2.496336 2.8237987 6.5758944 -47.889496 -0.678356 -20.352655 0.8280226
83 7 Car 0 0 0 0 0 0 0 1.7856835 1.9256786 4.450572 -69.00253 -1.1791148 -15.181936 -0.41869152
83 104 Car 0 0 0 0 0 0 0 2.264552 2.0093794 4.472292 -0.08511305 0.6782791 -0.047695458 0.04311604
84 1 Car 0 0 0 0 0 0 0 2.0228767 2.0807316 4.7514863 -10.758508 -1.0429921 2.2995126 0.37821907
84 2 Car 0 0 0 0 0 0 0 2.3226404 2.0477026 4.8640213 -7.776205 -0.95823544 -0.9955707 0.30860853
84 3 Car 0 0 0 0 0 0 0 1.5525833 2.0016315 4.105727 -15.436716 -1.320928 -4.431033 0.44505894
84 4 Car 0 0 0 0 0 0 0 3.0372367 2.9364245 7.730408 -24.80525 -0.46318445 -8.039435 0.40010172
84 5 Car 0 0 0 0 0 0 0 1.9083326 1.9008904 4.633067 -41.575768 -0.8545012 -10.9667015 0.4069008
84 6 Car 0 0 0 0 0 0 0 2.496336 2.8237987 6.5758953 -47.827366 -0.68909603 -20.284721 0.8296439
84 7 Car 0 0 0 0 0 0 0 1.7856836 1.9256815 4.4505715 -68.69635 -1.1790289 -15.257366 -0.4186744
84 104 Car 0 0 0 0 0 0 0 2.2645588 2.0093856 4.4722934 -0.08814311 0.6772156 -0.08836478 0.04311925
85 1 Car 0 0 0 0 0 0 0 2.0228767 2.0807316 4.7514863 -10.752915 -1.0539999 2.287761 0.3799677
85 2 Car 0 0 0 0 0 0 0 2.3226404 2.0477028 4.8640213 -7.779018 -0.95988065 -0.9989164 0.31265086
85 3 Car 0 0 0 0 0 0 0 1.5525835 2.001632 4.105727 -15.439783 -1.3210677 -4.412614 0.4450591
85 4 Car 0 0 0 0 0 0 0 3.0372367 2.936425 7.730408 -24.816574 -0.4553295 -8.037422 0.4003224
85 5 Car 0 0 0 0 0 0 0 1.9083326 1.9008907 4.633066 -40.979435 -0.87400186 -10.742686 0.404427
85 6 Car 0 0 0 0 0 0 0 2.496336 2.8237991 6.575895 -47.854027 -0.6499094 -20.313808 0.83126533
85 7 Car 0 0 0 0 0 0 0 1.7856834 1.9256802 4.450571 -68.482796 -1.1789426 -15.321864 -0.36629766
85 104 Car 0 0 0 0 0 0 0 2.2645388 2.00938 4.4722676 -0.085296154 0.6726997 -0.08204037 0.042928338
86 1 Car 0 0 0 0 0 0 0 2.0228767 2.0807319 4.7514863 -10.751181 -1.0548934 2.2856712 0.38171637
86 2 Car 0 0 0 0 0 0 0 2.3226404 2.0477028 4.864021 -7.78183 -0.9615259 -1.0022621 0.3166932
86 3 Car 0 0 0 0 0 0 0 1.5525833 2.001632 4.1057286 -15.459941 -1.3212073 -4.4305315 0.43633223
86 4 Car 0 0 0 0 0 0 0 3.0372367 2.9364247 7.7304087 -24.816444 -0.48797107 -8.0624485 0.40054306
86 5 Car 0 0 0 0 0 0 0 1.9083326 1.9008904 4.633067 -40.430454 -0.8935024 -10.408411 0.40195313
86 6 Car 0 0 0 0 0 0 0 2.496336 2.8237975 6.575894 -47.814133 -0.6481677 -20.270092 0.83288664
86 7 Car 0 0 0 0 0 0 0 1.7856835 1.9256786 4.450572 -68.2688 -1.1988564 -15.420534 -0.34010053
86 104 Car 0 0 0 0 0 0 0 2.2645447 2.009385 4.4722667 -0.0793488 0.6744626 -0.0671525 0.042947203
87 1 Car 0 0 0 0 0 0 0 2.0228767 2.0807314 4.7514863 -10.749447 -1.0557866 2.2835813 0.37473845
87 2 Car 0 0 0 0 0 0 0 2.3226404 2.0477028 4.864021 -7.784643 -0.963171 -1.0056077 0.3207355
87 3 Car 0 0 0 0 0 0 0 1.5525833 2.001632 4.105727 -15.437819 -1.320928 -4.406643 0.43633243
87 4 Car 0 0 0 0 0 0 0 3.0372367 2.936425 7.7304077 -24.833492 -0.48264715 -8.046915 0.40076375
87 5 Car 0 0 0 0 0 0 0 1.9083326 1.9008911 4.633064 -39.840405 -0.91216975 -10.169863 0.39947963
87 6 Car 0 0 0 0 0 0 0 2.4962409 2.8237371 6.575782 -47.84067 -0.6339444 -20.299286 0.8345079
87 7 Car 0 0 0 0 0 0 0 1.7856836 1.9256794 4.450572 -68.04195 -1.1687703 -15.481327 -0.31390363
87 104 Car 0 0 0 0 0 0 0 2.2645383 2.0093784 4.4722705 -0.08976376 0.6720762 -0.06507766 0.042936027
88 1 Car 0 0 0 0 0 0 0 2.0228767 2.0807314 4.7514863 -10.7502 -1.0566801 2.2879653 0.37212375
88 2 Car 0 0 0 0 0 0 0 2.3226404 2.0477028 4.8640203 -7.7874556 -0.9648163 -1.0089533 0.32477784
88 3 Car 0 0 0 0 0 0 0 1.5525832 2.0016317 4.105727 -15.450596 -1.3213466 -4.4330287 0.44505906
88 4 Car 0 0 0 0 0 0 0 3.0372367 2.9364254 7.7304077 -24.85054 -0.47732314 -8.031382 0.4009844
88 5 Car 0 0 0 0 0 0 0 1.9083326 1.9008912 4.633067 -39.23868 -0.93083704 -9.958954 0.39700565
88 6 Car 0 0 0 0 0 0 0 2.496336 2.823798 6.5758953 -47.822975 -0.6446845 -20.279827 0.8361198
88 7 Car 0 0 0 0 0 0 0 1.7856835 1.9256785 4.4505706 -67.82386 -1.1586841 -15.57081 -0.28770673
88 104 Car 0 0 0 0 0 0 0 2.2645383 2.009379 4.4722667 -0.10742569 0.646896 -0.07158303 0.043112703
89 1 Car 0 0 0 0 0 0 0 2.0228767 2.0807314 4.751487 -10.750954 -1.0575733 2.2923493 0.36950907
89 2 Car 0 0 0 0 0 0 0 2.3226404 2.0477028 4.8640213 -7.7918115 -0.9664615 -1.007417 0.32009345
89 3 Car 0 0 0 0 0 0 0 1.5525832 2.0016317 4.105728 -15.426456 -1.3412073 -4.4032674 0.44505894
89 4 Car 0 0 0 0 0 0 0 3.0372367 2.9364252 7.7304087 -24.851688 -0.451751 -8.025074 0.40120506
89 5 Car 0 0 0 0 0 0 0 1.9083326 1.9008904 4.633065 -38.636963 -0.94950426 -9.748044 0.39453176
89 6 Car 0 0 0 0 0 0 0 2.496336 2.8237972 6.5758953 -47.79424 -0.65542454 -20.248184 0.83775055
89 7 Car 0 0 0 0 0 0 0 1.7856835 1.9256792 4.4505715 -67.58408 -1.168598 -15.583297 -0.2615097
89 104 Car 0 0 0 0 0 0 0 2.2645378 2.0093784 4.472266 -0.091424346 0.6636015 -0.08349925 0.043114826
90 1 Car 0 0 0 0 0 0 0 2.0228767 2.0807319 4.7514863 -10.751707 -1.0584669 2.2967336 0.36689448
90 2 Car 0 0 0 0 0 0 0 2.3226404 2.0477026 4.8640213 -7.7941103 -0.96810675 -1.0123901 0.318318
90 3 Car 0 0 0 0 0 0 0 1.5525832 2.0016317 4.105728 -15.458311 -1.340928 -4.431157 0.44505888
90 4 Car 0 0 0 0 0 0 0 3.0372367 2.9364247 7.730409 -24.840223 -0.48692346 -8.048501 0.4014257
90 5 Car 0 0 0 0 0 0 0 1.9083326 1.9008915 4.6330676 -38.07126 -0.94483817 -9.451031 0.39205787
90 6 Car 0 0 0 0 0 0 0 2.496336 2.8237977 6.5758944 -47.78758 -0.6661646 -20.240908 0.8393815
90 7 Car 0 0 0 0 0 0 0 1.7856834 1.9256791 4.45057 -67.35515 -1.1485118 -15.634282 -0.23531276
90 104 Car 0 0 0 0 0 0 0 2.264544 2.0093837 4.472265 -0.065826654 0.62026286 -0.06758016 0.04311012
91 1 Car 0 0 0 0 0 0 0 2.0228767 2.0807314 4.7514863 -10.752164 -1.0593601 2.3003466 0.36427128
91 2 Car 0 0 0 0 0 0 0 2.3226404 2.0477028 4.86402 -7.779769 -0.96975183 -0.9903199 0.31217933
91 3 Car 0 0 0 0 0 0 0 1.5525835 2.0016317 4.105728 -15.443241 -1.3407886 -4.404343 0.44505894
91 4 Car 0 0 0 0 0 0 0 3.0372367 2.936425 7.7304087 -24.839434 -0.48278037 -8.053606 0.4016484
91 5 Car 0 0 0 0 0 0 0 1.9083327 1.9008904 4.633066 -37.47916 -1.0524205 -9.228858 0.3837418
91 6 Car 0 0 0 0 0 0 0 2.496336 2.823797 6.5758944 -47.858345 -0.6769046 -20.340866 0.8410121
91 7 Car 0 0 0 0 0 0 0 1.7856834 1.9256784 4.450571 -67.12967 -1.2184256 -15.702433 -0.20911567
91 104 Car 0 0 0 0 0 0 0 2.2645378 2.009378 4.472265 -0.092002034 0.6583343 -0.066394806 0.043116122
92 1 Car 0 0 0 0 0 0 0 2.0228767 2.0807316 4.751487 -10.752622 -1.0602536 2.3039596 0.36164808
92 2 Car 0 0 0 0 0 0 0 2.3226404 2.0477028 4.8640213 -7.798984 -0.9713971 -1.0215335 0.32349378
92 3 Car 0 0 0 0 0 0 0 1.5525832 2.0016317 4.105728 -15.422796 -1.3606489 -4.418992 0.44505888
92 4 Car 0 0 0 0 0 0 0 3.0372367 2.9364247 7.7304087 -24.838642 -0.4391532 -8.058712 0.40187111
92 5 Car 0 0 0 0 0 0 0 1.9083326 1.9008908 4.633066 -36.877575 -0.94222486 -8.934336 0.3880306
92 6 Car 0 0 0 0 0 0 0 2.496336 2.8237987 6.5758934 -47.86589 -0.70081973 -20.328333 0.8426433
92 104 Car 0 0 0 0 0 0 0 2.264544 2.0093834 4.472265 -0.08837974 0.63025284 -0.07475448 0.04312133
93 1 Car 0 0 0 0 0 0 0 2.0228767 2.0807314 4.7514863 -10.7530775 -1.0611469 2.3075726 0.3590249
93 2 Car 0 0 0 0 0 0 0 2.3226404 2.0477026 4.8640213 -7.8081903 -0.9614291 -1.025305 0.3157188
93 3 Car 0 0 0 0 0 0 0 1.5525832 2.0016317 4.105727 -15.42952 -1.3317549 -4.430145 0.4453318
93 4 Car 0 0 0 0 0 0 0 3.0372367 2.936425 7.7304077 -24.837854 -0.4562707 -8.063817 0.40209377
93 5 Car 0 0 0 0 0 0 0 1.9083326 1.9008908 4.6330657 -36.276295 -1.0145293 -8.766638 0.39231965
93 6 Car 0 0 0 0 0 0 0 2.496336 2.8237982 6.5758944 -47.894547 -0.6997715 -20.297039 0.84427404
93 104 Car 0 0 0 0 0 0 0 2.2645378 2.0093775 4.4722633 -0.061875105 0.64732474 -0.06811476 0.04310727
94 1 Car 0 0 0 0 0 0 0 2.0228767 2.0807319 4.751487 -10.753535 -1.0620403 2.3111854 0.37385505
94 2 Car 0 0 0 0 0 0 0 2.3226404 2.0477026 4.8640203 -7.7710447 -0.95146114 -1.0143337 0.30794382
94 3 Car 0 0 0 0 0 0 0 1.5525832 2.0016313 4.1057277 -15.417724 -1.322861 -4.4324446 0.44560438
94 4 Car 0 0 0 0 0 0 0 3.0372367 2.9364247 7.7304087 -24.837065 -0.43795386 -8.068922 0.40231633
94 5 Car 0 0 0 0 0 0 0 1.9083326 1.9008908 4.633067 -35.735516 -1.0068337 -8.57033 0.3878818
94 6 Car 0 0 0 0 0 0 0 2.496336 2.823799 6.5758963 -47.85688 -0.6959496 -20.2807 0.84590477
94 104 Car 0 0 0 0 0 0 0 2.2645445 2.0093846 4.472266 -0.047622323 0.6204961 -0.07339859 0.043114513
95 1 Car 0 0 0 0 0 0 0 2.0228767 2.0807316 4.7514863 -10.746275 -1.0629336 2.295475 0.37995848
95 2 Car 0 0 0 0 0 0 0 2.3226404 2.0477028 4.8640213 -7.780396 -0.97633266 -1.0176573 0.31762207
95 3 Car 0 0 0 0 0 0 0 1.5525832 2.0016313 4.105728 -15.44297 -1.313967 -4.4524503 0.44587708
95 4 Car 0 0 0 0 0 0 0 3.0372367 2.9364257 7.7304077 -24.836277 -0.43482313 -8.074026 0.4025391
95 5 Car 0 0 0 0 0 0 0 1.9083326 1.9008906 4.633067 -35.145473 -1.0191382 -8.3513155 0.4008974
95 6 Car 0 0 0 0 0 0 0 2.496336 2.8237965 6.5758953 -47.81922 -0.6921277 -20.264359 0.8475355
95 104 Car 0 0 0 0 0 0 0 2.2645435 2.009385 4.4722633 -0.053122044 0.6142122 -0.067044795 0.043109484
96 1 Car 0 0 0 0 0 0 0 2.0228767 2.0807319 4.7514863 -10.742872 -1.063827 2.2894266 0.38606203
96 2 Car 0 0 0 0 0 0 0 2.3226404 2.0477028 4.864021 -7.796182 -0.9605581 -1.0017648 0.3142104
96 3 Car 0 0 0 0 0 0 0 1.5525832 2.0016317 4.105727 -15.437852 -1.3152952 -4.4467916 0.4461499
96 4 Car 0 0 0 0 0 0 0 3.0372367 2.9364257 7.7304077 -24.835487 -0.49243712 -8.079132 0.40276188
96 5 Car 0 0 0 0 0 0 0 1.9083326 1.9008915 4.633066 -34.564217 -1.0314426 -8.109967 0.39645982
96 6 Car 0 0 0 0 0 0 0 2.496336 2.8237948 6.5758953 -47.820087 -0.68830585 -20.27033 0.8491664
96 104 Car 0 0 0 0 0 0 0 2.2645445 2.009384 4.4722643 -0.04624307 0.6083655 -0.060854495 0.0431134
97 1 Car 0 0 0 0 0 0 0 2.0228767 2.0807316 4.7514863 -10.739471 -1.0444916 2.283378 0.37471223
97 2 Car 0 0 0 0 0 0 0 2.3226404 2.057075 4.8640213 -7.7615905 -0.9703326 -0.99833393 0.31603473
97 3 Car 0 0 0 0 0 0 0 1.5525835 2.0016317 4.1057277 -15.432734 -1.3166236 -4.4411325 0.4464225
97 4 Car 0 0 0 0 0 0 0 3.0372367 2.9364247 7.7304077 -24.838533 -0.45216092 -8.075253 0.40298438
97 5 Car 0 0 0 0 0 0 0 1.9083326 1.9008906 4.633066 -33.89016 -0.98374707 -7.8510184 0.4007487
97 6 Car 0 0 0 0 0 0 0 2.496336 2.8237963 6.5758953 -47.820953 -0.6844839 -20.2763 0.85079706
97 104 Car 0 0 0 0 0 0 0 2.2645288 2.009385 4.472236 -0.042939663 0.6018339 -0.03660053 0.043112725
98 1 Car 0 0 0 0 0 0 0 2.0228767 2.0807316 4.751486 -10.736071 -1.0554994 2.277329 0.37208906
98 2 Car 0 0 0 0 0 0 0 2.3226404 2.0664468 4.864021 -7.75993 -0.9723649 -1.0054846 0.31785902
98 3 Car 0 0 0 0 0 0 0 1.5525835 2.0016317 4.1057277 -15.427615 -1.3179519 -4.435474 0.4466952
98 4 Car 0 0 0 0 0 0 0 3.0372367 2.9364252 7.7304087 -24.841581 -0.47262946 -8.071373 0.403207
98 5 Car 0 0 0 0 0 0 0 1.9083325 1.9008908 4.633066 -33.3816 -1.0560515 -7.676667 0.39631099
98 6 Car 0 0 0 0 0 0 0 2.496336 2.8237996 6.5758963 -47.821823 -0.6806619 -20.282272 0.852428
98 104 Car 0 0 0 0 0 0 0 2.2645369 2.009378 4.4722624 -0.08181059 0.5927673 -0.025191486 0.043108355
98 106 Car 0 0 0 0 0 0 0 1.6923983 1.9960419 4.282375 -61.994274 -2.303469 -17.099613 -0.089512005
99 1 Car 0 0 0 0 0 0 0 2.0228767 2.0807319 4.7514863 -10.740183 -1.0563927 2.2906835 0.3694659
99 2 Car 0 0 0 0 0 0 0 2.3226404 2.075819 4.864021 -7.7582703 -0.9743972 -1.0126352 0.3196833
99 3 Car 0 0 0 0 0 0 0 1.5525833 2.0016315 4.105728 -15.422497 -1.31928 -4.4298153 0.44696793
99 4 Car 0 0 0 0 0 0 0 3.0372367 2.9364252 7.7304087 -24.844627 -0.47791186 -8.067493 0.4034296
99 5 Car 0 0 0 0 0 0 0 1.9083326 1.9008905 4.6330657 -32.810394 -1.0683559 -7.4106197 0.40060002
99 6 Car 0 0 0 0 0 0 0 2.496336 2.823796 6.5758963 -47.822693 -0.67684007 -20.288242 0.8540588
99 104 Car 0 0 0 0 0 0 0 2.2645264 2.0093858 4.472232 -0.076306224 0.585271 -0.05100584 0.043119162
99 106 Car 0 0 0 0 0 0 0 1.6923264 1.9960825 4.2821145 -61.363262 -2.3081436 -16.91894 -0.060061976
100 1 Car 0 0 0 0 0 0 0 2.0228767 2.0807314 4.7514863 -10.740538 -1.0572861 2.2943363 0.37556934
100 2 Car 0 0 0 0 0 0 0 2.3226404 2.0851908 4.8640213 -7.756611 -0.97642946 -1.019786 0.32150757
100 3 Car 0 0 0 0 0 0 0 1.5525833 2.0016322 4.105728 -15.417379 -1.3206084 -4.424156 0.44724053
100 4 Car 0 0 0 0 0 0 0 3.0372367 2.9364247 7.7304077 -24.847197 -0.4686407 -8.064739 0.4036523
100 5 Car 0 0 0 0 0 0 0 1.9083325 1.9008906 4.633066 -32.23919 -1.0806602 -7.1445704 0.3961622
100 6 Car 0 0 0 0 0 0 0 2.496336 2.823799 6.5758934 -47.82356 -0.67301816 -20.294214 0.85569
100 104 Car 0 0 0 0 0 0 0 2.2645197 2.0093782 4.47223 -0.036536813 0.6060896 -0.048721313 0.043279592
100 106 Car 0 0 0 0 0 0 0 1.6923857 1.9961202 4.2821674 -60.767143 -2.2977605 -16.733885 -0.030453946
101 1 Car 0 0 0 0 0 0 0 2.0228767 2.0807314 4.751487 -10.736374 -1.0581794 2.2867246 0.37730944
101 2 Car 0 0 0 0 0 0 0 2.3226404 2.094563 4.8640213 -7.7549505 -1.0094304 -1.0269367 0.3233319
101 3 Car 0 0 0 0 0 0 0 1.5525832 2.0016313 4.1057277 -15.412261 -1.3219365 -4.4184976 0.44751334
101 4 Car 0 0 0 0 0 0 0 3.0372367 2.9364252 7.730409 -24.850002 -0.47044286 -8.061422 0.40387493
101 5 Car 0 0 0 0 0 0 0 1.9083326 1.9008911 4.6330667 -31.571115 -1.0702426 -6.8524957 0.3965726
101 6 Car 0 0 0 0 0 0 0 2.496336 2.823799 6.5758944 -47.824425 -0.66919625 -20.300186 0.8573209
101 104 Car 0 0 0 0 0 0 0 2.2645264 2.0093856 4.4722323 -0.07206583 0.5795598 -0.040630758 0.043102857
101 106 Car 0 0 0 0 0 0 0 1.6923906 1.996153 4.2821207 -60.196453 -2.2627263 -16.540718 -0.009924822
102 1 Car 0 0 0 0 0 0 0 2.0228767 2.0807314 4.7514863 -10.73221 -1.0590729 2.2791126 0.3790496
102 2 Car 0 0 0 0 0 0 0 2.3226404 2.1039352 4.8640213 -7.75329 -1.0192047 -1.0340873 0.32515615
102 3 Car 0 0 0 0 0 0 0 1.5525832 2.001632 4.1057277 -15.407143 -1.3232648 -4.412839 0.44778603
102 4 Car 0 0 0 0 0 0 0 3.0372367 2.936425 7.7304077 -24.85281 -0.4418726 -8.058106 0.40409756
102 5 Car 0 0 0 0 0 0 0 1.9083326 1.9008905 4.6330657 -31.058563 -1.0898247 -6.6688313 0.39698318
102 6 Car 0 0 0 0 0 0 0 2.496336 2.8237977 6.5758963 -47.825294 -0.6653743 -20.306156 0.8589512
102 104 Car 0 0 0 0 0 0 0 2.2645254 2.0093853 4.472229 -0.028380632 0.5982203 -0.034567535 0.043263838
102 106 Car 0 0 0 0 0 0 0 1.6921316 1.9961697 4.28143 -59.584305 -2.240297 -16.36647 0.01967314
103 1 Car 0 0 0 0 0 0 0 2.0228767 2.0807316 4.7514863 -10.728045 -1.0599661 2.2715008 0.3807898
103 2 Car 0 0 0 0 0 0 0 2.3226404 2.113307 4.864021 -7.760624 -0.9825265 -0.99957347 0.31825387
103 3 Car 0 0 0 0 0 0 0 1.5525835 2.0016317 4.1057277 -15.402025 -1.3245933 -4.40718 0.44805878
103 4 Car 0 0 0 0 0 0 0 3.0372367 2.9364254 7.7304077 -24.855618 -0.4436748 -8.05479 0.40432024
103 5 Car 0 0 0 0 0 0 0 1.9083326 1.9008912 4.633065 -30.58564 -0.99649423 -6.446358 0.39693916
103 6 Car 0 0 0 0 0 0 0 2.496336 2.823798 6.575893 -47.8041 -0.66567373 -20.242668 0.8566116
103 104 Car 0 0 0 0 0 0 0 2.2645202 2.0093787 4.472234 -0.0731287 0.591666 -0.08292121 0.04309137
103 106 Car 0 0 0 0 0 0 0 1.6923213 1.9962115 4.281822 -58.977882 -2.2072089 -16.172384 0.04895787
104 1 Car 0 0 0 0 0 0 0 2.0228767 2.0807314 4.7514863 -10.734192 -1.0608597 2.2896447 0.3825299
104 2 Car 0 0 0 0 0 0 0 2.3226404 2.122679 4.864021 -7.7789507 -0.98455876 -0.9833727 0.31135154
104 3 Car 0 0 0 0 0 0 0 1.5525835 2.0016317 4.105727 -15.396906 -1.3259214 -4.4015207 0.44833148
104 4 Car 0 0 0 0 0 0 0 3.0372367 2.9364257 7.7304077 -24.858423 -0.445477 -8.051474 0.4045428
104 5 Car 0 0 0 0 0 0 0 1.9083326 1.9008907 4.6330667 -30.023415 -1.014275 -6.2105484 0.39689493
104 6 Car 0 0 0 0 0 0 0 2.4962409 2.8237364 6.5757866 -47.850098 -0.6909356 -20.304363 0.8542905
104 104 Car 0 0 0 0 0 0 0 2.264526 2.0093849 4.47223 -0.029828548 0.58506817 -0.032652795 0.043095298
104 106 Car 0 0 0 0 0 0 0 1.69239 1.9962573 4.281897 -58.41028 -2.1305723 -15.9798355 0.08044061
105 1 Car 0 0 0 0 0 0 0 2.0228767 2.0807316 4.7514863 -10.735466 -1.0617529 2.2956147 0.37990677
105 2 Car 0 0 0 0 0 0 0 2.3226404 2.1320512 4.8640213 -7.796468 -0.9517514 -0.968212 0.30444914
105 3 Car 0 0 0 0 0 0 0 1.5525833 2.0016317 4.105728 -15.3917885 -1.3050274 -4.3958616 0.4486041
105 4 Car 0 0 0 0 0 0 0 3.0372367 2.9364252 7.7304077 -24.861233 -0.44348264 -8.048157 0.40476555
105 5 Car 0 0 0 0 0 0 0 1.9083326 1.9008905 4.633066 -29.551987 -1.0120555 -6.012798 0.3968509
105 6 Car 0 0 0 0 0 0 0 2.496336 2.8237967 6.5758944 -47.825966 -0.68811476 -20.285765 0.8519481
105 104 Car 0 0 0 0 0 0 0 2.2645264 2.009385 4.472231 -0.029533625 0.5826154 -0.035392106 0.043268085
105 106 Car 0 0 0 0 0 0 0 1.6923261 1.9962881 4.2816706 -57.66874 -2.0689754 -15.782901 0.11207846
106 1 Car 0 0 0 0 0 0 0 2.0228767 2.0807319 4.7514863 -10.73674 -1.0626464 2.3015847 0.37728357
106 2 Car 0 0 0 0 0 0 0 2.3226404 2.1414232 4.8640203 -7.742649 -0.9886233 -1.0146477 0.31500012
106 3 Car 0 0 0 0 0 0 0 1.5525833 2.0016313 4.105728 -15.377984 -1.3152446 -4.408237 0.44887686
106 4 Car 0 0 0 0 0 0 0 3.037121 2.9363308 7.7303615 -24.864143 -0.45667326 -8.044596 0.40497443
106 5 Car 0 0 0 0 0 0 0 1.9083326 1.9008907 4.633066 -29.037832 -1.0326933 -5.797142 0.40553346
106 6 Car 0 0 0 0 0 0 0 2.496336 2.823799 6.5758953 -47.80183 -0.6852939 -20.267166 0.849606
106 104 Car 0 0 0 0 0 0 0 2.264525 2.0093846 4.472232 -0.03269434 0.5748623 -0.048062265 0.043259926
106 106 Car 0 0 0 0 0 0 0 1.6923894 1.9963189 4.281762 -57.1759 -2.066275 -15.65719 0.14426358
107 1 Car 0 0 0 0 0 0 0 2.0228767 2.0807316 4.7514863 -10.738014 -1.0635396 2.307555 0.37575126
107 2 Car 0 0 0 0 0 0 0 2.3226404 2.1414232 4.8640213 -7.7669997 -0.9512207 -0.9770671 0.30863804
107 3 Car 0 0 0 0 0 0 0 1.5525835 2.0016317 4.1057277 -15.368523 -1.3154619 -4.4115944 0.4491496
107 4 Car 0 0 0 0 0 0 0 3.0372367 2.9364245 7.730408 -24.861055 -0.4394939 -8.055015 0.40519002
107 5 Car 0 0 0 0 0 0 0 1.9083326 1.9008908 4.633066 -28.573524 -1.0333312 -5.602376 0.40403494
107 6 Car 0 0 0 0 0 0 0 2.496336 2.8237977 6.575895 -47.80664 -0.68247306 -20.28149 0.8472639
107 104 Car 0 0 0 0 0 0 0 2.2645254 2.009385 4.472233 -0.094364166 0.5478302 -0.039729297 0.043253787
107 106 Car 0 0 0 0 0 0 0 1.6923897 1.996336 4.2817287 -56.555786 -2.0581527 -15.514251 0.1633538
108 1 Car 0 0 0 0 0 0 0 2.0228767 2.0807319 4.7514863 -10.739287 -1.0442042 2.3135252 0.38294554
108 2 Car 0 0 0 0 0 0 0 2.3226404 2.1414237 4.8640213 -7.8040895 -0.9370444 -0.9768214 0.30663934
108 3 Car 0 0 0 0 0 0 0 1.5525835 2.0016317 4.1057286 -15.367758 -1.315679 -4.396924 0.44942227
108 4 Car 0 0 0 0 0 0 0 3.0372367 2.936425 7.7304087 -24.85807 -0.45268574 -8.06519 0.40540582
108 5 Car 0 0 0 0 0 0 0 1.9083326 1.9008906 4.633066 -28.066591 -1.0379689 -5.3894596 0.4025364
108 6 Car 0 0 0 0 0 0 0 2.496336 2.8237996 6.575894 -47.81145 -0.6796522 -20.295815 0.8449214
108 104 Car 0 0 0 0 0 0 0 2.264526 2.0093842 4.472231 -0.07685959 0.5433907 -0.040216267 0.043262452
108 106 Car 0 0 0 0 0 0 0 1.6923243 1.9962797 4.281676 -55.935364 -2.051527 -15.372024 0.1824592
109 1 Car 0 0 0 0 0 0 0 2.0228767 2.0807314 4.751487 -10.769417 -1.055212 2.2633097 0.3770498
109 2 Car 0 0 0 0 0 0 0 2.3226404 2.1414232 4.864021 -7.81166 -0.9460945 -0.98969054 0.30027735
109 3 Car 0 0 0 0 0 0 0 1.5525832 2.0016317 4.1057277 -15.371344 -1.315896 -4.3732414 0.44969502
109 4 Car 0 0 0 0 0 0 0 3.0372367 2.9364257 7.7304077 -24.785503 -0.46208096 -8.04149 0.40562153
109 5 Car 0 0 0 0 0 0 0 1.9083327 1.9008911 4.633066 -27.644915 -1.0826067 -5.212844 0.40103787
109 6 Car 0 0 0 0 0 0 0 2.496336 2.823797 6.5758953 -47.816257 -0.67683136 -20.31014 0.84257907
109 104 Car 0 0 0 0 0 0 0 2.2645245 2.0093834 4.4722295 -0.07752073 0.5350231 -0.029135585 0.04326017
109 106 Car 0 0 0 0 0 0 0 1.6922603 1.9962451 4.2815924 -55.289948 -2.0516162 -15.153025 0.17588252
110 1 Car 0 0 0 0 0 0 0 2.0228767 2.0807314 4.7514863 -10.748546 -1.0561055 2.2779708 0.37551752
110 2 Car 0 0 0 0 0 0 0 2.3226404 2.1414232 4.8640213 -7.8223963 -0.9667578 -0.9923317 0.29391527
110 3 Car 0 0 0 0 0 0 0 1.5525832 2.0016317 4.1057277 -15.361876 -1.3161132 -4.3765955 0.44996768
110 4 Car 0 0 0 0 0 0 0 3.0372367 2.9364252 7.730407 -24.748453 -0.47147617 -8.033039 0.40583736
110 5 Car 0 0 0 0 0 0 0 1.9083326 1.9008908 4.6330647 -27.13793 -1.0672444 -5.0000553 0.3995396
110 6 Car 0 0 0 0 0 0 0 2.496336 2.8237977 6.5758963 -47.821068 -0.6740105 -20.324465 0.84023654
110 104 Car 0 0 0 0 0 0 0 2.2645125 2.0093849 4.472203 -0.044613123 0.5336851 -0.05354178 0.04326371
110 106 Car 0 0 0 0 0 0 0 1.6923156 1.9963477 4.281511 -54.683105 -2.0050244 -14.946608 0.1781919
111 1 Car 0 0 0 0 0 0 0 2.0228767 2.0807314 4.7514863 -10.745956 -1.0569987 2.274229 0.37398514
111 2 Car 0 0 0 0 0 0 0 2.3226404 2.1414232 4.864021 -7.7864904 -0.975808 -0.98117805 0.28755325
111 3 Car 0 0 0 0 0 0 0 1.5525833 2.0016322 4.105727 -15.393726 -1.3163303 -4.3888054 0.45024046
111 4 Car 0 0 0 0 0 0 0 3.0372367 2.9364247 7.7304087 -24.78242 -0.48087144 -8.055124 0.406053
111 5 Car 0 0 0 0 0 0 0 1.9083326 1.9008908 4.6330657 -26.694963 -0.99188215 -4.8143 0.39804095
111 6 Car 0 0 0 0 0 0 0 2.496336 2.823799 6.575894 -47.825882 -0.69615304 -20.33879 0.83789444
111 104 Car 0 0 0 0 0 0 0 2.2645133 2.0093849 4.4722013 -0.0316993 0.52599716 -0.050093293 0.04309316
111 106 Car 0 0 0 0 0 0 0 1.6923804 1.9963509 4.281664 -54.09901 -2.0408275 -14.756603 0.1802609
112 1 Car 0 0 0 0 0 0 0 2.0228767 2.0807319 4.751486 -10.743367 -1.0578922 2.2704873 0.37245286
112 2 Car 0 0 0 0 0 0 0 2.3226404 2.141423 4.8640203 -7.8206353 -0.98485804 -0.9904195 0.28119123
112 3 Car 0 0 0 0 0 0 0 1.5525833 2.0016322 4.105728 -15.396067 -1.3165476 -4.401376 0.45051312
112 4 Car 0 0 0 0 0 0 0 3.0372367 2.9364247 7.7304087 -24.783203 -0.45989427 -8.05655 0.40626878
112 5 Car 0 0 0 0 0 0 0 1.9083327 1.9008905 4.633067 -26.252 -1.1565199 -4.6285453 0.3965423
112 6 Car 0 0 0 0 0 0 0 2.496336 2.823798 6.5758967 -47.83069 -0.6683688 -20.353115 0.835552
112 104 Car 0 0 0 0 0 0 0 2.2645133 2.0093856 4.4722023 -0.08158994 0.5436206 -0.03861636 0.043275286
112 106 Car 0 0 0 0 0 0 0 1.6923807 1.9963675 4.2816343 -53.3672 -2.032548 -14.638182 0.20014277
113 1 Car 0 0 0 0 0 0 0 2.0228767 2.0807319 4.7514863 -10.740778 -1.0587854 2.2667456 0.3709205
113 2 Car 0 0 0 0 0 0 0 2.3226404 2.1414232 4.8640213 -7.784971 -0.97063273 -0.97845125 0.30100065
113 3 Car 0 0 0 0 0 0 0 1.5525835 2.0016322 4.105727 -15.398409 -1.3167647 -4.413946 0.45078593
113 4 Car 0 0 0 0 0 0 0 3.0372367 2.9364252 7.7304087 -24.783985 -0.4692897 -8.057974 0.40648454
113 5 Car 0 0 0 0 0 0 0 1.9083325 1.9008907 4.6330657 -25.871014 -1.1821893 -4.4743624 0.39824367
113 6 Car 0 0 0 0 0 0 0 2.496336 2.8237977 6.5758934 -47.819675 -0.66617197 -20.328869 0.82901275
113 104 Car 0 0 0 0 0 0 0 2.264512 2.0093846 4.4721975 -0.07917726 0.5132842 -0.07519013 0.043273948
113 106 Car 0 0 0 0 0 0 0 1.6923795 1.9963875 4.2815857 -52.730156 -2.0296628 -14.477593 0.22857425
114 1 Car 0 0 0 0 0 0 0 2.0228767 2.0807314 4.751487 -10.740045 -1.0596789 2.267863 0.3693881
114 2 Car 0 0 0 0 0 0 0 2.3226404 2.1414232 4.8640203 -7.772535 -0.96802044 -0.9736933 0.30772012
114 3 Car 0 0 0 0 0 0 0 1.5525835 2.0016313 4.105728 -15.4094715 -1.316982 -4.4084997 0.45105854
114 4 Car 0 0 0 0 0 0 0 3.0372367 2.9364254 7.730408 -24.78477 -0.44831252 -8.059399 0.40670025
114 5 Car 0 0 0 0 0 0 0 1.9083326 1.9008908 4.633066 -25.490023 -1.1878589 -4.320179 0.39994487
114 6 Car 0 0 0 0 0 0 0 2.4962409 2.8237398 6.57578 -47.823803 -0.6449028 -20.312172 0.8246678
114 104 Car 0 0 0 0 0 0 0 2.2645125 2.0093846 4.472201 -0.07462597 0.53066957 -0.042969644 0.04327164
114 106 Car 0 0 0 0 0 0 0 1.6923801 1.9964058 4.2815475 -51.994385 -2.0297284 -14.265347 0.25700504
115 1 Car 0 0 0 0 0 0 0 2.0228767 2.0807314 4.751487 -10.739311 -1.0605721 2.268981 0.3678558
115 2 Car 0 0 0 0 0 0 0 2.3226404 2.1414232 4.8640203 -7.7538314 -0.9654083 -0.98941225 0.29698634
115 3 Car 0 0 0 0 0 0 0 1.5525832 2.0016317 4.105728 -15.420534 -1.317199 -4.4030538 0.45133108
115 4 Car 0 0 0 0 0 0 0 3.0372367 2.9364252 7.730408 -24.785553 -0.4577078 -8.060824 0.40691593
115 5 Car 0 0 0 0 0 0 0 1.9083327 1.9008911 4.6330667 -25.130371 -1.1735286 -4.175016 0.40164608
115 6 Car 0 0 0 0 0 0 0 2.496336 2.8237977 6.5758953 -47.87236 -0.6724128 -20.34396 0.8290123
115 104 Car 0 0 0 0 0 0 0 2.2645154 2.0093844 4.472205 -0.023702383 0.5024779 -0.05567211 0.043266457
115 106 Car 0 0 0 0 0 0 0 1.6923822 1.9964229 4.281515 -51.283215 -2.0220764 -14.109812 0.28543353
116 1 Car 0 0 0 0 0 0 0 2.0228767 2.0807314 4.7514863 -10.738578 -1.0614656 2.2700987 0.36632344
116 2 Car 0 0 0 0 0 0 0 2.3226404 2.1414232 4.8640203 -7.791079 -0.96279603 -0.98900473 0.30370578
116 3 Car 0 0 0 0 0 0 0 1.5525832 2.0016315 4.105727 -15.427237 -1.3174161 -4.406616 0.45160404
116 4 Car 0 0 0 0 0 0 0 3.0372367 2.9364247 7.7304077 -24.786335 -0.467103 -8.062249 0.4071318
116 5 Car 0 0 0 0 0 0 0 1.9083326 1.9008908 4.633066 -24.681492 -1.1691979 -4.002905 0.40334737
116 6 Car 0 0 0 0 0 0 0 2.496336 2.8237984 6.575895 -47.85907 -0.67553324 -20.34351 0.8290122
116 104 Car 0 0 0 0 0 0 0 2.264514 2.0093856 4.472203 -0.016471148 0.49689865 -0.039667428 0.04326254
116 106 Car 0 0 0 0 0 0 0 1.6921365 1.996428 4.280885 -50.503548 -1.9913695 -13.900959 0.31386393
117 1 Car 0 0 0 0 0 0 0 2.0228767 2.0807314 4.7514863 -10.737844 -1.0623589 2.2712164 0.36479115
117 2 Car 0 0 0 0 0 0 0 2.3226404 2.1414232 4.8640203 -7.798668 -0.9601838 -1.0017431 0.30606198
117 3 Car 0 0 0 0 0 0 0 1.5525833 2.0016317 4.105728 -15.433938 -1.3176334 -4.410178 0.45187658
117 4 Car 0 0 0 0 0 0 0 3.0372367 2.9364247 7.7304087 -24.79868 -0.47649917 -8.0368805 0.4073475
117 5 Car 0 0 0 0 0 0 0 1.9083327 1.900891 4.633065 -24.323198 -1.1448674 -3.8692732 0.41159368
117 6 Car 0 0 0 0 0 0 0 2.4962409 2.8237395 6.575778 -47.866577 -0.703616 -20.32396 0.82030463
117 104 Car 0 0 0 0 0 0 0 2.2645159 2.0093842 4.472206 -0.06323981 0.4886016 -0.058802783 0.043260165
117 106 Car 0 0 0 0 0 0 0 1.7357728 1.9455768 4.2814503 -49.965687 -1.9630764 -13.730204 0.3576209
118 1 Car 0 0 0 0 0 0 0 2.0228767 2.0807314 4.7514863 -10.736995 -1.0632524 2.2720306 0.37198544
118 2 Car 0 0 0 0 0 0 0 2.3226404 2.1414232 4.8640203 -7.8062572 -0.9575715 -1.0144815 0.3084181
118 3 Car 0 0 0 0 0 0 0 1.5525835 2.0016313 4.1057286 -15.430443 -1.3178505 -4.4347486 0.4521493
118 4 Car 0 0 0 0 0 0 0 3.0372367 2.9364247 7.7304077 -24.793568 -0.45313907 -8.051952 0.40756327
118 5 Car 0 0 0 0 0 0 0 1.9083326 1.9008908 4.633066 -23.984526 -1.120537 -3.6896517 0.40238655
118 6 Car 0 0 0 0 0 0 0 2.496336 2.8237984 6.5758944 -47.832485 -0.6817741 -20.342607 0.82028574
118 104 Car 0 0 0 0 0 0 0 2.2645154 2.0093853 4.472204 -0.06757581 0.50184625 -0.07137674 0.04325141
118 106 Car 0 0 0 0 0 0 0 1.65137 1.9455817 4.2814403 -49.19511 -1.9261162 -13.542286 0.37073025
119 1 Car 0 0 0 0 0 0 0 2.0228767 2.0807316 4.7514863 -10.736145 -1.0641457 2.2728446 0.37481642
119 2 Car 0 0 0 0 0 0 0 2.3226404 2.141423 4.8640213 -7.8179564 -0.9549594 -1.014483 0.31077427
119 3 Car 0 0 0 0 0 0 0 1.5525835 2.0016317 4.105727 -15.440969 -1.3180678 -4.443865 0.45242214
119 4 Car 0 0 0 0 0 0 0 3.037121 2.93633 7.730361 -24.794273 -0.4145927 -8.053544 0.40776515
119 5 Car 0 0 0 0 0 0 0 1.9083326 1.9008904 4.6330667 -23.659325 -1.0962065 -3.5375013 0.40190607
119 6 Car 0 0 0 0 0 0 0 2.496336 2.823797 6.5758953 -47.82608 -0.6848945 -20.335737 0.82028556
119 104 Car 0 0 0 0 0 0 0 2.2645173 2.0093865 4.472208 -0.022450328 0.4748115 -0.070498526 0.04325471
119 106 Car 0 0 0 0 0 0 0 1.6513715 1.9455801 4.2814503 -48.638554 -1.8715885 -13.360492 0.36638486
120 1 Car 0 0 0 0 0 0 0 2.0228767 2.0807314 4.7514863 -10.735296 -1.0650392 2.2736585 0.37764743
120 2 Car 0 0 0 0 0 0 0 2.3226404 2.141423 4.8640203 -7.8296566 -0.952347 -1.0144844 0.31313047
120 3 Car 0 0 0 0 0 0 0 1.5525832 2.0016313 4.105728 -15.424418 -1.3182847 -4.4147696 0.4526947
120 4 Car 0 0 0 0 0 0 0 3.037121 2.9363308 7.730361 -24.794983 -0.421605 -8.055138 0.40798092
120 5 Car 0 0 0 0 0 0 0 1.9083325 1.9008906 4.633067 -23.275846 -1.0718759 -3.4040196 0.40142563
120 6 Car 0 0 0 0 0 0 0 2.496336 2.8237984 6.5758944 -47.81967 -0.6880149 -20.328867 0.82028574
120 104 Car 0 0 0 0 0 0 0 2.2645087 2.0093803 4.472206 -0.024368882 0.515319 -0.072657645 0.043251395
120 106 Car 0 0 0 0 0 0 0 1.6514279 1.9456495 4.281438 -47.976784 -1.8243752 -13.093988 0.3620302
121 1 Car 0 0 0 0 0 0 0 2.0228767 2.0807319 4.7514863 -10.734447 -1.0659324 2.2744725 0.38047838
121 2 Car 0 0 0 0 0 0 0 2.3226404 2.1414232 4.8640213 -7.8405304 -0.9497347 -1.0170325 0.3154866
121 3 Car 0 0 0 0 0 0 0 1.5525832 2.0016317 4.1057277 -15.436043 -1.3185018 -4.4216247 0.4529675
121 4 Car 0 0 0 0 0 0 0 3.037121 2.9363313 7.7303615 -24.795689 -0.41343105 -8.056729 0.40817925
121 5 Car 0 0 0 0 0 0 0 1.9083326 1.9008904 4.6330657 -22.923666 -1.0475454 -3.1969123 0.4009453
121 6 Car 0 0 0 0 0 0 0 2.4962409 2.8237472 6.5757604 -47.864525 -0.6911353 -20.376959 0.82028586
121 104 Car 0 0 0 0 0 0 0 2.2645116 2.0093808 4.472206 -0.023964882 0.46443442 -0.06814027 0.043256667
121 106 Car 0 0 0 0 0 0 0 1.6513672 1.945659 4.2812614 -47.397015 -1.7797685 -12.970008 0.392558
