0 2 Car 0 0 0 0 0 0 0 4.2114506 3.5642262 22.330757 -35.97183 0.4103896 2.8695602 0.051976085
0 3 Car 0 0 0 0 0 0 0 2.0417798 2.0583198 5.2795424 -51.549942 -0.58033943 -1.8577547 0.061086513
0 104 Car 0 0 0 0 0 0 0 1.7150865 2.033003 4.3477054 -0.82039165 0.18792677 0.3416483 0.062486663
1 2 Car 0 0 0 0 0 0 0 4.2114506 3.5642262 22.330757 -35.789577 0.37940508 2.8955803 0.048847415
1 3 Car 0 0 0 0 0 0 0 2.0417798 2.0583193 5.2795424 -51.44706 -0.58033943 -1.8102189 0.061086513
1 104 Car 0 0 0 0 0 0 0 1.715071 2.0329542 4.347765 -0.8223448 0.2249845 0.3704378 0.062199973
2 2 Car 0 0 0 0 0 0 0 4.2114506 3.5642262 22.330755 -35.60718 0.34852105 2.9216228 0.045718737
2 3 Car 0 0 0 0 0 0 0 2.0417798 2.0583196 5.2795424 -51.344177 -0.58033943 -1.7626832 0.061086513
2 104 Car 0 0 0 0 0 0 0 1.7150087 2.0329149 4.3476963 -0.8136997 0.2581371 0.37082735 0.06189584
3 2 Car 0 0 0 0 0 0 0 4.2114506 3.5642262 22.330757 -35.42479 0.31763715 2.9476657 0.042590044
3 3 Car 0 0 0 0 0 0 0 2.0417798 2.0583193 5.2795424 -51.320343 -0.58033943 -1.7199819 0.061086513
3 104 Car 0 0 0 0 0 0 0 1.7149084 2.0328715 4.347528 -0.81418896 0.311328 0.36346316 0.061346725
4 2 Car 0 0 0 0 0 0 0 4.2114506 3.5642266 22.33076 -35.242393 0.28675318 2.9737082 0.03946134
4 3 Car 0 0 0 0 0 0 0 2.0417798 2.0583196 5.2795424 -51.29651 -0.58033943 -1.6772809 0.061086513
4 104 Car 0 0 0 0 0 0 0 1.71485 2.0328104 4.347511 -0.80858135 0.3379664 0.33641583 0.06059047
5 2 Car 0 0 0 0 0 0 0 4.2114506 3.5642262 22.330757 -35.060005 0.25586915 2.999751 0.03633267
5 3 Car 0 0 0 0 0 0 0 2.0417798 2.0583196 5.2795424 -51.235348 -0.58033943 -1.6322967 0.061086513
5 104 Car 0 0 0 0 0 0 0 1.7148486 2.0327978 4.3475347 -0.81642246 0.30320093 0.32439348 0.059645545
6 2 Car 0 0 0 0 0 0 0 4.2114506 3.5642262 22.330755 -34.877605 0.22498518 3.0257936 0.03320399
6 3 Car 0 0 0 0 0 0 0 2.0417798 2.0583196 5.2795424 -51.174187 -0.58033943 -1.5873125 0.061086513
6 104 Car 0 0 0 0 0 0 0 1.7148162 2.032795 4.347453 -0.8190851 0.24528486 0.2994144 0.05903284
7 2 Car 0 0 0 0 0 0 0 4.2114506 3.5642266 22.330761 -34.695213 0.19410127 3.0518365 0.030075297
7 3 Car 0 0 0 0 0 0 0 2.0417798 2.0583196 5.2795424 -51.11302 -0.58033943 -1.5423285 0.061086513
7 104 Car 0 0 0 0 0 0 0 1.7148132 2.0328217 4.3473935 -1.3782673 0.19923984 0.26530832 0.05851026
8 2 Car 0 0 0 0 0 0 0 4.2114506 3.5642269 22.330755 -34.512817 0.1632173 3.077879 0.026946615
8 3 Car 0 0 0 0 0 0 0 2.0417798 2.0583196 5.2795444 -51.02771 -0.58033943 -1.495867 0.05672319
8 104 Car 0 0 0 0 0 0 0 1.7149043 2.0328898 4.347482 -1.343153 0.17489956 0.2473622 0.057483345
9 2 Car 0 0 0 0 0 0 0 4.2114506 3.564226 22.33076 -34.330425 0.13233328 3.1039214 0.023817932
9 3 Car 0 0 0 0 0 0 0 2.0417798 2.0583193 5.279544 -50.94239 -0.58033943 -1.4494054 0.05235987
9 104 Car 0 0 0 0 0 0 0 1.7149355 2.032918 4.3474956 -0.7921324 0.19180878 0.25555897 0.056465607
10 2 Car 0 0 0 0 0 0 0 4.2114506 3.5642262 22.330757 -34.14803 0.10144925 3.1299644 0.020689238
10 3 Car 0 0 0 0 0 0 0 2.0417798 2.0583196 5.2795434 -50.96913 -0.58033943 -1.4085281 0.049087383
10 104 Car 0 0 0 0 0 0 0 1.7149537 2.0329201 4.347543 -0.7780113 0.1696198 0.22988063 0.05536511
11 2 Car 0 0 0 0 0 0 0 4.2114506 3.5642262 22.330757 -34.039597 -0.06513691 3.1444612 0.013197241
11 3 Car 0 0 0 0 0 0 0 2.0417798 2.0583196 5.279546 -50.942726 -0.58033943 -1.3774034 0.045814883
11 104 Car 0 0 0 0 0 0 0 1.714926 2.0329351 4.3474374 -0.78107166 0.1885208 0.23365968 0.054354846
12 2 Car 0 0 0 0 0 0 0 4.2114506 3.5642264 22.330757 -33.931164 -0.063265085 3.1589584 0.014431879
12 3 Car 0 0 0 0 0 0 0 2.0417798 2.0583198 5.279542 -50.91633 -0.58033943 -1.3462788 0.042542405
12 104 Car 0 0 0 0 0 0 0 1.7149706 2.0329676 4.347482 -0.775589 0.15583475 0.20553419 0.053314924
13 2 Car 0 0 0 0 0 0 0 4.2114506 3.5642262 22.330757 -33.822727 -0.0613935 3.1734555 0.015666513
13 3 Car 0 0 0 0 0 0 0 2.0417798 2.0583196 5.279543 -50.889927 -0.58033943 -1.3151541 0.039269917
13 104 Car 0 0 0 0 0 0 0 1.7150478 2.0330322 4.347536 -0.781271 0.12991326 0.20799959 0.05310165
14 2 Car 0 0 0 0 0 0 0 4.2114506 3.5642262 22.330757 -33.714294 -0.059521675 3.1879525 0.01690115
14 3 Car 0 0 0 0 0 0 0 2.0417798 2.0583196 5.2795434 -50.863525 -0.58033943 -1.2840294 0.03599742
14 104 Car 0 0 0 0 0 0 0 1.7150853 2.0330794 4.3475356 -1.3142338 0.12304978 0.22355935 0.05329794
15 2 Car 0 0 0 0 0 0 0 4.2114506 3.5642266 22.33076 -33.60586 -0.05764985 3.2024496 0.018135794
15 3 Car 0 0 0 0 0 0 0 2.0417798 2.0583196 5.279543 -50.837124 -0.58033943 -1.2529047 0.032724936
15 104 Car 0 0 0 0 0 0 0 1.7151113 2.0331194 4.347521 -0.80377865 0.10169813 0.28286922 0.053604733
16 2 Car 0 0 0 0 0 0 0 4.2114506 3.5642266 22.330757 -33.49743 -0.055778265 3.2169466 0.019370418
16 3 Car 0 0 0 0 0 0 0 2.0417798 2.0583196 5.279544 -50.81027 -0.58033943 -1.2419722 0.029452436
16 104 Car 0 0 0 0 0 0 0 1.7151959 2.033134 4.347689 -0.81658363 0.04558435 0.29962254 0.053433146
17 2 Car 0 0 0 0 0 0 0 4.2114506 3.564227 22.330755 -33.388992 -0.05390644 3.2314436 0.020605076
17 3 Car 0 0 0 0 0 0 0 2.0417798 2.0583196 5.279542 -50.78341 -0.58033943 -1.2310395 0.026179936
17 104 Car 0 0 0 0 0 0 0 1.715209 2.0331235 4.3477516 -1.3710346 -0.024486974 0.30003768 0.052860763
18 2 Car 0 0 0 0 0 0 0 4.2114506 3.5642264 22.330757 -33.28056 -0.052034616 3.2459407 0.02183971
18 3 Car 0 0 0 0 0 0 0 2.0417798 2.0583196 5.2795415 -50.75655 -0.58033943 -1.220107 0.022907466
18 104 Car 0 0 0 0 0 0 0 1.7151854 2.0331216 4.3476987 -0.86973 -0.0008814782 0.30431297 0.05192549
19 2 Car 0 0 0 0 0 0 0 4.2114506 3.5642266 22.330757 -33.172127 -0.050162792 3.260438 0.023074351
19 3 Car 0 0 0 0 0 0 0 2.0417798 2.0583196 5.27954 -50.72975 -0.58033943 -1.2066021 0.019634953
19 104 Car 0 0 0 0 0 0 0 1.7151978 2.0331368 4.347697 -0.9041376 0.07006779 0.29470474 0.051055335
20 2 Car 0 0 0 0 0 0 0 4.2114506 3.5642264 22.330757 -33.06369 -0.048291206 3.2749348 0.024308987
20 3 Car 0 0 0 0 0 0 0 2.0417798 2.0583196 5.2795434 -50.72934 -0.58033943 -1.1937548 0.022907436
20 104 Car 0 0 0 0 0 0 0 1.7152128 2.033145 4.3477163 -0.8277712 0.18559176 0.28900057 0.05012216
21 2 Car 0 0 0 0 0 0 0 4.2114506 3.5642264 22.330757 -32.955257 -0.046419382 3.2894318 0.02554362
21 3 Car 0 0 0 0 0 0 0 2.0417798 2.0583196 5.279542 -50.728928 -0.58033943 -1.1809075 0.026179936
21 104 Car 0 0 0 0 0 0 0 1.7152195 2.0331225 4.347784 -0.75912285 0.25642285 0.27670816 0.049331546
22 2 Car 0 0 0 0 0 0 0 4.2114506 3.5642264 22.330757 -32.846825 -0.044547558 3.3039289 0.026778262
22 3 Car 0 0 0 0 0 0 0 2.0417798 2.0583196 5.279542 -50.728516 -0.58033943 -1.1680601 0.02945245
22 104 Car 0 0 0 0 0 0 0 1.715232 2.033102 4.3478565 -0.7836571 0.20368493 0.26424527 0.048704036
23 2 Car 0 0 0 0 0 0 0 4.2114506 3.5642264 22.330757 -32.738388 -0.042675972 3.3184261 0.028012892
23 3 Car 0 0 0 0 0 0 0 2.0417798 2.0583196 5.279543 -50.72811 -0.58033943 -1.1552129 0.032724936
23 102 Car 0 0 0 0 0 0 0 1.7345759 2.267675 4.3349047 -97.0386 -2.7663643 -3.6089995 0.043657154
23 104 Car 0 0 0 0 0 0 0 1.7152336 2.0331016 4.347866 -0.030168533 0.06774138 0.28452766 0.04805889
24 2 Car 0 0 0 0 0 0 0 4.2114506 3.5642266 22.330757 -32.62996 -0.040804148 3.332923 0.029247537
24 3 Car 0 0 0 0 0 0 0 2.0417798 2.0583198 5.2795424 -50.760513 -0.5973543 -1.157787 0.035588346
24 102 Car 0 0 0 0 0 0 0 1.7345958 2.2676713 4.3349657 -97.665695 -2.72084 -3.7309012 0.03235409
24 104 Car 0 0 0 0 0 0 0 1.7152532 2.0330925 4.347935 -0.90363216 -0.045612454 0.2569898 0.04737172
25 2 Car 0 0 0 0 0 0 0 4.2114506 3.5642262 22.330757 -32.521523 -0.038932323 3.34742 0.03048217
25 3 Car 0 0 0 0 0 0 0 2.0417798 2.0583196 5.279543 -50.792923 -0.61436903 -1.1603608 0.03845179
25 102 Car 0 0 0 0 0 0 0 1.734649 2.2676992 4.335042 -97.55441 -2.6839483 -3.704681 0.055666827
25 104 Car 0 0 0 0 0 0 0 1.7153058 2.0331306 4.3479824 -0.99254894 -0.029098868 0.2360121 0.046386648
26 2 Car 0 0 0 0 0 0 0 4.2114506 3.5642266 22.330757 -32.413086 -0.0370605 3.3619173 0.0317168
26 3 Car 0 0 0 0 0 0 0 2.0417798 2.0583196 5.2795434 -50.82533 -0.63138396 -1.1629348 0.0413152
26 102 Car 0 0 0 0 0 0 0 1.7346768 2.2677014 4.335104 -97.40181 -2.7252321 -3.701253 0.10547551
26 104 Car 0 0 0 0 0 0 0 1.7153335 2.0331583 4.3479958 -0.95433235 -0.15995428 0.25219327 0.04550726
27 2 Car 0 0 0 0 0 0 0 4.2114506 3.5642262 22.330757 -32.304653 -0.035188913 3.3764143 0.03295145
27 3 Car 0 0 0 0 0 0 0 2.0417798 2.0583196 5.2795424 -50.85774 -0.64839876 -1.1655087 0.04417865
27 104 Car 0 0 0 0 0 0 0 1.7153428 2.033164 4.348007 -1.4450178 -0.30725557 0.2672668 0.044895623
28 2 Car 0 0 0 0 0 0 0 4.2114506 3.5642266 22.330757 -32.19622 -0.03331709 3.3909116 0.034186084
28 3 Car 0 0 0 0 0 0 0 2.0417798 2.0583196 5.2795415 -50.89015 -0.66541356 -1.1680827 0.047042094
28 102 Car 0 0 0 0 0 0 0 1.7344534 2.2677078 4.3345327 -97.1465 -2.5739925 -3.5738523 0.104766645
28 104 Car 0 0 0 0 0 0 0 1.7143288 2.0331602 4.345444 -0.92641544 -0.29606164 0.2810343 0.052534882
29 2 Car 0 0 0 0 0 0 0 4.2114506 3.5642262 22.330757 -32.087788 -0.031445265 3.4054084 0.035420727
29 3 Car 0 0 0 0 0 0 0 2.0417798 2.0583196 5.2795434 -50.922554 -0.6824285 -1.1706567 0.049905494
29 102 Car 0 0 0 0 0 0 0 1.734777 2.2677298 4.335301 -97.00071 -2.4584646 -3.679933 0.12843984
29 104 Car 0 0 0 0 0 0 0 1.715171 2.0331817 4.347533 -0.9274082 -0.26646698 0.29279807 0.05608138
30 2 Car 0 0 0 0 0 0 0 4.2114506 3.5642262 22.330753 -31.979351 -0.029573679 3.4199054 0.03665536
30 3 Car 0 0 0 0 0 0 0 2.0417798 2.0583196 5.279543 -51.054443 -0.6991774 -1.2813311 0.052768953
30 102 Car 0 0 0 0 0 0 0 1.7347659 2.2677224 4.335292 -97.41168 -2.4937983 -3.6617057 0.14640898
30 104 Car 0 0 0 0 0 0 0 1.7154214 2.0331817 4.348171 -1.4404202 -0.27343798 0.27847728 0.060465273
31 2 Car 0 0 0 0 0 0 0 4.2114506 3.5642262 22.330757 -31.870918 -0.027701855 3.4344025 0.03788999
31 3 Car 0 0 0 0 0 0 0 2.0417798 2.0583196 5.2795415 -51.139755 -0.71592635 -1.2761805 0.055632375
31 102 Car 0 0 0 0 0 0 0 1.7347485 2.2677374 4.33522 -97.29167 -2.5456996 -3.6595607 0.116556555
31 104 Car 0 0 0 0 0 0 0 1.7154044 2.0331814 4.3481283 -1.428401 -0.24873555 0.28788573 0.06502977
32 2 Car 0 0 0 0 0 0 0 4.2114506 3.5642262 22.330757 -31.784365 -0.02583003 3.4091253 0.038251985
32 3 Car 0 0 0 0 0 0 0 2.0417798 2.0583198 5.279542 -51.197 -0.7326754 -1.3002381 0.05849582
32 102 Car 0 0 0 0 0 0 0 1.7346988 2.2677639 4.335038 -97.17568 -2.552131 -3.6561737 0.086667
32 104 Car 0 0 0 0 0 0 0 1.7154205 2.0331912 4.3481383 -1.41893 -0.24259275 0.29499066 0.06955838
33 2 Car 0 0 0 0 0 0 0 4.2114506 3.5642264 22.330757 -31.697813 -0.023958206 3.3838487 0.038613945
33 3 Car 0 0 0 0 0 0 0 2.0417798 2.0583198 5.279543 -51.254246 -0.74942434 -1.3242956 0.061359234
33 102 Car 0 0 0 0 0 0 0 1.734756 2.267795 4.3351264 -97.07471 -2.6047058 -3.6604733 0.07306816
33 104 Car 0 0 0 0 0 0 0 1.7154119 2.0332117 4.348078 -1.4271641 -0.2136226 0.29813412 0.07401304
34 2 Car 0 0 0 0 0 0 0 4.2114506 3.5642262 22.330757 -31.611261 -0.02208662 3.3585715 0.038975924
34 3 Car 0 0 0 0 0 0 0 2.0417798 2.0583196 5.279544 -51.277466 -0.76617324 -1.361274 0.06422266
34 102 Car 0 0 0 0 0 0 0 1.7347654 2.2678165 4.3351054 -96.96849 -2.5995376 -3.6601021 0.059475217
34 104 Car 0 0 0 0 0 0 0 1.7154208 2.0332277 4.348064 -1.429287 -0.1669136 0.3066968 0.07847424
35 2 Car 0 0 0 0 0 0 0 4.2114506 3.5642266 22.330757 -31.524712 -0.020214796 3.3332946 0.0393379
35 3 Car 0 0 0 0 0 0 0 2.0417798 2.0583196 5.279544 -51.236706 -0.78293055 -1.3865802 0.067086086
35 102 Car 0 0 0 0 0 0 0 1.7347566 2.2678168 4.335087 -96.87188 -2.660003 -3.6396036 0.044588175
35 104 Car 0 0 0 0 0 0 0 1.7154125 2.0332222 4.3480573 -1.4256182 -0.18724358 0.31214356 0.082732365
36 2 Car 0 0 0 0 0 0 0 4.2114506 3.5642262 22.330757 -31.438156 -0.018342972 3.3080177 0.039699875
36 3 Car 0 0 0 0 0 0 0 2.0417798 2.0583198 5.279542 -51.301105 -0.79968786 -1.423265 0.026316302
36 102 Car 0 0 0 0 0 0 0 1.7347733 2.2678154 4.33513 -96.778625 -2.5892937 -3.6122074 0.038345512
36 104 Car 0 0 0 0 0 0 0 1.7154287 2.033218 4.348109 -1.4234133 -0.14894141 0.30929366 0.086990856
37 2 Car 0 0 0 0 0 0 0 4.2114506 3.5642264 22.330757 -31.351604 -0.016471386 3.2827406 0.04006184
37 3 Car 0 0 0 0 0 0 0 2.0417798 2.0583193 5.2795415 -51.471252 -0.8164452 -1.458428 0.07281295
37 102 Car 0 0 0 0 0 0 0 1.7348511 2.2678337 4.3353004 -97.192024 -2.4589398 -3.6397698 0.032453813
37 104 Car 0 0 0 0 0 0 0 1.7155058 2.033238 4.348269 -1.9261074 -0.17229138 0.28438511 0.091598906
38 2 Car 0 0 0 0 0 0 0 4.2114506 3.5642264 22.330757 -31.265053 -0.014599562 3.257464 0.040423818
38 3 Car 0 0 0 0 0 0 0 2.0417798 2.0583196 5.2795415 -51.53585 -0.8332025 -1.4908128 0.0756764
38 102 Car 0 0 0 0 0 0 0 1.7349056 2.2678397 4.335413 -96.600075 -2.3504796 -3.6639082 0.027038502
38 104 Car 0 0 0 0 0 0 0 1.7155595 2.0332456 4.348381 -1.4265928 -0.18159841 0.3082678 0.09668329
39 2 Car 0 0 0 0 0 0 0 4.2114506 3.5642266 22.330757 -31.178501 -0.012727737 3.2321868 0.040785786
39 3 Car 0 0 0 0 0 0 0 2.0417798 2.0583193 5.2795424 -51.600445 -0.84995973 -1.5231977 0.078539826
39 102 Car 0 0 0 0 0 0 0 1.7348902 2.2678435 4.335367 -96.512665 -2.349547 -3.727798 0.021900017
39 104 Car 0 0 0 0 0 0 0 1.7155446 2.0332522 4.3483315 -1.4368305 -0.12040855 0.3183337 0.102046944
40 2 Car 0 0 0 0 0 0 0 4.2114506 3.5642266 22.330757 -31.09195 -0.010855913 3.2069101 0.041147765
40 3 Car 0 0 0 0 0 0 0 2.0417798 2.0583198 5.279545 -51.661034 -0.866717 -1.5965607 0.08140321
40 102 Car 0 0 0 0 0 0 0 1.7348922 2.2678432 4.335382 -96.42761 -2.2807376 -3.7805777 0.016725676
40 104 Car 0 0 0 0 0 0 0 1.7155464 2.0332558 4.348332 -1.4480848 -0.041055605 0.33598512 0.10737375
41 2 Car 0 0 0 0 0 0 0 4.2114506 3.5642262 22.330757 -31.005398 -0.008984327 3.181633 0.041509725
41 3 Car 0 0 0 0 0 0 0 2.0417798 2.0583198 5.2795424 -51.775894 -0.88347423 -1.6540029 0.08426669
41 102 Car 0 0 0 0 0 0 0 1.7348653 2.2678301 4.3353314 -96.355865 -2.2800725 -3.8428972 0.011878446
41 104 Car 0 0 0 0 0 0 0 1.7155197 2.033253 4.3482647 -1.4756565 0.033426642 0.37456733 0.113028616
42 2 Car 0 0 0 0 0 0 0 4.2114506 3.5642264 22.330757 -30.874083 -0.007112503 3.1544862 0.04185893
42 3 Car 0 0 0 0 0 0 0 2.0417798 2.0583198 5.2795415 -51.890755 -0.90023154 -1.7114452 0.087130114
42 102 Car 0 0 0 0 0 0 0 1.7348922 2.2678168 4.3354297 -96.27464 -2.1396685 -3.9217772 0.006997788
42 104 Car 0 0 0 0 0 0 0 1.7155467 2.033249 4.3483377 -1.4894228 0.028856963 0.40679345 0.11878307
43 2 Car 0 0 0 0 0 0 0 4.2114506 3.5642262 22.330757 -30.7425 -0.005240679 3.1270342 0.042159416
43 3 Car 0 0 0 0 0 0 0 2.0417798 2.0583196 5.2795434 -51.992466 -0.9169888 -1.7677387 0.08999354
43 102 Car 0 0 0 0 0 0 0 1.7349573 2.267813 4.335592 -96.20643 -2.0088851 -4.006055 0.002062879
43 104 Car 0 0 0 0 0 0 0 1.7156107 2.0332458 4.348509 -1.5146198 -0.056811452 0.42861682 0.12448055
44 2 Car 0 0 0 0 0 0 0 4.2114506 3.5642264 22.330755 -30.610916 -0.003369093 3.0995822 0.042459924
44 3 Car 0 0 0 0 0 0 0 2.0417798 2.0583196 5.2795424 -52.073418 -0.93374616 -1.8528509 0.09285698
44 102 Car 0 0 0 0 0 0 0 1.7349741 2.2678266 4.3356156 -96.13468 -1.9679323 -4.075505 -0.0029836493
44 104 Car 0 0 0 0 0 0 0 1.7156273 2.0332518 4.3485394 -1.5397215 -0.059820235 0.45489416 0.10388723
45 2 Car 0 0 0 0 0 0 0 4.2114506 3.5642264 22.330757 -30.479336 -0.0014972687 3.0721302 0.04276041
45 3 Car 0 0 0 0 0 0 0 2.0417798 2.0583198 5.279543 -52.15437 -0.95050347 -1.937963 0.095720395
45 102 Car 0 0 0 0 0 0 0 1.7349724 2.267839 4.3355823 -95.54236 -1.9384236 -4.096394 -0.008380361
45 104 Car 0 0 0 0 0 0 0 1.7156259 2.0332575 4.348521 -1.0294971 -0.17801082 0.3754129 0.09603663
46 2 Car 0 0 0 0 0 0 0 4.2114506 3.5642262 22.330757 -30.347754 0.0003745556 3.0446782 0.04306089
46 3 Car 0 0 0 0 0 0 0 2.0417798 2.0583198 5.279543 -52.23532 -0.9672607 -2.023075 0.09858384
46 102 Car 0 0 0 0 0 0 0 1.7350049 2.2678409 4.335656 -95.96556 -1.8406748 -4.24507 -0.011542974
46 104 Car 0 0 0 0 0 0 0 1.715658 2.0332546 4.348607 -1.5068321 -0.21990949 0.3216332 0.088954106
47 2 Car 0 0 0 0 0 0 0 4.2114506 3.5642264 22.330757 -30.216175 0.0022463799 3.0172262 0.04336138
47 3 Car 0 0 0 0 0 0 0 2.0417798 2.0583193 5.2795415 -52.31627 -0.98401797 -2.108187 0.1014473
47 102 Car 0 0 0 0 0 0 0 1.7350706 2.2678442 4.335817 -96.38429 -1.6274004 -4.3568883 -0.014914935
47 104 Car 0 0 0 0 0 0 0 1.7157228 2.033255 4.3487735 -1.9769554 -0.28698462 0.2846443 0.081660494
48 2 Car 0 0 0 0 0 0 0 4.2114506 3.5642264 22.33076 -30.08459 0.0041179657 2.989774 0.04366189
48 3 Car 0 0 0 0 0 0 0 2.0417798 2.0583196 5.2795434 -52.397224 -1.0007753 -2.1932993 0.10431068
48 102 Car 0 0 0 0 0 0 0 1.7350557 2.2678397 4.335796 -95.809326 -1.5888528 -4.4708567 -0.017792717
48 104 Car 0 0 0 0 0 0 0 1.715708 2.033245 4.3487616 -1.4273081 -0.25720084 0.29152828 0.07486497
49 2 Car 0 0 0 0 0 0 0 4.2114506 3.5642262 22.330757 -29.95301 0.00598979 2.9623218 0.04396238
49 3 Car 0 0 0 0 0 0 0 2.0417798 2.0583196 5.2795405 -52.478176 -1.0175325 -2.2784111 0.10717416
49 102 Car 0 0 0 0 0 0 0 1.7350098 2.2678337 4.3356833 -95.74541 -1.6378148 -4.599291 -0.02058465
49 104 Car 0 0 0 0 0 0 0 1.7156627 2.0332367 4.3486605 -1.3913984 -0.18149294 0.2919246 0.06815706
50 2 Car 0 0 0 0 0 0 0 4.2114506 3.5642262 22.33076 -29.85535 0.007861614 2.973939 0.053768683
50 3 Car 0 0 0 0 0 0 0 2.0417798 2.0583196 5.279543 -52.664402 -1.0342898 -2.3746686 0.11003755
50 102 Car 0 0 0 0 0 0 0 1.7349582 2.2678277 4.3355713 -96.46808 -1.8340628 -4.8261127 -0.0225106
50 104 Car 0 0 0 0 0 0 0 1.7156119 2.033228 4.3485456 -2.2134123 -0.14605787 0.26902384 0.062315136
51 2 Car 0 0 0 0 0 0 0 4.2114506 3.5642262 22.330757 -29.757687 0.0097332 2.9855556 0.06357497
51 3 Car 0 0 0 0 0 0 0 2.0417798 2.0583198 5.279542 -52.78393 -1.0238234 -2.4357939 0.11290098
51 102 Car 0 0 0 0 0 0 0 1.7349697 2.2678287 4.3355927 -95.61437 -1.7956913 -4.8850822 -0.025764193
51 104 Car 0 0 0 0 0 0 0 1.7156233 2.0332308 4.3485727 -1.4480429 -0.14324725 0.28807193 0.05514311
52 2 Car 0 0 0 0 0 0 0 4.2114506 3.5642262 22.330757 -29.660027 0.011605024 2.9971724 0.055443175
52 3 Car 0 0 0 0 0 0 0 2.0417798 2.0583196 5.279543 -52.903458 -1.0133569 -2.4969194 0.11576441
52 102 Car 0 0 0 0 0 0 0 1.7349746 2.2678225 4.3356123 -95.594955 -1.7677499 -5.021774 -0.038397007
52 104 Car 0 0 0 0 0 0 0 1.715628 2.0332222 4.348595 -1.4385023 -0.13305865 0.30582064 0.048774004
53 2 Car 0 0 0 0 0 0 0 4.2114506 3.5642262 22.330757 -29.562365 0.013476849 3.0087895 0.057007648
53 3 Car 0 0 0 0 0 0 0 2.0417798 2.0583196 5.279544 -53.022984 -1.0028906 -2.558045 0.11862782
53 102 Car 0 0 0 0 0 0 0 1.7349924 2.2678251 4.3356576 -95.43984 -1.6413136 -5.120718 -0.04238332
53 104 Car 0 0 0 0 0 0 0 1.7156454 2.033226 4.3486376 -1.4366617 -0.16219762 0.31192058 0.042323664
54 2 Car 0 0 0 0 0 0 0 4.2114506 3.5642262 22.330757 -29.4647 0.015348673 3.0204062 0.058572114
54 3 Car 0 0 0 0 0 0 0 2.0417798 2.0583196 5.279541 -53.009342 -0.995827 -2.6383176 0.11276466
54 102 Car 0 0 0 0 0 0 0 1.7350135 2.2678218 4.33571 -95.40895 -1.497226 -5.209936 -0.037272904
54 104 Car 0 0 0 0 0 0 0 1.7156663 2.0332246 4.348692 -1.4330883 -0.18510291 0.30265552 0.0362422
55 2 Car 0 0 0 0 0 0 0 4.2114506 3.5642262 22.33076 -29.367043 0.017220259 3.032023 0.060136594
55 3 Car 0 0 0 0 0 0 0 2.0417798 2.0583196 5.2795463 -53.205544 -0.98876345 -2.7423537 0.12435463
55 102 Car 0 0 0 0 0 0 0 1.7350149 2.2678146 4.3357444 -95.34389 -1.4998085 -5.3923855 -0.03776516
55 104 Car 0 0 0 0 0 0 0 1.7156676 2.033218 4.3487215 -1.4293022 -0.17331901 0.28512216 0.029834095
56 2 Car 0 0 0 0 0 0 0 4.2114506 3.5642262 22.33076 -29.269379 0.019092083 3.0436397 0.061701063
56 3 Car 0 0 0 0 0 0 0 2.0417798 2.0583198 5.2795415 -53.26194 -0.98170006 -2.7401738 0.1097649
56 102 Car 0 0 0 0 0 0 0 1.735069 2.2677922 4.3359184 -95.27835 -1.2455575 -5.5570707 -0.027119823
56 104 Car 0 0 0 0 0 0 0 1.7157212 2.0332012 4.348884 -1.4211941 -0.18880783 0.2807088 0.02365123
57 2 Car 0 0 0 0 0 0 0 4.2114506 3.5642266 22.330757 -29.171719 0.020963907 3.0552568 0.06326555
57 3 Car 0 0 0 0 0 0 0 2.0417798 2.0583198 5.279544 -53.35831 -0.9746366 -2.7965336 0.10499248
57 102 Car 0 0 0 0 0 0 0 1.735002 2.2677636 4.3357925 -95.72456 -1.4365078 -5.8087792 -0.015694462
57 104 Car 0 0 0 0 0 0 0 1.715655 2.033176 4.3487697 -1.9357777 -0.16931675 0.2623967 0.018252159
58 2 Car 0 0 0 0 0 0 0 4.2114506 3.5642266 22.330757 -29.074055 0.022835493 3.0668736 0.064830005
58 3 Car 0 0 0 0 0 0 0 2.0417798 2.0583196 5.2795434 -53.454678 -0.96757305 -2.852893 0.10022007
58 102 Car 0 0 0 0 0 0 0 1.734947 2.2677267 4.3357387 -95.1508 -1.4256058 -5.945976 -0.0048467624
58 104 Car 0 0 0 0 0 0 0 1.7156003 2.0331452 4.348701 -1.4261398 -0.04889679 0.3040887 0.012274583
59 2 Car 0 0 0 0 0 0 0 4.2114506 3.5642264 22.330757 -28.976395 0.024707317 3.0784903 0.066394486
59 3 Car 0 0 0 0 0 0 0 2.0417798 2.0583196 5.279543 -53.55105 -0.9605096 -2.9092522 0.09544771
59 102 Car 0 0 0 0 0 0 0 1.7349238 2.2676802 4.3357735 -95.08739 -1.3330355 -6.0979733 0.005924436
59 104 Car 0 0 0 0 0 0 0 1.7155776 2.033109 4.348721 -1.4247398 0.018770024 0.32358962 0.006220621
60 2 Car 0 0 0 0 0 0 0 4.2114506 3.5642266 22.330755 -28.878735 0.026579142 3.0901072 0.06795895
60 3 Car 0 0 0 0 0 0 0 2.0417798 2.0583196 5.279544 -53.647415 -0.9534461 -2.965612 0.090675294
60 102 Car 0 0 0 0 0 0 0 1.7348782 2.2676454 4.335709 -95.02904 -1.404935 -6.2489643 0.01678656
60 104 Car 0 0 0 0 0 0 0 1.7155325 2.0330849 4.348654 -1.4312067 0.04938212 0.352372 0.00025792816
61 2 Car 0 0 0 0 0 0 0 4.2114506 3.5642262 22.330755 -28.78107 0.028450966 3.1017241 0.06952343
61 3 Car 0 0 0 0 0 0 0 2.0417798 2.0583196 5.2795424 -53.74378 -0.94638264 -3.0219712 0.08590292
61 102 Car 0 0 0 0 0 0 0 1.7348398 2.2676287 4.3356514 -94.4323 -1.4713794 -6.342313 0.027331635
61 104 Car 0 0 0 0 0 0 0 1.7154944 2.0330787 4.3485765 -0.8976393 0.0950689 0.4088574 -0.006022132
62 2 Car 0 0 0 0 0 0 0 4.2114506 3.5642262 22.330757 -28.683865 0.047168493 3.1204548 0.06924561
62 3 Car 0 0 0 0 0 0 0 2.0417798 2.0583196 5.2795444 -53.840145 -0.9393192 -3.0783308 0.08113052
62 102 Car 0 0 0 0 0 0 0 1.7347846 2.2676036 4.335569 -94.92118 -1.5911081 -6.5323772 0.038181435
62 104 Car 0 0 0 0 0 0 0 1.7154399 2.033066 4.348463 -1.424365 0.11432624 0.36724108 -0.01199805
63 2 Car 0 0 0 0 0 0 0 4.2114506 3.5642262 22.330757 -28.586655 0.06588602 3.139186 0.068967775
63 3 Car 0 0 0 0 0 0 0 2.0417798 2.0583196 5.279544 -53.936516 -0.9322556 -3.13469 0.07635812
63 102 Car 0 0 0 0 0 0 0 1.7347202 2.2674906 4.335622 -94.88315 -1.3282822 -6.6153784 0.04821346
63 104 Car 0 0 0 0 0 0 0 1.7154417 2.0329742 4.348664 -1.4120235 0.13620658 0.35739577 -0.018784339
64 2 Car 0 0 0 0 0 0 0 4.2114506 3.5642264 22.330757 -28.489445 0.08460355 3.1579165 0.06868996
64 3 Car 0 0 0 0 0 0 0 2.0417798 2.0583193 5.2795434 -54.032883 -0.92519224 -3.1910493 0.07158576
64 102 Car 0 0 0 0 0 0 0 1.7348926 2.267541 4.3359604 -94.81714 -0.87143457 -6.707357 0.03169641
64 104 Car 0 0 0 0 0 0 0 1.7155468 2.033006 4.348863 -1.404314 0.15441859 0.33494282 -0.025902525
65 2 Car 0 0 0 0 0 0 0 4.2114506 3.5642262 22.330757 -28.392237 0.103321075 3.1766477 0.068412125
65 3 Car 0 0 0 0 0 0 0 2.0417798 2.0583198 5.2795405 -54.129227 -0.97938216 -3.247357 0.06681338
65 102 Car 0 0 0 0 0 0 0 1.7349906 2.267645 4.335996 -94.74967 -0.7775223 -6.9414515 0.029867215
65 104 Car 0 0 0 0 0 0 0 1.7156436 2.0330944 4.3489146 -1.4035721 0.12568396 0.30984282 -0.031425238
66 2 Car 0 0 0 0 0 0 0 4.2114506 3.5642266 22.330757 -28.295029 0.1220386 3.1953788 0.06813432
66 3 Car 0 0 0 0 0 0 0 2.0417798 2.0583196 5.279544 -54.22557 -1.033572 -3.3036644 0.06204096
66 102 Car 0 0 0 0 0 0 0 1.7349794 2.2676568 4.3359537 -94.71639 -0.54367304 -7.1403694 0.03462574
66 104 Car 0 0 0 0 0 0 0 1.715698 2.033102 4.3490424 -1.3962612 0.09266533 0.2973054 -0.037638053
67 2 Car 0 0 0 0 0 0 0 4.2114506 3.5642264 22.330757 -28.197819 0.14075619 3.2141094 0.067856506
67 3 Car 0 0 0 0 0 0 0 2.0417798 2.058319 5.2795405 -54.348602 -0.87337506 -3.3482575 0.057268634
67 102 Car 0 0 0 0 0 0 0 1.7349522 2.267626 4.3359427 -94.710526 -0.92264533 -7.327698 0.03925008
67 104 Car 0 0 0 0 0 0 0 1.7156055 2.0330882 4.3488383 -1.4208908 0.113244876 0.28310078 -0.043990836
68 2 Car 0 0 0 0 0 0 0 4.2114506 3.5642264 22.330757 -28.100609 0.15947372 3.23284 0.06757867
68 3 Car 0 0 0 0 0 0 0 2.0417798 2.0583196 5.2795434 -54.471634 -0.71317804 -3.3928506 0.052496247
68 102 Car 0 0 0 0 0 0 0 1.7347574 2.2676396 4.335424 -94.6858 -1.5430325 -7.4907236 0.04328225
68 104 Car 0 0 0 0 0 0 0 1.7154131 2.03312 4.348278 -1.4296284 0.21685278 0.23758161 -0.050945878
69 2 Car 0 0 0 0 0 0 0 4.2114506 3.5642264 22.330757 -28.003403 0.17819136 3.2515712 0.067300856
69 3 Car 0 0 0 0 0 0 0 2.0417798 2.0583193 5.279544 -54.59467 -0.5529811 -3.4374437 0.04772383
69 102 Car 0 0 0 0 0 0 0 1.7347686 2.2676892 4.3353553 -94.16069 -1.5748122 -7.4422994 0.045066625
69 104 Car 0 0 0 0 0 0 0 1.7154243 2.0331638 4.348211 -0.91136837 0.26371077 0.19425899 -0.060141824
70 2 Car 0 0 0 0 0 0 0 4.2114506 3.5642266 22.330757 -27.906193 0.19690889 3.2703023 0.06702304
70 3 Car 0 0 0 0 0 0 0 2.0417798 2.0583196 5.2795424 -54.717697 -0.3927841 -3.482037 0.04295144
70 102 Car 0 0 0 0 0 0 0 1.7347759 2.267812 4.3351417 -94.14304 -1.8467162 -7.4583235 0.047082707
70 104 Car 0 0 0 0 0 0 0 1.7154315 2.0332472 4.3480525 -0.9270601 0.2290264 0.14436096 -0.060384016
71 2 Car 0 0 0 0 0 0 0 4.2114506 3.5642266 22.330757 -27.808983 0.028450966 3.289033 0.06674521
71 3 Car 0 0 0 0 0 0 0 2.0417798 2.0583196 5.279543 -54.78798 -0.57968974 -3.5243633 0.038179055
71 102 Car 0 0 0 0 0 0 0 1.7350726 2.2677639 4.335968 -94.612465 -0.8550228 -7.595644 0.050395045
71 104 Car 0 0 0 0 0 0 0 1.7157247 2.033204 4.3488793 -1.4171047 0.1382931 0.094962776 -0.059297167
72 2 Car 0 0 0 0 0 0 0 4.2114506 3.5642262 22.330757 -27.688261 0.028450966 3.291537 0.06646738
72 3 Car 0 0 0 0 0 0 0 2.0417798 2.0583198 5.279544 -54.85827 -0.7665953 -3.5666893 0.03340669
72 102 Car 0 0 0 0 0 0 0 1.7350557 2.267668 4.3361154 -94.605316 -0.5698938 -7.8275776 0.05491693
72 104 Car 0 0 0 0 0 0 0 1.7157083 2.0331197 4.3490243 -1.41331 0.108717695 0.075932086 -0.056901217
73 2 Car 0 0 0 0 0 0 0 4.2114506 3.5642264 22.330757 -27.567537 0.028450966 3.2940412 0.06618957
73 3 Car 0 0 0 0 0 0 0 2.0417798 2.05832 5.2795424 -54.92855 -0.9535009 -3.6090155 0.028634302
73 102 Car 0 0 0 0 0 0 0 1.7350523 2.2677753 4.335905 -94.09189 -0.9129908 -8.103092 0.060397968
73 104 Car 0 0 0 0 0 0 0 1.7157047 2.0332146 4.3488145 -0.9176359 0.13385162 0.10076481 -0.053565368
74 2 Car 0 0 0 0 0 0 0 4.2114506 3.5642262 22.330757 -27.446815 0.028450966 3.296545 0.065911755
74 3 Car 0 0 0 0 0 0 0 2.0417798 2.0583193 5.279545 -54.998837 -1.1404066 -3.6513417 0.023861893
74 102 Car 0 0 0 0 0 0 0 1.7349737 2.267794 4.335668 -94.5969 -1.2843046 -8.40222 0.065917656
74 104 Car 0 0 0 0 0 0 0 1.715627 2.0332327 4.3485765 -1.4432259 0.13309534 0.10661787 -0.0501874
75 2 Car 0 0 0 0 0 0 0 4.2114506 3.5642262 22.330757 -27.32609 0.028450966 3.2990494 0.06563394
75 3 Car 0 0 0 0 0 0 0 2.0417798 2.0583196 5.2795434 -55.07231 -0.7244886 -3.6938555 0.01908955
75 102 Car 0 0 0 0 0 0 0 1.7349751 2.2677352 4.335789 -94.586494 -1.1155179 -8.483274 0.078195184
75 104 Car 0 0 0 0 0 0 0 1.7156283 2.0331917 4.348668 -1.4353752 0.13408424 0.14681786 -0.048765995
76 2 Car 0 0 0 0 0 0 0 4.2114506 3.5642262 22.330757 -27.205368 0.028450966 3.3015535 0.06535609
76 3 Car 0 0 0 0 0 0 0 2.0417798 2.0583196 5.2795444 -55.14579 -0.6760911 -3.7363691 0.014317135
76 102 Car 0 0 0 0 0 0 0 1.7350464 2.2676966 4.3360415 -94.09781 -0.6940243 -8.366764 0.0847874
76 104 Car 0 0 0 0 0 0 0 1.715699 2.0331528 4.3489337 -0.920393 0.124990836 0.22931916 -0.048668712
77 2 Car 0 0 0 0 0 0 0 4.2114506 3.5642264 22.330757 -27.084644 0.028450966 3.3040576 0.065078266
77 3 Car 0 0 0 0 0 0 0 2.0417798 2.0583196 5.279543 -55.202522 -0.7066181 -3.7770853 0.024089184
77 102 Car 0 0 0 0 0 0 0 1.7350655 2.2676942 4.3360834 -94.597984 -0.46475422 -8.476298 0.09280718
77 104 Car 0 0 0 0 0 0 0 1.7157177 2.033149 4.3489842 -1.4107227 0.2766942 0.21865058 -0.047151882
78 2 Car 0 0 0 0 0 0 0 4.2114506 3.5642266 22.330757 -26.96392 0.028450966 3.3065615 0.06480047
78 3 Car 0 0 0 0 0 0 0 2.0417798 2.0583196 5.2795424 -55.259254 -0.73714507 -3.817802 0.033861183
78 102 Car 0 0 0 0 0 0 0 1.7350745 2.2677543 4.3360004 -94.86668 -0.7272817 -8.7401285 0.10268701
78 104 Car 0 0 0 0 0 0 0 1.7157266 2.0332005 4.348894 -1.6890678 0.27005398 0.22667927 -0.043783337
79 2 Car 0 0 0 0 0 0 0 4.2114506 3.5642266 22.330757 -26.843197 0.028450966 3.3090658 0.064522654
79 3 Car 0 0 0 0 0 0 0 2.0417798 2.0583198 5.279542 -55.315987 -0.76767206 -3.8585176 0.043633234
79 102 Car 0 0 0 0 0 0 0 1.7350807 2.267787 4.3359466 -94.08627 -0.8761805 -8.764983 0.11061249
79 104 Car 0 0 0 0 0 0 0 1.7157328 2.033228 4.3488617 -0.94860077 0.25151956 0.29355752 -0.042366568
80 2 Car 0 0 0 0 0 0 0 4.2114506 3.5642264 22.330757 -26.722473 0.028450966 3.3115697 0.06424482
80 3 Car 0 0 0 0 0 0 0 2.0417798 2.0583196 5.279544 -55.372715 -0.79819906 -3.899234 0.053405233
80 102 Car 0 0 0 0 0 0 0 1.7350516 2.2677736 4.3359036 -94.079636 -0.9064142 -8.91135 0.11988354
80 104 Car 0 0 0 0 0 0 0 1.715704 2.0332212 4.3488016 -0.94916916 0.25582662 0.31604868 -0.03961029
81 2 Car 0 0 0 0 0 0 0 4.2114506 3.564226 22.330757 -26.60175 0.028450966 3.3140736 0.06396699
81 3 Car 0 0 0 0 0 0 0 2.0417798 2.058319 5.2795415 -55.42945 -0.8287261 -3.9399505 0.06317731
81 102 Car 0 0 0 0 0 0 0 1.7350678 2.2677646 4.3359613 -94.067825 -0.715878 -8.977264 0.12773873
81 104 Car 0 0 0 0 0 0 0 1.7157202 2.0332131 4.3488503 -0.9293165 0.2848633 0.28737158 -0.038266033
82 2 Car 0 0 0 0 0 0 0 4.2114506 3.5642264 22.33076 -26.458746 0.028450966 3.318067 0.06368919
82 3 Car 0 0 0 0 0 0 0 2.0417798 2.0583198 5.2795444 -55.48618 -0.85925305 -3.9806669 0.0729493
82 102 Car 0 0 0 0 0 0 0 1.7351165 2.2677557 4.3361034 -94.58176 -0.33302236 -9.081854 0.13576372
82 104 Car 0 0 0 0 0 0 0 1.7157685 2.0332005 4.349009 -1.4351482 0.27114624 0.23602253 -0.03674787
83 2 Car 0 0 0 0 0 0 0 4.2114506 3.5642264 22.330757 -26.31574 0.028450966 3.3220606 0.06341137
83 3 Car 0 0 0 0 0 0 0 2.0417798 2.0583193 5.279543 -55.542915 -0.8897801 -4.0213833 0.08272135
83 102 Car 0 0 0 0 0 0 0 1.7351412 2.2677379 4.3362017 -94.050964 0.0121688545 -9.081731 0.1431649
83 104 Car 0 0 0 0 0 0 0 1.7157925 2.033176 4.3491254 -0.8919096 0.19490707 0.23107982 -0.03585364
84 2 Car 0 0 0 0 0 0 0 4.2114506 3.5642262 22.330757 -26.172735 0.028450966 3.326054 0.06313354
84 3 Car 0 0 0 0 0 0 0 2.0417798 2.0583196 5.2795444 -55.599648 -0.92030704 -4.0620995 0.092493325
84 102 Car 0 0 0 0 0 0 0 1.7351627 2.2677674 4.336196 -94.024185 -0.026158527 -9.262273 0.15134951
84 104 Car 0 0 0 0 0 0 0 1.715814 2.0331998 4.349121 -0.8775387 0.24738789 0.22793108 -0.034183957
85 2 Car 0 0 0 0 0 0 0 4.2114506 3.5642262 22.330757 -26.029732 0.028450966 3.3300476 0.062855706
85 3 Car 0 0 0 0 0 0 0 2.0417798 2.0583198 5.279544 -55.597237 -0.89468515 -4.09733 0.10226535
85 102 Car 0 0 0 0 0 0 0 1.7350413 2.2677362 4.3359547 -94.00223 -0.6124515 -9.475632 0.16019252
85 104 Car 0 0 0 0 0 0 0 1.7156938 2.0332 4.348819 -0.8802967 0.4951176 0.2522421 -0.03186445
86 2 Car 0 0 0 0 0 0 0 4.2114506 3.5642262 22.330757 -25.886728 0.028450966 3.334041 0.062577896
86 3 Car 0 0 0 0 0 0 0 2.0417798 2.0583196 5.279543 -55.62443 -0.7641927 -4.135307 0.094555736
86 102 Car 0 0 0 0 0 0 0 1.7346942 2.2674344 4.33566 -94.079544 -1.081631 -9.672386 0.16845292
86 104 Car 0 0 0 0 0 0 0 1.7153507 2.0330124 4.3483458 -0.8786087 0.6244165 0.2850049 -0.03011218
87 2 Car 0 0 0 0 0 0 0 4.2114506 3.5642262 22.330755 -25.743721 0.028450966 3.3380342 0.062300086
87 3 Car 0 0 0 0 0 0 0 2.0417798 2.0583196 5.2795444 -55.649715 -0.6848594 -4.1914797 0.09558684
87 102 Car 0 0 0 0 0 0 0 1.734441 2.2671635 4.3355484 -94.660385 -1.3558073 -9.877587 0.17616408
87 104 Car 0 0 0 0 0 0 0 1.7151003 2.0328336 4.3480988 -1.3721504 0.6463183 0.26038504 -0.028900927
88 2 Car 0 0 0 0 0 0 0 4.2114506 3.5642262 22.330755 -25.600718 0.028450966 3.3420277 0.062022265
88 3 Car 0 0 0 0 0 0 0 2.0417798 2.0583198 5.2795444 -55.674995 -0.6055261 -4.247652 0.09661804
88 102 Car 0 0 0 0 0 0 0 1.734354 2.267431 4.3348255 -94.736145 -2.0511503 -10.052406 0.183447
88 104 Car 0 0 0 0 0 0 0 1.7150142 2.0330758 4.3473697 -1.506813 0.975018 0.22239637 -0.028191771
89 2 Car 0 0 0 0 0 0 0 4.2114506 3.5642266 22.330757 -25.457714 0.028450966 3.3460214 0.06174443
89 3 Car 0 0 0 0 0 0 0 2.0417798 2.0583196 5.279544 -55.700275 -0.5261927 -4.303825 0.09764926
89 102 Car 0 0 0 0 0 0 0 1.734621 2.2676945 4.334976 -94.28798 -2.0655787 -10.151768 0.19027834
89 104 Car 0 0 0 0 0 0 0 1.7152781 2.0332184 4.347725 -0.94913673 0.74194384 0.21030653 -0.02788264
90 2 Car 0 0 0 0 0 0 0 4.2114506 3.5642262 22.330757 -25.314709 0.028450966 3.3500147 0.06146661
90 3 Car 0 0 0 0 0 0 0 2.0417798 2.0583196 5.2795434 -55.725555 0.070391506 -4.3599977 0.09868038
90 102 Car 0 0 0 0 0 0 0 1.7351685 2.267819 4.336119 -94.35948 -0.690228 -10.1332035 0.19677539
90 104 Car 0 0 0 0 0 0 0 1.7158197 2.033247 4.3490443 -0.865324 0.05312611 0.19832337 -0.027843136
91 2 Car 0 0 0 0 0 0 0 4.2114506 3.5642264 22.330753 -25.171703 0.028450966 3.3540082 0.061188795
91 3 Car 0 0 0 0 0 0 0 2.0417798 2.0583196 5.279543 -55.75084 -0.41006315 -4.4161706 0.09971157
91 102 Car 0 0 0 0 0 0 0 1.735203 2.2678447 4.3361545 -94.904 -0.5260425 -10.5731 0.20634204
91 104 Car 0 0 0 0 0 0 0 1.7158537 2.0332537 4.3491144 -1.4135075 -0.30438873 0.17109394 -0.024788428
92 2 Car 0 0 0 0 0 0 0 4.2114506 3.5642264 22.330757 -25.0287 0.028450966 3.3580015 0.060910974
92 3 Car 0 0 0 0 0 0 0 2.0417798 2.0583193 5.279544 -55.77612 -0.89051783 -4.4723434 0.10074273
92 102 Car 0 0 0 0 0 0 0 1.7351694 2.2678335 4.336087 -94.30351 -0.5983974 -10.696242 0.21356356
92 104 Car 0 0 0 0 0 0 0 1.7158207 2.0332327 4.3490715 -0.90915394 -0.55217767 0.16032028 -0.024080945
93 2 Car 0 0 0 0 0 0 0 4.2114506 3.5642269 22.330757 -24.885696 0.028450966 3.3619952 0.060633153
93 3 Car 0 0 0 0 0 0 0 2.0417798 2.0583196 5.279543 -55.801407 -0.8809453 -4.5285163 0.10177399
93 102 Car 0 0 0 0 0 0 0 1.7349808 2.267797 4.3356867 -94.31462 -0.89485586 -10.811545 0.22069827
93 104 Car 0 0 0 0 0 0 0 1.7156341 2.0331535 4.3487663 -0.8766842 0.013942495 0.16609967 -0.023472432
94 2 Car 0 0 0 0 0 0 0 4.2114506 3.5642262 22.330761 -24.742691 0.028450966 3.3659883 0.0603553
94 3 Car 0 0 0 0 0 0 0 2.0417798 2.0583196 5.279542 -55.826687 -0.8713728 -4.5846887 0.102805145
94 102 Car 0 0 0 0 0 0 0 1.7348931 2.2678063 4.3354573 -94.33408 -1.2234716 -10.83881 0.22655368
94 104 Car 0 0 0 0 0 0 0 1.7155474 2.0331476 4.348571 -0.8980799 0.8313929 0.16231465 -0.02414317
95 2 Car 0 0 0 0 0 0 0 4.2114506 3.5642262 22.330757 -24.599686 0.028450966 3.3699818 0.060077503
95 3 Car 0 0 0 0 0 0 0 2.0417798 2.0583193 5.279543 -55.851967 -0.8618003 -4.640862 0.1038363
95 102 Car 0 0 0 0 0 0 0 1.7350421 2.2678418 4.3357463 -94.3681 -1.0865867 -10.78621 0.2313102
95 104 Car 0 0 0 0 0 0 0 1.7156947 2.0332384 4.3487363 -0.90042114 0.81120384 0.14795673 -0.025894396
96 2 Car 0 0 0 0 0 0 0 4.2114506 3.5642266 22.33076 -24.456682 0.028450966 3.3739753 0.05979968
96 3 Car 0 0 0 0 0 0 0 2.0417798 2.05832 5.2795434 -55.890182 -0.8879357 -4.574178 0.10486746
96 102 Car 0 0 0 0 0 0 0 1.735163 2.26783 4.3360825 -94.4263 -0.56047225 -10.721729 0.22279686
96 104 Car 0 0 0 0 0 0 0 1.7158142 2.0332537 4.3490105 -0.898674 0.4301222 0.20676386 -0.026357917
97 2 Car 0 0 0 0 0 0 0 4.2114506 3.5642262 22.330757 -24.313679 0.028450966 3.3779688 0.059521873
97 3 Car 0 0 0 0 0 0 0 2.0417798 2.0583198 5.279544 -55.90735 -0.9140561 -4.5459375 0.10589863
97 102 Car 0 0 0 0 0 0 0 1.7351294 2.267797 4.3360577 -94.9857 -0.5693375 -10.854687 0.21681401
97 104 Car 0 0 0 0 0 0 0 1.715781 2.033239 4.3489566 -1.4366913 0.23369467 0.3004074 -0.024308944
98 2 Car 0 0 0 0 0 0 0 4.2114506 3.5642266 22.330757 -24.170673 0.028450966 3.3819623 0.059244044
98 3 Car 0 0 0 0 0 0 0 2.0417798 2.0583196 5.279544 -55.924522 -0.94017655 -4.517697 0.10692977
98 102 Car 0 0 0 0 0 0 0 1.7350771 2.267795 4.3359203 -94.51432 -0.71720695 -10.770273 0.20934376
98 104 Car 0 0 0 0 0 0 0 1.7157292 2.0332427 4.348813 -0.9366369 0.43349257 0.32025957 -0.023755755
99 2 Car 0 0 0 0 0 0 0 4.2114506 3.5642266 22.330757 -24.027668 0.028450966 3.3859558 0.05896622
99 3 Car 0 0 0 0 0 0 0 2.0417798 2.0583196 5.2795424 -55.94169 -0.966297 -4.489456 0.10796103
99 102 Car 0 0 0 0 0 0 0 1.7349516 2.2678127 4.3355703 -94.56904 -1.053068 -10.737251 0.2010203
99 104 Car 0 0 0 0 0 0 0 1.7156053 2.0332546 4.3484693 -0.95965195 0.960827 0.33023393 -0.024067445
100 2 Car 0 0 0 0 0 0 0 4.2114506 3.5642262 22.330757 -23.884663 0.028450966 3.3899488 0.058688395
100 3 Car 0 0 0 0 0 0 0 2.0417798 2.0583196 5.2795424 -55.958862 -0.99241745 -4.4612155 0.10899219
100 102 Car 0 0 0 0 0 0 0 1.7349286 2.26784 4.3354683 -94.620544 -1.1946625 -10.691502 0.19173455
100 104 Car 0 0 0 0 0 0 0 1.7155824 2.033249 4.3484306 -0.9629965 1.2422256 0.26148903 -0.025325373
101 2 Car 0 0 0 0 0 0 0 4.2114506 3.5642264 22.330757 -23.74166 0.028450966 3.3939428 0.058410577
101 3 Car 0 0 0 0 0 0 0 2.0417798 2.0583196 5.279542 -55.97603 -1.0185378 -4.432975 0.110023364
101 102 Car 0 0 0 0 0 0 0 1.73498 2.2678418 4.335597 -94.68199 -1.1300786 -10.62152 0.18242271
101 104 Car 0 0 0 0 0 0 0 1.7156987 2.0332384 4.348753 -0.9597616 0.9874932 0.21632189 -0.026589029
102 2 Car 0 0 0 0 0 0 0 4.2114506 3.5642264 22.330757 -23.598656 0.028450966 3.3979359 0.058132768
102 3 Car 0 0 0 0 0 0 0 2.0417798 2.0583198 5.279542 -55.993202 -1.0446583 -4.404734 0.111054525
102 102 Car 0 0 0 0 0 0 0 1.7351744 2.2678428 4.3360806 -94.734215 -0.51182425 -10.56743 0.174103
102 104 Car 0 0 0 0 0 0 0 1.7158253 2.0332496 4.3490443 -0.9500208 0.59190774 0.23142499 -0.027090259
103 2 Car 0 0 0 0 0 0 0 4.2114506 3.5642262 22.33076 -23.45565 0.028450966 3.4019294 0.05785492
103 3 Car 0 0 0 0 0 0 0 2.0417798 2.058319 5.2795434 -56.01037 -1.0707786 -4.3764935 0.11208567
103 102 Car 0 0 0 0 0 0 0 1.7351651 2.2678442 4.336058 -94.8324 -0.5261399 -10.507074 0.166593
103 104 Car 0 0 0 0 0 0 0 1.7158163 2.0332525 4.3490114 -0.95329666 0.28010082 0.26618606 -0.02679762
104 2 Car 0 0 0 0 0 0 0 4.2114506 3.5642262 22.330755 -23.312645 0.028450966 3.405923 0.057577126
104 3 Car 0 0 0 0 0 0 0 2.0417798 2.0583196 5.279543 -56.038063 -1.0968992 -4.254749 0.113116875
104 102 Car 0 0 0 0 0 0 0 1.7350392 2.2678452 4.335746 -94.84317 -0.8597767 -10.462527 0.15869957
104 104 Car 0 0 0 0 0 0 0 1.7156918 2.0332494 4.348709 -0.96672344 0.69517314 0.2986142 -0.026900034
105 2 Car 0 0 0 0 0 0 0 4.2114506 3.5642266 22.330757 -23.169641 0.028450966 3.4099162 0.057299294
105 3 Car 0 0 0 0 0 0 0 2.0417798 2.0583196 5.2795444 -56.089336 -0.867797 -4.2185445 0.11414804
105 102 Car 0 0 0 0 0 0 0 1.7348791 2.2678452 4.335337 -94.87585 -1.3265017 -10.457664 0.16731589
105 104 Car 0 0 0 0 0 0 0 1.7155335 2.0332413 4.3483267 -0.9707422 1.0956888 0.29796088 -0.027951827
106 2 Car 0 0 0 0 0 0 0 4.2114506 3.5642264 22.330757 -23.026638 0.028450966 3.4139094 0.05702147
106 3 Car 0 0 0 0 0 0 0 2.0417798 2.0583198 5.2795415 -56.14061 -0.9653798 -4.1823406 0.115179256
106 102 Car 0 0 0 0 0 0 0 1.7348379 2.2678416 4.3352466 -94.993835 -1.3216008 -10.460872 0.17573735
106 104 Car 0 0 0 0 0 0 0 1.7154927 2.0332174 4.3482776 -0.96922874 1.239114 0.26871336 -0.029169397
107 2 Car 0 0 0 0 0 0 0 4.2114506 3.5642262 22.330757 -22.883633 0.028450966 3.417903 0.056743663
107 3 Car 0 0 0 0 0 0 0 2.0417798 2.0583196 5.2795424 -56.151497 -0.96342576 -4.159022 0.11621043
107 102 Car 0 0 0 0 0 0 0 1.7348943 2.2677917 4.335483 -95.56192 -1.1830031 -10.535935 0.17185256
107 104 Car 0 0 0 0 0 0 0 1.7155482 2.0331464 4.3485703 -1.4806671 1.1503049 0.23056352 -0.029580347
108 2 Car 0 0 0 0 0 0 0 4.2114506 3.5642266 22.33076 -22.740627 0.028450966 3.4218967 0.05646583
108 3 Car 0 0 0 0 0 0 0 2.0417798 2.0583196 5.2795453 -56.162384 -0.9614717 -4.1357036 0.11724152
108 102 Car 0 0 0 0 0 0 0 1.7348461 2.267505 4.335908 -95.09896 -0.95531 -10.457684 0.16683766
108 104 Car 0 0 0 0 0 0 0 1.7155008 2.032876 4.349024 -0.938056 0.40131614 0.24374294 -0.031093877
109 2 Car 0 0 0 0 0 0 0 4.2114506 3.5642262 22.330757 -22.597624 0.028450966 3.42589 0.05618801
109 3 Car 0 0 0 0 0 0 0 2.0417798 2.0583196 5.279544 -56.17327 -0.9595176 -4.1123853 0.11827276
109 102 Car 0 0 0 0 0 0 0 1.7348627 2.2674334 4.336087 -95.12532 -0.62484246 -10.38695 0.16696583
109 104 Car 0 0 0 0 0 0 0 1.715517 2.0328395 4.3491426 -0.92531013 0.14612585 0.22877258 -0.03186228
110 2 Car 0 0 0 0 0 0 0 4.2114506 3.5642262 22.330757 -22.454618 0.028450966 3.4298835 0.055910192
110 3 Car 0 0 0 0 0 0 0 2.0417798 2.0583198 5.2795444 -56.18416 -0.9575635 -4.0890665 0.11930392
110 102 Car 0 0 0 0 0 0 0 1.7350628 2.267623 4.336218 -95.27208 -0.18864918 -10.34498 0.16486102
110 104 Car 0 0 0 0 0 0 0 1.715715 2.0330722 4.349143 -0.91100025 -0.6204983 0.15684515 -0.033801638
111 2 Car 0 0 0 0 0 0 0 4.2114506 3.5642264 22.330757 -22.311615 0.028450966 3.4338768 0.055632375
111 3 Car 0 0 0 0 0 0 0 2.0417798 2.0583196 5.279543 -56.195045 -0.9556095 -4.0657477 0.12033513
111 102 Car 0 0 0 0 0 0 0 1.735168 2.267763 4.336215 -95.30298 -0.0447201 -10.235575 0.16298914
111 104 Car 0 0 0 0 0 0 0 1.7158191 2.0331926 4.349148 -0.9084902 -1.2253908 0.10659236 -0.035503514
112 2 Car 0 0 0 0 0 0 0 4.2114506 3.5642262 22.330757 -22.211819 0.028450966 3.403212 0.058904864
112 3 Car 0 0 0 0 0 0 0 2.0417798 2.058319 5.279543 -56.205933 -0.9536554 -4.0424294 0.12136631
112 102 Car 0 0 0 0 0 0 0 1.7351689 2.2678158 4.3361197 -95.39603 -0.31810895 -10.299425 0.16264617
112 104 Car 0 0 0 0 0 0 0 1.7158201 2.0332162 4.3491087 -0.90482426 -0.45605722 0.12353808 -0.03567081
113 2 Car 0 0 0 0 0 0 0 4.2114506 3.5642266 22.330757 -22.112026 0.028450966 3.3725471 0.062177353
113 3 Car 0 0 0 0 0 0 0 2.0417798 2.0583196 5.279545 -56.21682 -0.95170146 -4.0191107 0.122397415
113 102 Car 0 0 0 0 0 0 0 1.7351062 2.2678275 4.3359375 -95.46625 -0.5876975 -10.308641 0.16189915
113 104 Car 0 0 0 0 0 0 0 1.715758 2.0332193 4.348935 -0.92115116 0.08543968 0.112796545 -0.03624459
114 2 Car 0 0 0 0 0 0 0 4.2114506 3.5642262 22.330755 -22.012232 0.028450966 3.3418822 0.06544985
114 3 Car 0 0 0 0 0 0 0 2.0417798 2.0583196 5.279541 -56.225437 -0.9497474 -4.0160427 0.12342868
114 102 Car 0 0 0 0 0 0 0 1.7351277 2.267831 4.3359838 -95.43706 -0.6024963 -10.236424 0.16162047
114 104 Car 0 0 0 0 0 0 0 1.7157791 2.033228 4.3489747 -0.86714745 0.15822619 0.124723375 -0.036339574
115 2 Car 0 0 0 0 0 0 0 4.2114506 3.5642262 22.330755 -21.912437 0.028450966 3.3112173 0.068722345
115 3 Car 0 0 0 0 0 0 0 2.0417798 2.0583196 5.279543 -56.235313 -0.94779336 -4.002761 0.12445983
115 102 Car 0 0 0 0 0 0 0 1.7351303 2.2678378 4.335982 -95.4586 -0.676925 -10.275017 0.16273771
115 104 Car 0 0 0 0 0 0 0 1.7157819 2.0332365 4.34897 -0.83861065 0.2413046 0.2111668 -0.03504088
116 2 Car 0 0 0 0 0 0 0 4.2114506 3.5642262 22.330757 -21.812645 0.028450966 3.2805529 0.07199483
116 3 Car 0 0 0 0 0 0 0 2.0417798 2.058319 5.279542 -56.245193 -0.9458393 -3.989479 0.125491
116 102 Car 0 0 0 0 0 0 0 1.735106 2.2678206 4.335943 -95.64673 -0.6670533 -10.325828 0.16405444
116 104 Car 0 0 0 0 0 0 0 1.7157577 2.0332124 4.3489494 -0.8211012 0.46517092 0.19670099 -0.033524156
117 2 Car 0 0 0 0 0 0 0 4.2114506 3.5642264 22.330757 -21.712849 0.028450966 3.249888 0.075267315
117 3 Car 0 0 0 0 0 0 0 2.0417798 2.058319 5.2795434 -56.263046 -0.9438852 -4.0043077 0.12652212
117 102 Car 0 0 0 0 0 0 0 1.7350242 2.2677722 4.335841 -96.21466 -0.72519994 -10.417147 0.1660395
117 104 Car 0 0 0 0 0 0 0 1.7156769 2.0331447 4.3488913 -1.3361187 0.7320911 0.14599061 -0.031337973
118 2 Car 0 0 0 0 0 0 0 4.2114506 3.5642262 22.330757 -21.613056 0.028450966 3.219223 0.078539826
118 3 Car 0 0 0 0 0 0 0 2.0417798 2.0583196 5.279543 -56.280895 -0.9419312 -4.0191364 0.12755331
118 102 Car 0 0 0 0 0 0 0 1.7348734 2.267603 4.3357897 -95.72847 -0.71850663 -10.352999 0.16695076
118 104 Car 0 0 0 0 0 0 0 1.7155279 2.03296 4.3489122 -0.80591774 0.78449905 0.22604096 -0.03021156
119 2 Car 0 0 0 0 0 0 0 4.2114506 3.5642262 22.330757 -21.449558 0.028450966 3.1921058 0.07417649
119 3 Car 0 0 0 0 0 0 0 2.0417798 2.05832 5.279542 -56.298748 -0.9399771 -4.033965 0.12858456
119 102 Car 0 0 0 0 0 0 0 1.7347896 2.267384 4.3359923 -95.76952 -0.48331007 -10.370319 0.16776337
119 104 Car 0 0 0 0 0 0 0 1.715445 2.0327742 4.349091 -0.80434036 0.6155242 0.26714003 -0.02917195
120 2 Car 0 0 0 0 0 0 0 4.2114506 3.5642262 22.330757 -21.28606 0.028450966 3.1649888 0.06981317
120 3 Car 0 0 0 0 0 0 0 2.0417798 2.0583196 5.279543 -56.3166 -0.93802315 -4.048794 0.12961572
120 102 Car 0 0 0 0 0 0 0 1.73491 2.2674952 4.336086 -95.80371 -0.32983705 -10.421038 0.16870731
120 104 Car 0 0 0 0 0 0 0 1.7155638 2.032898 4.3491344 -0.80048656 0.5509995 0.28790385 -0.028036669
121 2 Car 0 0 0 0 0 0 0 4.2114506 3.5642262 22.330757 -21.120075 0.028450966 3.102316 0.052359875
121 3 Car 0 0 0 0 0 0 0 2.0417798 2.0583198 5.2795434 -56.33445 -0.9360691 -4.063622 0.13064684
121 102 Car 0 0 0 0 0 0 0 1.7350754 2.2676854 4.3361397 -95.85009 -0.1992685 -10.394297 0.1680823
121 104 Car 0 0 0 0 0 0 0 1.7157274 2.0330873 4.349147 -0.7934084 0.5638787 0.23733449 -0.028478254
122 2 Car 0 0 0 0 0 0 0 4.2114506 3.5642262 22.330757 -20.95911 0.028450966 3.1107516 0.05235987
122 3 Car 0 0 0 0 0 0 0 2.0417798 2.0583193 5.2795424 -56.352295 -0.93411505 -4.0784507 0.13167803
122 102 Car 0 0 0 0 0 0 0 1.7351656 2.2678084 4.3361197 -95.907646 -0.21729451 -10.342597 0.16693677
122 104 Car 0 0 0 0 0 0 0 1.7158166 2.0332088 4.3491096 -0.79369545 0.60123336 0.1620146 -0.029437378
123 2 Car 0 0 0 0 0 0 0 4.2114506 3.5642262 22.330757 -20.798054 0.028450966 3.1191926 0.05235987
123 3 Car 0 0 0 0 0 0 0 2.0417798 2.0583198 5.279543 -56.37015 -0.932161 -4.0932794 0.13270925
123 102 Car 0 0 0 0 0 0 0 1.7351793 2.2678406 4.3360944 -95.96893 -0.26027185 -10.367344 0.16619112
123 104 Car 0 0 0 0 0 0 0 1.7158303 2.0332444 4.3490624 -0.81982994 0.85395837 0.13034922 -0.029988423
124 2 Car 0 0 0 0 0 0 0 4.2114506 3.5642262 22.330757 -20.636997 0.028450966 3.127633 0.05235988
124 3 Car 0 0 0 0 0 0 0 2.0417798 2.0583198 5.279543 -56.388004 -0.9302069 -4.108108 0.13374041
124 102 Car 0 0 0 0 0 0 0 1.7351574 2.2678404 4.33604 -96.03595 -0.30785146 -10.371056 0.16546275
124 104 Car 0 0 0 0 0 0 0 1.7158086 2.0332422 4.34902 -0.8506727 0.89186525 0.12106264 -0.030519657
125 2 Car 0 0 0 0 0 0 0 4.2114506 3.5642262 22.330757 -20.47594 0.028450966 3.1360736 0.05235988
125 3 Car 0 0 0 0 0 0 0 2.0417798 2.0583196 5.279543 -56.405853 -0.9282528 -4.1229367 0.13477156
125 102 Car 0 0 0 0 0 0 0 1.7351599 2.2678173 4.3360863 -96.086845 -0.2366585 -10.403132 0.16495703
125 104 Car 0 0 0 0 0 0 0 1.7158113 2.0332167 4.349077 -0.8677273 0.76735884 0.09322864 -0.030821372
126 2 Car 0 0 0 0 0 0 0 4.2114506 3.5642262 22.33076 -20.314884 0.028450966 3.1445146 0.05235986
126 3 Car 0 0 0 0 0 0 0 2.0417798 2.0583196 5.279543 -56.30744 -0.9262988 -4.1220016 0.13580273
126 102 Car 0 0 0 0 0 0 0 1.7351477 2.2677803 4.3361306 -96.231186 -0.17487705 -10.508385 0.16427287
126 104 Car 0 0 0 0 0 0 0 1.7157991 2.0331807 4.349127 -0.8921795 0.6592066 0.061233103 -0.031300765
127 2 Car 0 0 0 0 0 0 0 4.2114506 3.5642262 22.33076 -20.153828 0.028450966 3.1529548 0.05235986
127 3 Car 0 0 0 0 0 0 0 2.0417798 2.05832 5.279543 -56.35649 -0.9243447 -4.157093 0.13683397
127 102 Car 0 0 0 0 0 0 0 1.7351547 2.2677834 4.3361473 -97.5715 -0.0790164 -10.813699 0.16588596
127 104 Car 0 0 0 0 0 0 0 1.7158062 2.033184 4.3491335 -2.225318 0.6300496 -0.02097243 -0.029487975
128 2 Car 0 0 0 0 0 0 0 4.2114506 3.5642262 22.33076 -19.992771 0.028450966 3.1613955 0.05235987
128 3 Car 0 0 0 0 0 0 0 2.0417798 2.058319 5.2795405 -56.40554 -0.92239076 -4.1921844 0.13786516
128 102 Car 0 0 0 0 0 0 0 1.735181 2.2678218 4.336136 -96.33635 -0.02936773 -10.592873 0.16278341
128 104 Car 0 0 0 0 0 0 0 1.7158321 2.033225 4.349118 -0.89675903 0.6338005 0.024976313 -0.032395646
129 2 Car 0 0 0 0 0 0 0 4.2114506 3.5642262 22.330755 -19.831715 0.028450966 3.169836 0.05235988
129 3 Car 0 0 0 0 0 0 0 2.0417798 2.05832 5.279544 -56.45459 -0.9204367 -4.2272763 0.13889624
129 102 Car 0 0 0 0 0 0 0 1.735199 2.2678397 4.336144 -96.39402 0.07718034 -10.587668 0.16151965
129 104 Car 0 0 0 0 0 0 0 1.7158496 2.0332453 4.3491144 -0.8801975 0.6403102 0.03017199 -0.033461757
130 2 Car 0 0 0 0 0 0 0 4.2114506 3.5642262 22.330755 -19.670658 0.028450966 3.1782768 0.05235987
130 3 Car 0 0 0 0 0 0 0 2.0417798 2.05832 5.2795434 -56.50364 -0.91848266 -4.262368 0.13992746
130 102 Car 0 0 0 0 0 0 0 1.7352133 2.2678413 4.336178 -96.46186 0.22383678 -10.586933 0.16049193
130 104 Car 0 0 0 0 0 0 0 1.7158637 2.0332518 4.349137 -0.87568855 0.5741557 0.053138852 -0.034289286
131 2 Car 0 0 0 0 0 0 0 4.2114506 3.5642262 22.330755 -19.509602 0.028450966 3.1867175 0.05235987
131 3 Car 0 0 0 0 0 0 0 2.0417798 2.0583196 5.2795424 -56.52098 -0.9165286 -4.2919097 0.14095864
131 102 Car 0 0 0 0 0 0 0 1.7352126 2.2678428 4.336173 -96.51275 0.28293473 -10.613128 0.15978946
131 104 Car 0 0 0 0 0 0 0 1.7158633 2.033253 4.3491364 -0.85839844 0.56534564 0.08011341 -0.03479262
132 2 Car 0 0 0 0 0 0 0 4.2114506 3.5642262 22.330757 -19.398102 0.028450966 3.192561 0.052359864
132 3 Car 0 0 0 0 0 0 0 2.0417798 2.0583196 5.2795415 -56.538322 -0.9145745 -4.321451 0.14198989
132 102 Car 0 0 0 0 0 0 0 1.7352076 2.2678428 4.3361673 -96.55604 0.34014168 -10.69474 0.15969266
132 104 Car 0 0 0 0 0 0 0 1.7158585 2.0332508 4.34913 -0.8398466 0.5746249 0.1095947 -0.034690093
133 2 Car 0 0 0 0 0 0 0 4.2114506 3.5642262 22.330755 -19.286598 0.028450966 3.1984046 0.05235988
133 3 Car 0 0 0 0 0 0 0 2.0417798 2.0583193 5.279542 -56.555664 -0.9126205 -4.350992 0.14302102
133 102 Car 0 0 0 0 0 0 0 1.7351953 2.2678418 4.336137 -96.603546 0.16991884 -10.737728 0.15938887
133 104 Car 0 0 0 0 0 0 0 1.7158461 2.0332532 4.349091 -0.8262005 0.66317225 0.14747858 -0.034796435
134 2 Car 0 0 0 0 0 0 0 4.2114506 3.5642262 22.330757 -19.162708 0.028450966 3.2048974 0.052359864
134 3 Car 0 0 0 0 0 0 0 2.0417798 2.0583196 5.2795424 -56.573006 -0.9106664 -4.3805337 0.14405212
134 102 Car 0 0 0 0 0 0 0 1.735203 2.2678423 4.3361573 -96.68071 0.20408541 -10.674508 0.17591909
134 104 Car 0 0 0 0 0 0 0 1.7158537 2.0332558 4.34911 -0.8111553 0.6766466 0.17380929 -0.035519533
135 2 Car 0 0 0 0 0 0 0 4.2114506 3.5642262 22.330755 -19.038818 0.028450966 3.21139 0.05235988
135 3 Car 0 0 0 0 0 0 0 2.0417798 2.0583198 5.279543 -56.544647 -0.90871245 -4.369211 0.14508337
135 102 Car 0 0 0 0 0 0 0 1.7352095 2.2678266 4.336201 -96.74051 0.38502228 -10.605528 0.18350732
135 104 Car 0 0 0 0 0 0 0 1.7158604 2.0332465 4.349146 -0.7872143 0.69436944 0.2148689 -0.0364554
136 2 Car 0 0 0 0 0 0 0 4.2114506 3.5642262 22.33076 -18.914928 0.028450966 3.2178826 0.05235987
136 3 Car 0 0 0 0 0 0 0 2.0417798 2.058319 5.279543 -56.51628 -0.90675837 -4.357888 0.1461145
136 102 Car 0 0 0 0 0 0 0 1.7351971 2.2678065 4.3362026 -96.7789 0.56590617 -10.586325 0.191566
136 104 Car 0 0 0 0 0 0 0 1.715848 2.0332317 4.34914 -0.7557316 0.77580917 0.24862611 -0.036922276
137 2 Car 0 0 0 0 0 0 0 4.2114506 3.5642262 22.330757 -18.791039 0.028450966 3.2243755 0.052359868
137 3 Car 0 0 0 0 0 0 0 2.0417798 2.0583196 5.2795415 -56.487923 -0.90480435 -4.3465652 0.14714575
137 102 Car 0 0 0 0 0 0 0 1.7351923 2.2678008 4.3362036 -97.3199 0.58638895 -10.65374 0.200589
137 104 Car 0 0 0 0 0 0 0 1.7158434 2.0332272 4.3491373 -1.2377014 0.8220163 0.2889263 -0.03642615
138 2 Car 0 0 0 0 0 0 0 4.2114506 3.5642262 22.330757 -18.667149 0.028450966 3.2308683 0.05235988
138 3 Car 0 0 0 0 0 0 0 2.0417798 2.0583196 5.279541 -56.459557 -0.9028503 -4.3352427 0.14817694
138 102 Car 0 0 0 0 0 0 0 1.735157 2.2677586 4.336203 -96.818756 0.52596045 -10.545958 0.20825717
138 104 Car 0 0 0 0 0 0 0 1.7158079 2.0331974 4.3491106 -0.75339127 0.9065168 0.28639984 -0.03728174
139 2 Car 0 0 0 0 0 0 0 4.2114506 3.5642262 22.330757 -18.543259 0.028450966 3.2373614 0.052359864
139 3 Car 0 0 0 0 0 0 0 2.0417798 2.0583196 5.279543 -56.431194 -0.9008962 -4.3239202 0.14920804
139 102 Car 0 0 0 0 0 0 0 1.7351335 2.2677245 4.3362117 -96.80332 0.60702217 -10.527202 0.21658853
139 104 Car 0 0 0 0 0 0 0 1.715785 2.0331693 4.3491244 -0.7615404 0.95715797 0.25878072 -0.037473295
140 2 Car 0 0 0 0 0 0 0 4.2114506 3.5642262 22.330757 -18.419373 0.028450966 3.243854 0.052359864
140 3 Car 0 0 0 0 0 0 0 2.0417798 2.0583196 5.2795424 -56.40283 -0.8989421 -4.3125973 0.15023921
140 102 Car 0 0 0 0 0 0 0 1.7351148 2.267716 4.3361816 -96.79104 0.4851172 -10.504472 0.22485548
140 104 Car 0 0 0 0 0 0 0 1.7157665 2.0331726 4.349068 -0.8004465 1.064896 0.25269514 -0.03773565
141 2 Car 0 0 0 0 0 0 0 4.2114506 3.5642262 22.330757 -18.161678 0.028450966 3.257359 0.052359864
141 3 Car 0 0 0 0 0 0 0 2.0417798 2.0583196 5.2795434 -56.374466 -0.8969881 -4.3012743 0.15127037
141 102 Car 0 0 0 0 0 0 0 1.7351183 2.2677503 4.336115 -96.772705 0.28489017 -10.487783 0.23308754
141 104 Car 0 0 0 0 0 0 0 1.71577 2.033207 4.3489904 -0.8339977 1.1732173 0.23712939 -0.038039323
142 2 Car 0 0 0 0 0 0 0 4.2114506 3.5642262 22.330757 -17.903988 0.028450966 3.270864 0.052359864
142 3 Car 0 0 0 0 0 0 0 2.0417798 2.0583196 5.279543 -56.346107 -0.895034 -4.289952 0.15230156
142 102 Car 0 0 0 0 0 0 0 1.7351269 2.2678 4.336046 -96.735245 0.07989767 -10.439487 0.24106824
142 104 Car 0 0 0 0 0 0 0 1.7157786 2.0332437 4.348936 -0.84627056 1.273298 0.22865552 -0.03859572
143 2 Car 0 0 0 0 0 0 0 4.2114506 3.5642262 22.33076 -17.646297 0.028450966 3.284369 0.05235986
143 3 Car 0 0 0 0 0 0 0 2.0417798 2.0583196 5.27954 -56.319508 -0.89308006 -4.2686205 0.15333281
143 102 Car 0 0 0 0 0 0 0 1.7351032 2.2678242 4.335934 -96.6873 -0.051252604 -10.355891 0.24914801
143 104 Car 0 0 0 0 0 0 0 1.7157551 2.0332556 4.3488607 -0.85688305 1.3632774 0.23831856 -0.039052725
144 2 Car 0 0 0 0 0 0 0 4.2114506 3.5642262 22.330755 -17.388607 0.028450966 3.297874 0.05235987
144 3 Car 0 0 0 0 0 0 0 2.0417798 2.05832 5.279543 -56.292915 -0.891126 -4.2472887 0.15436396
144 102 Car 0 0 0 0 0 0 0 1.7351055 2.2678385 4.3359118 -96.6183 -0.081199914 -10.253508 0.25672725
144 104 Car 0 0 0 0 0 0 0 1.7157574 2.0332532 4.3488674 -0.8388319 1.3651521 0.21950668 -0.040002696
145 2 Car 0 0 0 0 0 0 0 4.2114506 3.5642262 22.330757 -17.130917 0.028450966 3.311379 0.05235988
145 3 Car 0 0 0 0 0 0 0 2.0417798 2.0583203 5.2795434 -56.14196 -0.88917196 -4.1672735 0.15539509
145 102 Car 0 0 0 0 0 0 0 1.7351105 2.2678442 4.335922 -96.55948 -0.08582041 -10.129228 0.26397103
145 104 Car 0 0 0 0 0 0 0 1.7157623 2.0332463 4.3488884 -0.8269453 1.3413727 0.19095922 -0.041285627
146 2 Car 0 0 0 0 0 0 0 4.2114506 3.5642262 22.330757 -16.877407 0.028450966 3.3246648 0.052359864
146 3 Car 0 0 0 0 0 0 0 2.0417798 2.0583196 5.2795453 -55.991005 -0.8872179 -4.0872583 0.15642619
146 102 Car 0 0 0 0 0 0 0 1.7351096 2.2678454 4.335923 -96.56877 -0.10639131 -10.042347 0.20131643
146 103 Car 0 0 0 0 0 0 0 1.5358381 1.8804404 3.890985 -97.49913 -0.051826596 -2.4772568 0.16564426
146 104 Car 0 0 0 0 0 0 0 1.7157613 2.0332468 4.348895 -0.79711723 1.3422134 0.13828534 -0.04264974
147 2 Car 0 0 0 0 0 0 0 4.2114506 3.5642262 22.330755 -16.623898 0.028450966 3.3379507 0.05235987
147 3 Car 0 0 0 0 0 0 0 2.0417798 2.05832 5.279542 -55.87104 -0.8852638 -4.0225496 0.1574575
147 104 Car 0 0 0 0 0 0 0 1.7157662 2.0332456 4.3489046 -3.087058 1.382022 0.033483624 -0.040432047
