0 1 Car 0 0 0 0 0 0 0 1.8106833 1.9451917 4.505368 -3.8842344 -1.2719879 3.6503158 0.017453287
0 2 Car 0 0 0 0 0 0 0 1.6883376 2.0884361 4.4588804 16.15468 -1.7134634 3.7015142 -0.026179932
0 3 Car 0 0 0 0 0 0 0 1.6855308 2.159442 4.5860605 -17.622387 -1.1553031 3.9787803 0.0
0 4 Car 0 0 0 0 0 0 0 2.0152442 1.8697642 5.1753426 38.106968 -1.4969958 4.1267905 0.008999355
0 5 Car 0 0 0 0 0 0 0 1.7609282 1.8072144 4.5693183 -10.5098915 -1.2467265 35.173557 -1.649336
0 6 Car 0 0 0 0 0 0 0 1.8958731 1.7796028 4.756105 -36.46146 -1.1685334 10.467426 0.13089958
0 7 Car 0 0 0 0 0 0 0 2.2155313 2.2312424 5.414953 -50.44256 -0.7017938 -0.639711 -0.029746514
0 101 Car 0 0 0 0 0 0 0 1.8335857 2.0551944 4.8362403 -68.95323 -1.9502327 2.9429097 0.019064277
0 105 Car 0 0 0 0 0 0 0 1.7513549 1.873709 4.030507 -82.26102 -2.0440536 -1.063787 -0.007121237
0 108 Car 0 0 0 0 0 0 0 1.6407402 1.8082939 4.2566147 -12.593301 -1.1727475 35.630013 -1.6566405
0 109 Car 0 0 0 0 0 0 0 1.9695817 2.1486104 4.716983 -89.93098 -2.4428983 3.2285933 0.0190643
1 1 Car 0 0 0 0 0 0 0 1.8106831 1.9451921 4.505368 -4.1537523 -1.3016171 3.6157477 0.026179925
1 2 Car 0 0 0 0 0 0 0 1.6883376 2.0884366 4.4588804 15.829874 -1.5663319 3.7080975 0.026179984
1 3 Car 0 0 0 0 0 0 0 1.6855308 2.1594417 4.58606 -17.881136 -1.057334 3.9782667 0.026179928
1 4 Car 0 0 0 0 0 0 0 2.0152442 1.8697643 5.1753407 37.923874 -1.4944834 4.108707 0.00920391
1 5 Car 0 0 0 0 0 0 0 1.7609282 2.080676 4.5693207 -12.174194 -1.241456 35.155163 -1.6493361
1 6 Car 0 0 0 0 0 0 0 1.8958732 1.7796031 4.7561016 -37.12047 -0.74804544 10.618495 0.18325958
1 7 Car 0 0 0 0 0 0 0 2.2155313 2.2312424 5.414954 -50.847412 -0.53172755 -0.70623046 -0.03490658
1 101 Car 0 0 0 0 0 0 0 1.8335408 2.0552716 4.8359375 -69.16544 -2.0131102 2.9731169 0.01811808
1 105 Car 0 0 0 0 0 0 0 1.751312 1.8737733 4.0302677 -82.6209 -2.1658416 -1.0050704 -0.0045781983
1 108 Car 0 0 0 0 0 0 0 1.6407001 1.8082036 4.2567143 -14.224043 -0.91164297 35.517952 -1.6574522
1 109 Car 0 0 0 0 0 0 0 1.9695334 2.1486921 4.716682 -90.190186 -2.4563444 3.300557 0.01811818
2 1 Car 0 0 0 0 0 0 0 1.8106831 1.9451921 4.505368 -4.4739046 -1.3080182 3.5349808 0.026179925
2 2 Car 0 0 0 0 0 0 0 1.6883374 2.0884366 4.4588804 15.225517 -1.5557227 3.63919 -0.026179932
2 3 Car 0 0 0 0 0 0 0 1.6855308 2.1594417 4.58606 -18.109764 -1.0580323 3.9418092 0.026179928
2 4 Car 0 0 0 0 0 0 0 2.0152442 1.8697642 5.1753407 37.740776 -1.4919709 4.090623 0.009408392
2 5 Car 0 0 0 0 0 0 0 1.7609283 1.8072145 4.5693207 -13.794176 -1.2362132 35.179047 -1.7016962
2 6 Car 0 0 0 0 0 0 0 1.8958732 1.7796026 4.7561016 -37.756573 -0.84793663 10.82398 0.18325967
2 7 Car 0 0 0 0 0 0 0 2.2155313 2.2312424 5.4149528 -51.056866 -0.59819347 -0.7192886 -0.052359875
2 101 Car 0 0 0 0 0 0 0 1.8336473 2.0552664 4.836226 -69.38997 -1.9301004 3.0794916 0.01683455
2 105 Car 0 0 0 0 0 0 0 1.7514138 1.8737679 4.0305157 -82.98135 -2.0458815 -0.93834996 -0.0023688285
2 108 Car 0 0 0 0 0 0 0 1.6407957 1.8083055 4.256716 -15.886285 -0.769108 35.461246 -1.711096
2 109 Car 0 0 0 0 0 0 0 1.969648 2.148674 4.7169957 -90.37511 -2.3394377 3.3694348 0.069206975
3 1 Car 0 0 0 0 0 0 0 1.8106833 1.9451921 4.505368 -4.877854 -1.2894875 3.6085544 0.026179925
3 2 Car 0 0 0 0 0 0 0 1.6883376 2.0884364 4.4588804 14.917632 -1.6257898 3.6509972 -0.026179902
3 3 Car 0 0 0 0 0 0 0 1.6855308 2.1594422 4.5860596 -18.337631 -1.0612918 3.9431152 0.02617993
3 4 Car 0 0 0 0 0 0 0 2.0152442 1.8697643 5.1753416 37.557686 -1.4894584 4.0725393 0.009612989
3 5 Car 0 0 0 0 0 0 0 1.7609282 1.8072152 4.569319 -15.41488 -0.9879424 35.245262 -1.7016962
3 6 Car 0 0 0 0 0 0 0 1.8958732 1.7796031 4.7561016 -38.35176 -0.7679366 11.026088 0.18325958
3 7 Car 0 0 0 0 0 0 0 2.2155313 2.2312424 5.414953 -51.21645 -0.44310632 -0.66739774 -0.13089965
3 101 Car 0 0 0 0 0 0 0 1.8336756 2.055282 4.8362665 -69.572014 -1.8519748 3.0367095 0.015876949
3 105 Car 0 0 0 0 0 0 0 1.7514409 1.8737803 4.030548 -83.34697 -2.0670614 -0.8820484 0.00016514008
3 108 Car 0 0 0 0 0 0 0 1.640821 1.8083369 4.2567134 -17.55845 -0.7858445 35.50085 -1.6596491
3 109 Car 0 0 0 0 0 0 0 1.9696782 2.1486888 4.7170343 -90.9409 -2.2927604 3.3428512 0.12062195
4 1 Car 0 0 0 0 0 0 0 1.8106833 1.9451921 4.505368 -5.1479015 -1.258606 3.6259863 0.026179925
4 2 Car 0 0 0 0 0 0 0 1.6883374 2.0884366 4.45888 14.602591 -1.6288129 3.6203156 0.026179988
4 3 Car 0 0 0 0 0 0 0 1.6855308 2.1594415 4.5860605 -18.582773 -1.0604072 3.9478068 0.026179925
4 4 Car 0 0 0 0 0 0 0 2.0152442 1.8697642 5.17534 37.374588 -1.486946 4.054455 0.009817474
4 5 Car 0 0 0 0 0 0 0 1.7609282 1.8072144 4.569319 -17.051918 -1.0456873 35.129795 -1.6493362
4 6 Car 0 0 0 0 0 0 0 1.8958732 1.7796031 4.7561016 -39.03485 -0.6827901 11.284937 0.18325958
4 7 Car 0 0 0 0 0 0 0 2.2155313 2.2312427 5.4149528 -51.05471 -0.35448503 -0.7471719 -0.07853982
4 101 Car 0 0 0 0 0 0 0 1.8337778 2.055284 4.836527 -69.71001 -1.662075 3.046281 0.015563633
4 105 Car 0 0 0 0 0 0 0 1.7515385 1.873781 4.030765 -83.6965 -1.8622673 -0.8497856 0.003344035
4 108 Car 0 0 0 0 0 0 0 1.6409124 1.8084388 4.256708 -19.157566 -0.7900306 35.4461 -1.6599314
4 109 Car 0 0 0 0 0 0 0 1.969788 2.148705 4.7172594 -91.32391 -1.8440051 3.4907086 0.0155636985
5 1 Car 0 0 0 0 0 0 0 1.8106834 1.9451922 4.505368 -5.475314 -1.2708902 3.5995932 0.026179925
5 2 Car 0 0 0 0 0 0 0 1.6883374 2.0884366 4.4588804 14.279326 -1.5857902 3.5888991 0.026179984
5 3 Car 0 0 0 0 0 0 0 1.6855308 2.1594417 4.5860596 -18.840153 -1.0647842 3.9320848 0.02617993
5 4 Car 0 0 0 0 0 0 0 2.0152442 1.8697644 5.175339 37.193436 -1.4825443 4.0901427 0.010022006
5 5 Car 0 0 0 0 0 0 0 1.7609282 1.8072144 4.569319 -18.763962 -0.829314 35.208805 -1.6493362
5 6 Car 0 0 0 0 0 0 0 1.8958732 1.7796031 4.7561016 -39.73016 -0.6793261 11.494417 0.18325958
5 7 Car 0 0 0 0 0 0 0 2.2155313 2.2312427 5.4149528 -51.48117 -0.3987956 -0.7237956 -0.078539826
5 101 Car 0 0 0 0 0 0 0 1.8338296 2.0552788 4.8366804 -69.948044 -1.4954388 3.062069 0.015189767
5 105 Car 0 0 0 0 0 0 0 1.751588 1.8737755 4.030894 -84.042175 -1.6793133 -0.8326293 0.006461745
5 108 Car 0 0 0 0 0 0 0 1.6409588 1.8085049 4.2566805 -20.79674 -0.5998418 35.5168 -1.6602666
5 109 Car 0 0 0 0 0 0 0 1.9698439 2.1486988 4.71741 -91.699066 -1.7194372 3.5229435 0.015189744
6 1 Car 0 0 0 0 0 0 0 1.8106834 1.9451922 4.5053678 -5.822004 -1.2846633 3.5762382 0.026179926
6 2 Car 0 0 0 0 0 0 0 1.6883376 2.0884364 4.45888 13.875095 -1.5492388 3.5196412 -0.026179962
6 3 Car 0 0 0 0 0 0 0 1.6855308 2.1594417 4.5860605 -19.1022 -1.0706047 3.9133127 0.026179925
6 4 Car 0 0 0 0 0 0 0 2.0152442 1.8697646 5.1753407 37.012283 -1.4781426 4.1258307 0.01022651
6 5 Car 0 0 0 0 0 0 0 1.7609282 1.8072144 4.5693226 -20.396961 -0.8604641 35.165012 -1.6493357
6 6 Car 0 0 0 0 0 0 0 1.8958732 1.779603 4.7561026 -40.443512 -0.9479366 11.715239 0.23561953
6 7 Car 0 0 0 0 0 0 0 2.2155313 2.2312424 5.4149513 -51.702297 -0.53172755 -0.43677425 -0.13962638
6 101 Car 0 0 0 0 0 0 0 1.8336926 2.0552812 4.8363056 -70.1194 -1.7277311 3.0720997 0.014290106
6 105 Car 0 0 0 0 0 0 0 1.751457 1.8737768 4.0305986 -84.340225 -1.8744372 -0.7970593 -0.011895956
6 108 Car 0 0 0 0 0 0 0 1.640836 1.808367 4.2566853 -22.519016 -0.70367885 35.451767 -1.6611676
6 109 Car 0 0 0 0 0 0 0 1.9696964 2.1487024 4.7170496 -91.73059 -2.4079492 3.5789995 0.0142901605
7 1 Car 0 0 0 0 0 0 0 1.8106831 1.9451923 4.5053678 -6.1382227 -1.2541217 3.5676732 0.02617998
7 2 Car 0 0 0 0 0 0 0 1.6883373 2.0884366 4.4588804 13.494031 -1.4982101 3.4865017 -0.026179984
7 3 Car 0 0 0 0 0 0 0 1.6855308 2.1594417 4.5860596 -19.36082 -1.074749 3.9090986 0.02617993
7 4 Car 0 0 0 0 0 0 0 2.0152442 1.8697641 5.1753397 36.83113 -1.4737409 4.161518 0.010431066
7 5 Car 0 0 0 0 0 0 0 1.7609282 1.8072144 4.5693226 -22.05883 -0.8804641 35.101162 -1.6493362
7 6 Car 0 0 0 0 0 0 0 1.8958732 1.779603 4.7561026 -41.201664 -0.9479366 11.969296 0.23561934
7 7 Car 0 0 0 0 0 0 0 2.2155313 2.2312424 5.4149513 -51.87046 -0.59819347 -0.77451247 0.0
7 101 Car 0 0 0 0 0 0 0 1.833595 2.055284 4.8360505 -70.32979 -1.8451946 3.0676184 0.013509497
7 105 Car 0 0 0 0 0 0 0 1.7513638 1.8737804 4.0303736 -84.72403 -2.0756683 -0.75746685 -0.019661376
7 108 Car 0 0 0 0 0 0 0 1.6407487 1.8082626 4.2567053 -24.253143 -0.7376719 35.283504 -1.6619803
7 109 Car 0 0 0 0 0 0 0 1.9695916 2.148704 4.7167926 -92.40997 -2.5816314 3.6159048 0.013509488
8 1 Car 0 0 0 0 0 0 0 1.8106833 1.9451923 4.505368 -6.477618 -1.2637286 3.5662384 0.026179977
8 2 Car 0 0 0 0 0 0 0 1.6883376 2.0884364 4.45888 13.107754 -1.5504417 3.4369183 -0.07853982
8 3 Car 0 0 0 0 0 0 0 1.6855308 2.1594415 4.5860596 -19.63356 -1.0752611 3.9742925 0.02617993
8 4 Car 0 0 0 0 0 0 0 2.0152442 1.8697644 5.1753416 36.64998 -1.4693393 4.197206 0.010635593
8 5 Car 0 0 0 0 0 0 0 1.7609282 1.8072147 4.569319 -23.709679 -0.8804641 35.054462 -1.7016957
8 6 Car 0 0 0 0 0 0 0 2.295968 1.7796026 4.756103 -41.92888 -0.4494133 12.230856 0.2879793
8 7 Car 0 0 0 0 0 0 0 2.2155313 2.2312424 5.414952 -52.025787 -0.4485969 -0.88743097 -0.00872665
8 101 Car 0 0 0 0 0 0 0 1.8335832 2.055285 4.8360147 -70.129 -1.8172319 3.1186152 0.012761421
8 105 Car 0 0 0 0 0 0 0 1.7513529 1.8737807 4.0303473 -84.76297 -2.101862 -0.71139383 -0.02739306
8 108 Car 0 0 0 0 0 0 0 1.6407382 1.8082504 4.2567034 -25.599684 -0.7761435 35.335613 -1.6627198
8 109 Car 0 0 0 0 0 0 0 1.9695792 2.1487055 4.716761 -92.43193 -2.5512698 3.6213977 0.012761491
9 1 Car 0 0 0 0 0 0 0 1.8106833 1.9451921 4.505368 -6.839072 -1.2775689 3.5520544 0.026179923
9 2 Car 0 0 0 0 0 0 0 1.6883376 2.0884361 4.4588804 12.816629 -1.5369534 3.4462807 -0.026179932
9 3 Car 0 0 0 0 0 0 0 1.6855309 2.1594422 4.5860596 -19.910946 -1.0799176 3.8487473 0.02617993
9 4 Car 0 0 0 0 0 0 0 2.0152442 1.8697643 5.1753416 36.429817 -1.4951662 4.25251 0.010840125
9 5 Car 0 0 0 0 0 0 0 1.7609282 1.8072144 4.569319 -25.397583 -0.8804641 35.036396 -1.6493362
9 6 Car 0 0 0 0 0 0 0 1.8958732 1.7796026 4.756103 -42.696266 -0.6879366 12.545691 0.2879793
9 7 Car 0 0 0 0 0 0 0 2.2155313 2.2312424 5.4149528 -52.079754 -0.66465944 -0.6849408 0.02617995
9 101 Car 0 0 0 0 0 0 0 1.833423 2.0552814 4.8355985 -70.60518 -2.1045604 3.0257 0.012380894
9 105 Car 0 0 0 0 0 0 0 1.7511997 1.87378 4.02999 -85.46222 -2.4122963 -0.7199572 -0.034761105
9 108 Car 0 0 0 0 0 0 0 1.640595 1.8080865 4.256708 -27.61623 -0.8530365 35.146507 -1.6631325
9 109 Car 0 0 0 0 0 0 0 1.9694071 2.1487017 4.7163496 -93.107185 -2.8399243 3.5926383 0.012380911
10 1 Car 0 0 0 0 0 0 0 1.8106834 1.9451922 4.505368 -7.2266197 -1.2899442 3.4839 0.026179923
10 2 Car 0 0 0 0 0 0 0 1.6883374 2.0884366 4.4588804 12.496553 -1.5625345 3.429658 -0.026179984
10 3 Car 0 0 0 0 0 0 0 1.6855308 2.1594422 4.5860596 -20.194605 -1.0892304 3.8967378 0.02617993
10 4 Car 0 0 0 0 0 0 0 2.0152442 1.8697646 5.1753397 36.209656 -1.5209931 4.3078146 0.011044684
10 5 Car 0 0 0 0 0 0 0 1.7609282 1.8072144 4.569319 -27.122993 -1.0957233 34.945114 -1.6493362
10 6 Car 0 0 0 0 0 0 0 1.8958732 1.7796026 4.756103 -43.511925 -0.9279366 12.812868 0.2879793
10 7 Car 0 0 0 0 0 0 0 2.2155313 2.2312424 5.4149528 -52.302025 -0.75328064 -0.6608411 0.026179949
10 101 Car 0 0 0 0 0 0 0 1.8332496 2.055281 4.835145 -70.78003 -2.3273559 3.057488 0.012029288
10 105 Car 0 0 0 0 0 0 0 1.751034 1.8737814 4.0296082 -85.8508 -2.7455747 -0.72026336 -0.036863364
10 108 Car 0 0 0 0 0 0 0 1.6404397 1.8079191 4.256712 -29.255116 -1.0275975 35.211823 -1.6634911
10 109 Car 0 0 0 0 0 0 0 1.9692209 2.1487021 4.71591 -93.440475 -3.1489723 3.5765877 0.012029284
11 1 Car 0 0 0 0 0 0 0 1.8106833 1.945192 4.5053678 -7.5680847 -1.2491714 3.4807575 0.02617998
11 2 Car 0 0 0 0 0 0 0 1.6883373 2.0884366 4.4588804 12.194845 -1.5689355 3.3904371 -0.026179932
11 3 Car 0 0 0 0 0 0 0 1.6855307 2.1594415 4.5860605 -20.479334 -1.081687 3.9000387 0.026179925
11 4 Car 0 0 0 0 0 0 0 2.0152442 1.8697641 5.17534 35.989544 -1.552131 4.3630996 0.01124917
11 5 Car 0 0 0 0 0 0 0 1.7609282 1.8072144 4.569319 -28.800655 -0.8806286 35.009445 -1.6493362
11 6 Car 0 0 0 0 0 0 0 1.8958732 1.7796032 4.7561026 -44.28051 -0.4279366 13.127546 0.34033936
11 7 Car 0 0 0 0 0 0 0 2.2155313 2.2312424 5.414954 -52.52172 -0.34021488 -0.6846296 0.03490658
11 101 Car 0 0 0 0 0 0 0 1.8333116 2.0552785 4.83531 -70.9191 -2.2470658 3.020636 0.011682052
11 105 Car 0 0 0 0 0 0 0 1.7510931 1.8737801 4.0297446 -86.21995 -2.7066407 -0.7413031 -0.038954973
11 108 Car 0 0 0 0 0 0 0 1.6404951 1.8079785 4.256713 -30.997618 -1.0241792 35.06968 -1.6638514
11 109 Car 0 0 0 0 0 0 0 1.9692872 2.1487033 4.716062 -93.76865 -3.2964196 3.5417948 -0.040701058
12 1 Car 0 0 0 0 0 0 0 1.8106834 1.9451922 4.5053678 -7.940688 -1.263969 3.46752 0.026179928
12 2 Car 0 0 0 0 0 0 0 1.6883376 2.0884361 4.4588804 11.85412 -1.5819831 3.4213395 0.026179932
12 3 Car 0 0 0 0 0 0 0 1.6855308 2.1594417 4.5860605 -20.782932 -1.0898824 3.835761 0.026179925
12 4 Car 0 0 0 0 0 0 0 2.0152442 1.8697641 5.1753407 35.769432 -1.583269 4.418385 0.011453724
12 5 Car 0 0 0 0 0 0 0 1.7609282 1.8072147 4.5693226 -30.52763 -0.9514837 34.960308 -1.701696
12 6 Car 0 0 0 0 0 0 0 1.8958732 1.7796032 4.7561026 -45.150986 -0.7679366 13.497761 0.34033936
12 7 Car 0 0 0 0 0 0 0 2.2155313 2.2312424 5.4149528 -52.650665 -0.18287261 -0.71489626 -0.026179949
12 101 Car 0 0 0 0 0 0 0 1.8333642 2.0552845 4.835434 -71.059845 -2.1681058 3.0059972 0.011167869
12 105 Car 0 0 0 0 0 0 0 1.7511433 1.8737824 4.0298576 -86.59842 -2.6652076 -0.74975693 -0.04121396
12 108 Car 0 0 0 0 0 0 0 1.640542 1.8080299 4.2567134 -32.750145 -0.9644372 34.96896 -1.6643329
12 109 Car 0 0 0 0 0 0 0 1.9693437 2.1487052 4.716194 -94.12311 -3.417693 3.569563 0.011167856
13 1 Car 0 0 0 0 0 0 0 1.8106833 1.9451921 4.5053678 -8.367994 -1.3308142 3.427968 0.026179928
13 2 Car 0 0 0 0 0 0 0 1.6883374 2.0884366 4.4588804 11.548866 -1.5676565 3.4157195 0.026179932
13 3 Car 0 0 0 0 0 0 0 1.6855309 2.1594422 4.5860605 -21.119875 -1.2115698 3.8088872 0.026179925
13 4 Car 0 0 0 0 0 0 0 2.0152442 1.8697643 5.1753416 35.54932 -1.614407 4.47367 0.011658256
13 5 Car 0 0 0 0 0 0 0 1.7609282 1.8072147 4.569319 -32.1955 -1.1036371 34.980576 -1.7016962
13 6 Car 0 0 0 0 0 0 0 1.8958732 1.7796032 4.7561026 -45.98333 -0.8421427 13.8069935 0.34033936
13 7 Car 0 0 0 0 0 0 0 2.2155313 2.2312424 5.414951 -52.822617 -0.66465944 -0.77593285 -0.026179958
13 101 Car 0 0 0 0 0 0 0 1.8332093 2.0552847 4.835031 -71.21445 -2.3327127 2.964918 0.01068824
13 105 Car 0 0 0 0 0 0 0 1.7509954 1.8737755 4.0295415 -86.966995 -2.9249134 -0.7677323 -0.04344388
13 108 Car 0 0 0 0 0 0 0 1.6404036 1.8078935 4.2566814 -34.5073 -1.0034256 34.991318 -1.6647465
13 109 Car 0 0 0 0 0 0 0 1.9691772 2.1487055 4.7158003 -94.444595 -3.3978305 3.525052 0.06307445
14 1 Car 0 0 0 0 0 0 0 1.8106833 1.9451923 4.505368 -8.750855 -1.2902132 3.381618 0.026179977
14 2 Car 0 0 0 0 0 0 0 1.6883374 2.0884366 4.4588804 11.187153 -1.6061884 3.36055 -0.026179984
14 3 Car 0 0 0 0 0 0 0 1.6855308 2.1594417 4.5860605 -21.408352 -1.0969135 3.750949 0.026179925
14 4 Car 0 0 0 0 0 0 0 2.0152442 1.8697643 5.1753407 35.329212 -1.6025531 4.5289555 0.011862814
14 5 Car 0 0 0 0 0 0 0 1.7609282 1.8072149 4.569319 -33.92408 -1.0774666 34.984 -1.7016957
14 6 Car 0 0 0 0 0 0 0 1.8958732 1.7796042 4.756103 -46.852165 -0.80760586 14.16832 0.3926991
14 7 Car 0 0 0 0 0 0 0 2.2155313 2.2312424 5.4149528 -53.039757 -0.3987956 -1.0324143 -0.026179949
14 101 Car 0 0 0 0 0 0 0 1.8332207 2.0552635 4.835102 -71.34587 -2.4091597 2.8771782 0.01024602
14 105 Car 0 0 0 0 0 0 0 1.7510065 1.873745 4.029619 -87.33467 -2.9807968 -0.7779895 -0.04563063
14 108 Car 0 0 0 0 0 0 0 1.640414 1.8079367 4.25659 -36.15426 -0.9314255 34.90977 -1.6650854
14 109 Car 0 0 0 0 0 0 0 1.96919 2.1486955 4.7158465 -94.85107 -3.3824701 3.4524937 0.06263124
15 1 Car 0 0 0 0 0 0 0 1.8106833 1.9451923 4.5053678 -9.085848 -1.299706 3.4469 0.02617998
15 2 Car 0 0 0 0 0 0 0 1.6883373 2.0884366 4.4588804 10.831912 -1.6142802 3.4147677 0.026179984
15 3 Car 0 0 0 0 0 0 0 1.6855308 2.1594417 4.5860596 -21.728642 -1.1089736 3.7156894 0.02617993
15 4 Car 0 0 0 0 0 0 0 2.015244 1.8697642 5.1753397 35.1091 -1.5906991 4.5842404 0.012067327
15 5 Car 0 0 0 0 0 0 0 1.7609282 1.807213 4.5693226 -35.624283 -0.90864205 34.866596 -1.701696
15 6 Car 0 0 0 0 0 0 0 1.8958732 1.7796026 4.756103 -47.730953 -0.71323186 14.5201 0.3926991
15 7 Car 0 0 0 0 0 0 0 2.2155313 2.2312424 5.4149528 -53.169643 -0.50957227 -0.737104 0.052359875
15 101 Car 0 0 0 0 0 0 0 1.833323 2.055214 4.835491 -71.46819 -2.2975214 2.8704464 0.009488262
15 105 Car 0 0 0 0 0 0 0 1.7511042 1.8736893 4.029967 -87.626236 -2.80747 -0.77518225 -0.048291896
15 108 Car 0 0 0 0 0 0 0 1.6405056 1.8081027 4.2564507 -37.830032 -0.9979841 34.904156 -1.6657559
15 109 Car 0 0 0 0 0 0 0 1.9692997 2.1486363 4.7162404 -95.15956 -2.871095 3.4526408 0.018218221
16 1 Car 0 0 0 0 0 0 0 1.8106833 1.9451922 4.5053678 -9.453617 -1.2829542 3.3952942 0.026179928
16 2 Car 0 0 0 0 0 0 0 1.6883373 2.0884366 4.4588804 10.574321 -1.5847034 3.3704743 -0.026179932
16 3 Car 0 0 0 0 0 0 0 1.6855307 2.1594417 4.5860596 -22.074245 -1.1017562 3.8240287 0.02617993
16 4 Car 0 0 0 0 0 0 0 2.015244 1.8697643 5.175341 34.88899 -1.5788453 4.639526 0.0122718355
16 5 Car 0 0 0 0 0 0 0 1.7609282 1.8072144 4.569319 -37.29319 -0.6938727 34.975124 -1.6493362
16 6 Car 0 0 0 0 0 0 0 1.8958732 1.7796031 4.756104 -48.643845 -0.7181139 14.902743 0.44505885
16 7 Car 0 0 0 0 0 0 0 2.2155313 2.2312424 5.414952 -53.231018 -0.55388284 -0.84567046 -0.01745328
16 101 Car 0 0 0 0 0 0 0 1.8334768 2.0551195 4.836123 -71.26973 -1.978812 2.908083 0.008574574
16 105 Car 0 0 0 0 0 0 0 1.7512509 1.8735968 4.0305076 -87.599915 -2.540954 -0.74489045 -0.05110449
16 108 Car 0 0 0 0 0 0 0 1.6406429 1.8083456 4.2562346 -39.24622 -0.9392787 34.862198 -1.6666267
16 109 Car 0 0 0 0 0 0 0 1.9694647 2.148498 4.7169385 -95.07718 -2.5607808 3.5528078 -0.043794755
17 1 Car 0 0 0 0 0 0 0 1.8106831 1.945192 4.5053678 -9.868925 -1.3217624 3.363528 0.02617998
17 2 Car 0 0 0 0 0 0 0 1.6883376 2.0884366 4.4588804 10.272098 -1.5621024 3.4183567 0.026179932
17 3 Car 0 0 0 0 0 0 0 1.6855307 2.1594415 4.5860596 -22.396742 -1.2339087 3.6581383 -0.02617993
17 4 Car 0 0 0 0 0 0 0 2.0152445 1.8697643 5.175341 34.668877 -1.5669913 4.694811 0.012476349
17 5 Car 0 0 0 0 0 0 0 1.7609282 1.8072144 4.5693226 -39.053566 -0.94166064 34.86796 -1.6493362
17 6 Car 0 0 0 0 0 0 0 1.8958733 1.7796016 4.7561035 -49.47736 -0.64793664 15.316103 0.44505885
17 7 Car 0 0 0 0 0 0 0 2.2155313 2.2312427 5.4149528 -53.50177 -0.64250416 -0.911932 -0.07853982
17 101 Car 0 0 0 0 0 0 0 1.8334938 2.054954 4.8365607 -71.764626 -1.8156435 2.879763 0.007359204
17 105 Car 0 0 0 0 0 0 0 1.7512674 1.8734396 4.030883 -88.2703 -2.347504 -0.7121786 -0.05421839
17 108 Car 0 0 0 0 0 0 0 1.6406583 1.8085132 4.255879 -41.280304 -0.9510876 34.88835 -1.6678121
17 109 Car 0 0 0 0 0 0 0 1.969483 2.1483588 4.7172832 -95.73845 -2.376313 3.5647216 0.0073592886
18 1 Car 0 0 0 0 0 0 0 1.8106833 1.945192 4.505368 -10.260416 -1.3111529 3.3064907 0.026179979
18 2 Car 0 0 0 0 0 0 0 1.6883374 2.0884364 4.4588804 9.971366 -1.5163422 3.4483285 0.026179956
18 3 Car 0 0 0 0 0 0 0 1.6855307 2.1594415 4.5860596 -22.744204 -1.2413783 3.6326766 0.02617993
18 4 Car 0 0 0 0 0 0 0 2.0152445 1.8697643 5.175341 34.44877 -1.5551375 4.7500963 0.012680953
18 5 Car 0 0 0 0 0 0 0 1.7609282 1.8072144 4.569319 -40.872437 -0.6484025 34.856045 -1.6493362
18 6 Car 0 0 0 0 0 0 0 1.8958732 1.7796042 4.756103 -50.444946 -0.80793655 15.746473 0.4974188
18 7 Car 0 0 0 0 0 0 0 2.2155313 2.2312424 5.414951 -53.689674 -1.4185869 -0.8373256 -0.07853984
18 101 Car 0 0 0 0 0 0 0 1.8333557 2.0547853 4.836592 -71.928696 -1.7304182 2.835495 0.006232769
18 105 Car 0 0 0 0 0 0 0 1.7511352 1.8732772 4.0309315 -88.59346 -2.284903 -0.6620617 -0.057247803
18 108 Car 0 0 0 0 0 0 0 1.6405346 1.8085392 4.255502 -42.959846 -0.83673656 34.83303 -1.6688771
18 109 Car 0 0 0 0 0 0 0 1.9693346 2.148279 4.7171144 -95.98891 -2.1214433 3.4969494 0.110950425
19 1 Car 0 0 0 0 0 0 0 1.8106833 1.9451921 4.505368 -10.610323 -1.3024979 3.3234618 0.026179925
19 2 Car 0 0 0 0 0 0 0 1.6883374 2.0884366 4.4588804 9.666938 -1.4876024 3.4449859 0.026179984
19 3 Car 0 0 0 0 0 0 0 1.6855307 2.1594422 4.5860596 -23.099085 -1.249197 3.6235437 0.02617993
19 4 Car 0 0 0 0 0 0 0 2.0152442 1.8697646 5.175341 34.215816 -1.5594056 4.811817 0.012885444
19 5 Car 0 0 0 0 0 0 0 1.7609282 1.807214 4.56932 -42.353638 -0.8241933 34.671993 -1.8064157
19 6 Car 0 0 0 0 0 0 0 1.895801 1.7795502 4.7560616 -51.439407 -0.92793655 16.1778 0.49740273
19 7 Car 0 0 0 0 0 0 0 2.2155313 2.2312422 5.4149547 -53.598568 -1.0861874 -1.0826557 0.06981314
19 101 Car 0 0 0 0 0 0 0 1.8331808 2.054596 4.8365703 -72.04518 -1.5774002 2.8666031 0.0054662717
19 105 Car 0 0 0 0 0 0 0 1.7509685 1.8730943 4.0309343 -88.8949 -2.2283008 -0.6179808 -0.059916988
19 108 Car 0 0 0 0 0 0 0 1.6403779 1.8085432 4.2550793 -44.73066 -0.85704523 34.828022 -1.6695755
19 109 Car 0 0 0 0 0 0 0 1.9691467 2.1480412 4.717178 -96.37964 -2.0698543 3.5955796 0.057819646
20 1 Car 0 0 0 0 0 0 0 1.8106834 1.9451922 4.505368 -11.008339 -1.3147826 3.3187065 0.026179925
20 2 Car 0 0 0 0 0 0 0 1.6883374 2.0884366 4.4588804 9.39204 -1.4540678 3.472086 0.026179988
20 3 Car 0 0 0 0 0 0 0 1.6855307 2.1594417 4.5860596 -23.470268 -1.2551308 3.6284928 0.02617993
20 4 Car 0 0 0 0 0 0 0 2.015244 1.8697644 5.1753416 33.982872 -1.5636734 4.8735375 0.013089979
20 5 Car 0 0 0 0 0 0 0 1.7609282 1.807213 4.569319 -44.23905 -0.8604641 34.88629 -1.7016962
20 6 Car 0 0 0 0 0 0 0 1.8958732 1.7796026 4.7561016 -52.186737 -0.87593544 16.715458 0.514804
20 7 Car 0 0 0 0 0 0 0 2.2155313 2.2312424 5.4149504 -53.95861 -0.93291354 -1.0414567 0.034906603
20 101 Car 0 0 0 0 0 0 0 1.8329723 2.0544167 4.8364577 -72.19173 -1.7088633 2.8445003 0.0056783757
20 105 Car 0 0 0 0 0 0 0 1.7507691 1.8729173 4.0308676 -89.20455 -2.3289883 -0.6074009 -0.061608713
20 108 Car 0 0 0 0 0 0 0 1.6401916 1.8084648 4.2547894 -46.538605 -0.805489 34.819828 -1.6168978
20 109 Car 0 0 0 0 0 0 0 1.9689229 2.1477978 4.717193 -96.66198 -2.2280614 3.646153 0.005678451
21 1 Car 0 0 0 0 0 0 0 1.8106833 1.9451922 4.505368 -11.391023 -1.3014383 3.2759802 0.026179925
21 2 Car 0 0 0 0 0 0 0 1.6883373 2.0884361 4.4588804 9.100406 -1.4315548 3.4094453 0.0785398
21 3 Car 0 0 0 0 0 0 0 1.6855309 2.1594417 4.5860596 -23.839262 -1.2589704 3.6614895 -0.02617993
21 4 Car 0 0 0 0 0 0 0 2.0152442 1.8697643 5.175339 33.749924 -1.5679415 4.935258 0.0132945
21 5 Car 0 0 0 0 0 0 0 1.7609282 1.8072149 4.5693226 -45.93121 -0.81002283 34.95296 -1.7016957
21 6 Car 0 0 0 0 0 0 0 1.8958732 1.7796031 4.7561026 -53.1086 -0.85393435 17.315212 0.5321891
21 7 Car 0 0 0 0 0 0 0 2.2155313 2.2312424 5.4149537 -54.046608 -0.7127552 -0.7475195 -0.08726643
21 101 Car 0 0 0 0 0 0 0 1.8326699 2.0542498 4.8360434 -72.323555 -1.9131807 2.932851 0.005851984
21 105 Car 0 0 0 0 0 0 0 1.7504803 1.8727406 4.0305805 -89.50789 -2.6957147 -0.57318974 -0.0633429
21 108 Car 0 0 0 0 0 0 0 1.6399207 1.808327 4.254404 -48.21853 -0.92871827 34.89545 -1.6165491
21 109 Car 0 0 0 0 0 0 0 1.9685979 2.1476233 4.7167897 -96.95119 -2.6613166 3.7038658 0.005851987
22 1 Car 0 0 0 0 0 0 0 1.8106833 1.945192 4.505368 -11.797199 -1.2283272 3.2833138 0.026179979
22 2 Car 0 0 0 0 0 0 0 1.6883373 2.0884364 4.4588804 8.783053 -1.4650012 3.4918017 0.026179956
22 3 Car 0 0 0 0 0 0 0 1.6855308 2.1594417 4.5860596 -24.225674 -1.1287634 3.6799092 -0.02617993
22 4 Car 0 0 0 0 0 0 0 2.0152442 1.8697644 5.175341 33.516975 -1.5722096 4.9969783 0.013499035
22 5 Car 0 0 0 0 0 0 0 1.7609282 1.8072145 4.5693207 -47.655178 -0.19563793 35.01362 -1.6943837
22 6 Car 0 0 0 0 0 0 0 1.8958732 1.7796025 4.7561045 -54.00539 -0.81193316 17.8717 0.5495741
22 7 Car 0 0 0 0 0 0 0 2.2155313 2.2312424 5.4149556 -54.084328 -0.55731934 -0.8268364 -0.017453266
22 101 Car 0 0 0 0 0 0 0 1.8322893 2.0540485 4.8355117 -72.45766 -2.1431758 2.8953505 0.03162506
22 105 Car 0 0 0 0 0 0 0 1.7501168 1.8724799 4.030296 -89.81183 -2.9886062 -0.48713738 -0.06564853
22 108 Car 0 0 0 0 0 0 0 1.6395802 1.8083644 4.253436 -49.76091 -0.8040751 34.89533 -1.7215141
22 109 Car 0 0 0 0 0 0 0 1.9681892 2.147358 4.7163844 -97.2294 -3.1164904 3.8696957 0.005451032
23 1 Car 0 0 0 0 0 0 0 1.8106833 1.9451921 4.505368 -12.213873 -1.1542827 3.237237 0.026179925
23 2 Car 0 0 0 0 0 0 0 1.6883376 2.0884364 4.4588804 8.52957 -1.5136358 3.4529533 0.026179906
23 3 Car 0 0 0 0 0 0 0 1.6855308 2.1594415 4.5860605 -24.601368 -0.99215484 3.642527 -0.026179925
23 4 Car 0 0 0 0 0 0 0 2.0152442 1.8697644 5.175341 33.28403 -1.5764775 5.0586987 0.013703596
23 5 Car 0 0 0 0 0 0 0 1.7609282 1.8072164 4.5693197 -49.379147 0.118747056 35.074272 -1.6870723
23 6 Car 0 0 0 0 0 0 0 1.8958731 1.7796037 4.7561026 -54.881287 -0.28993207 18.394077 0.56695914
23 7 Car 0 0 0 0 0 0 0 2.2155313 2.2312424 5.4149537 -54.12114 -0.53172755 -0.8354064 0.061086517
23 101 Car 0 0 0 0 0 0 0 1.8321683 2.0538445 4.8356824 -72.57085 -2.1553948 3.1037564 0.0047128163
23 102 Car 0 0 0 0 0 0 0 1.8795319 1.7367294 4.3041954 -56.69031 -1.383542 19.0177 0.6856308
23 105 Car 0 0 0 0 0 0 0 1.7500011 1.8723333 4.0303555 -90.105286 -2.9598892 -0.38161883 -0.06828855
23 108 Car 0 0 0 0 0 0 0 1.7667723 1.8720496 4.2531977 -51.49648 -0.64544743 34.73233 -1.6960272
23 109 Car 0 0 0 0 0 0 0 1.9680593 2.1471992 4.7164354 -97.494446 -3.0296676 4.0136423 0.004712899
24 1 Car 0 0 0 0 0 0 0 1.8106833 1.9451923 4.505368 -12.630009 -1.1447188 3.2048144 0.026179979
24 2 Car 0 0 0 0 0 0 0 1.6883373 2.0884364 4.4588804 8.219539 -1.5045228 3.453549 0.026179956
24 3 Car 0 0 0 0 0 0 0 1.6855308 2.1594422 4.5860596 -24.988201 -0.99052745 3.6830544 -0.02617993
24 4 Car 0 0 0 0 0 0 0 2.0152442 1.8697644 5.1753416 33.04606 -1.5807456 5.069908 0.013908064
24 5 Car 0 0 0 0 0 0 0 1.7609282 1.8072156 4.56932 -51.137897 0.13313201 34.816975 -1.6797602
24 6 Car 0 0 0 0 0 0 0 1.8958732 1.7796049 4.756103 -55.86693 -0.187931 19.083645 0.69779074
24 7 Car 0 0 0 0 0 0 0 2.2155313 2.2312424 5.414952 -54.336723 -0.48741692 -0.58575773 -0.043633252
24 101 Car 0 0 0 0 0 0 0 1.8321111 2.0537434 4.8357625 -72.69132 -2.0817263 3.2126303 0.003594778
24 102 Car 0 0 0 0 0 0 0 1.8794732 1.7366983 4.3041363 -57.75257 -1.3248162 19.700779 0.6844838
24 105 Car 0 0 0 0 0 0 0 1.7499466 1.8722367 4.0304346 -90.40051 -2.89178 -0.22676542 -0.07130964
24 108 Car 0 0 0 0 0 0 0 1.6394209 1.8085672 4.2525516 -52.963234 -0.7526233 34.975235 -1.8281434
25 1 Car 0 0 0 0 0 0 0 1.8106833 1.945192 4.505368 -13.013647 -1.1678957 3.2079258 0.026179979
25 2 Car 0 0 0 0 0 0 0 1.6883374 2.0884361 4.4588804 7.9169235 -1.4934573 3.4525828 0.026179928
25 3 Car 0 0 0 0 0 0 0 1.6855308 2.1594417 4.5860605 -25.378807 -0.9963859 3.6227086 -0.026179925
25 4 Car 0 0 0 0 0 0 0 2.0152442 1.8697641 5.175343 32.808094 -1.5850137 5.0811176 0.014112623
25 5 Car 0 0 0 0 0 0 0 1.7609282 1.8072165 4.5693207 -52.705135 0.1806539 35.039703 -1.701696
25 6 Car 0 0 0 0 0 0 0 1.8958733 1.7796044 4.7561026 -56.93747 -0.24092989 19.89386 0.7413558
25 7 Car 0 0 0 0 0 0 0 2.2155313 2.2312424 5.4149528 -54.671867 -0.4912254 -0.8500595 -0.026179949
25 101 Car 0 0 0 0 0 0 0 1.8320729 2.0537157 4.8357286 -72.45906 -2.135221 3.3109398 0.0030088767
25 102 Car 0 0 0 0 0 0 0 1.8794339 1.7367479 4.303925 -58.4704 -1.3886979 20.425602 0.73631305
25 105 Car 0 0 0 0 0 0 0 1.7499099 1.8722054 4.030419 -90.3488 -2.7184896 -0.11347148 -0.07380285
25 108 Car 0 0 0 0 0 0 0 1.6393865 1.8083265 4.253022 -54.49399 -0.67773336 35.082943 -1.6715151
26 1 Car 0 0 0 0 0 0 0 1.8106831 1.9451922 4.505368 -13.426779 -1.150513 3.1752253 0.026179925
26 2 Car 0 0 0 0 0 0 0 1.6883373 2.0884366 4.4588804 7.6298466 -1.4758825 3.4665775 0.026179932
26 3 Car 0 0 0 0 0 0 0 1.6855308 2.1594422 4.5860605 -25.793648 -0.99650216 3.632114 -0.026179925
26 4 Car 0 0 0 0 0 0 0 2.0152442 1.8697643 5.1753407 32.57012 -1.5892816 5.0923276 0.014317101
26 5 Car 0 0 0 0 0 0 0 1.7609282 1.8072127 4.5693207 -54.474907 0.19714761 35.259567 -1.7016962
26 6 Car 0 0 0 0 0 0 0 1.8958733 1.7796024 4.756103 -58.05174 0.21607128 20.376411 0.73256105
26 7 Car 0 0 0 0 0 0 0 2.2155313 2.2312424 5.4149528 -54.807228 -0.45537123 -0.58237743 0.026179949
26 101 Car 0 0 0 0 0 0 0 1.8319266 2.0535536 4.83572 -72.9267 -2.200575 3.4818583 0.00088914187
26 102 Car 0 0 0 0 0 0 0 1.8792837 1.736718 4.303653 -59.849857 -1.450954 21.177742 0.734179
26 105 Car 0 0 0 0 0 0 0 1.7497702 1.8720571 4.0304127 -90.99439 -2.7338762 0.18518476 -0.07259144
26 108 Car 0 0 0 0 0 0 0 1.6392555 1.80833 4.2526684 -56.434513 -0.7656517 35.205162 -1.6735892
27 1 Car 0 0 0 0 0 0 0 1.8106833 1.945192 4.5053678 -13.805899 -1.1570053 3.2083435 0.02617998
27 2 Car 0 0 0 0 0 0 0 1.6883376 2.0884366 4.4588804 7.3676 -1.473279 3.4776783 0.026179984
27 3 Car 0 0 0 0 0 0 0 1.6855307 2.1594422 4.5860605 -26.173777 -0.9968276 3.7501411 -0.026179925
27 4 Car 0 0 0 0 0 0 0 2.0152445 1.8697641 5.1753416 32.332153 -1.5935497 5.103537 0.014521662
27 5 Car 0 0 0 0 0 0 0 1.7609282 1.8072155 4.569319 -56.08784 0.12821493 35.387184 -1.705352
27 6 Car 0 0 0 0 0 0 0 1.8958732 1.779603 4.7561035 -59.109406 0.1780724 21.249363 0.75758165
27 7 Car 0 0 0 0 0 0 0 2.2155313 2.2312427 5.4149537 -54.516438 -0.71473134 -0.60259116 0.18325952
27 101 Car 0 0 0 0 0 0 0 1.8321812 2.0536282 4.836218 -73.027306 -2.0758407 3.6429455 -0.000961815
27 102 Car 0 0 0 0 0 0 0 1.879545 1.7367239 4.3042397 -60.934326 -1.4218147 22.001053 0.78461635
27 105 Car 0 0 0 0 0 0 0 1.7500134 1.8721571 4.030759 -91.27947 -2.46984 0.47215837 -0.07111378
27 108 Car 0 0 0 0 0 0 0 1.6394835 1.712919 4.2529097 -58.114037 -0.6957804 35.354546 -1.6756346
28 1 Car 0 0 0 0 0 0 0 1.8106833 1.9451921 4.5053678 -14.242441 -1.1641259 3.1837578 0.026179928
28 2 Car 0 0 0 0 0 0 0 1.6883376 2.0884366 4.4588804 7.13132 -1.441384 3.4767044 0.026179932
28 3 Car 0 0 0 0 0 0 0 1.6855308 2.1594417 4.5860596 -26.600544 -0.99940807 3.7775273 -0.02617993
28 4 Car 0 0 0 0 0 0 0 2.0152442 1.8697642 5.175341 32.263145 -1.5978178 5.06212 0.014726182
28 5 Car 0 0 0 0 0 0 0 1.7609282 1.8072155 4.5693207 -57.839542 0.13928223 35.533367 -1.7090079
28 6 Car 0 0 0 0 0 0 0 1.8958732 1.7796019 4.7561026 -60.223866 0.23007351 22.041025 0.782603
28 7 Car 0 0 0 0 0 0 0 2.2155313 2.2312424 5.414951 -55.045868 -0.775436 -0.33061194 0.07853984
28 101 Car 0 0 0 0 0 0 0 1.8324108 2.0537329 4.836577 -73.14007 -1.8799288 3.775959 -0.0025542672
28 102 Car 0 0 0 0 0 0 0 1.8797805 1.736688 4.3048677 -61.991646 -1.1760329 22.8047 0.78292876
28 105 Car 0 0 0 0 0 0 0 1.7502327 1.8722786 4.0310016 -91.57216 -2.235603 0.7385882 -0.06938071
28 108 Car 0 0 0 0 0 0 0 1.6396891 1.7130661 4.2530785 -59.760468 -0.4566218 35.540066 -1.7297934
29 1 Car 0 0 0 0 0 0 0 1.8106833 1.9451923 4.5053687 -14.6531925 -1.1780181 3.1968412 0.026179977
29 2 Car 0 0 0 0 0 0 0 1.6883376 2.0884366 4.4588804 6.894965 -1.439106 3.4878926 0.026179932
29 3 Car 0 0 0 0 0 0 0 1.6855308 2.1594417 4.5860596 -27.019041 -1.0025 3.7030816 -0.02617993
29 4 Car 0 0 0 0 0 0 0 2.015244 1.8697644 5.1753397 32.03802 -1.6020858 5.0784426 0.014930798
29 5 Car 0 0 0 0 0 0 0 1.7609282 1.8072147 4.5693197 -59.45261 0.15034953 35.660046 -1.7126645
29 6 Car 0 0 0 0 0 0 0 1.8958732 1.7796037 4.7561035 -61.447693 0.02207464 22.602684 0.8076237
29 7 Car 0 0 0 0 0 0 0 2.2155313 2.2312424 5.4149528 -55.128166 -0.73842096 -0.27689403 0.026179949
29 101 Car 0 0 0 0 0 0 0 1.8325094 2.0538807 4.836484 -73.25223 -1.9351375 3.8834429 -0.0043958235
29 102 Car 0 0 0 0 0 0 0 1.8798816 1.7367731 4.3048816 -63.049545 -1.2604882 23.66673 0.83353263
29 105 Car 0 0 0 0 0 0 0 1.7503269 1.8724173 4.0309205 -91.85483 -2.181191 0.9039668 -0.06790309
29 108 Car 0 0 0 0 0 0 0 1.6397773 1.7130401 4.2533717 -61.457054 -0.6446604 35.663464 -1.7316211
30 1 Car 0 0 0 0 0 0 0 1.8106833 1.945192 4.5053687 -15.060434 -1.1825557 3.1680658 0.026179977
30 2 Car 0 0 0 0 0 0 0 1.6883376 2.0884366 4.4588804 6.671671 -1.441384 3.4771228 0.0785398
30 3 Car 0 0 0 0 0 0 0 1.6855308 2.1594415 4.5860596 -27.432442 -1.0036392 3.7601576 -0.02617993
30 4 Car 0 0 0 0 0 0 0 2.0152442 1.8697644 5.175341 31.812895 -1.6063538 5.0947647 0.015135268
30 5 Car 0 0 0 0 0 0 0 1.7609282 1.807215 4.569321 -61.119152 -0.033760846 35.881145 -1.754056
30 6 Car 0 0 0 0 0 0 0 1.8958732 1.7796024 4.7561045 -62.381557 -0.040846094 23.83562 0.8326444
30 7 Car 0 0 0 0 0 0 0 2.2155313 2.2312424 5.4149537 -55.288937 -0.7410037 -0.17191769 -0.00378383
30 101 Car 0 0 0 0 0 0 0 1.8324835 2.0539033 4.836364 -73.00259 -1.8919429 4.0586853 -0.005226869
30 102 Car 0 0 0 0 0 0 0 1.8798552 1.7368177 4.3047132 -63.80563 -1.230525 24.499819 0.88514316
30 105 Car 0 0 0 0 0 0 0 1.7503023 1.8724375 4.030814 -91.77586 -2.1926856 1.0120775 -0.06541115
30 108 Car 0 0 0 0 0 0 0 1.639754 1.7130065 4.253393 -62.782288 -0.59615433 35.77297 -1.7324116
31 1 Car 0 0 0 0 0 0 0 1.8106833 1.945192 4.5053687 -15.455802 -1.1857668 3.1630695 0.026179977
31 2 Car 0 0 0 0 0 0 0 1.6883374 2.0884361 4.4588795 6.469869 -1.4231583 3.4916139 0.07853982
31 3 Car 0 0 0 0 0 0 0 1.6855309 2.1594417 4.5860605 -27.860312 -1.0074285 3.8539968 -0.026179925
31 4 Car 0 0 0 0 0 0 0 2.0152442 1.8697646 5.175342 31.587772 -1.6106218 5.1110873 0.015339831
31 5 Car 0 0 0 0 0 0 0 1.7609282 1.8072149 4.569319 -62.822186 0.06225729 35.751617 -1.7016965
31 6 Car 0 0 0 0 0 0 0 1.8958732 1.7796004 4.7561016 -63.47146 -0.10376686 24.822697 0.8576659
31 7 Car 0 0 0 0 0 0 0 2.2155313 2.2312424 5.4149523 -55.449707 -0.7103534 -0.06694141 -0.033747584
31 101 Car 0 0 0 0 0 0 0 1.8326728 2.0540462 4.8365345 -73.40314 -1.8020478 4.223013 -0.0076865987
31 102 Car 0 0 0 0 0 0 0 1.8800497 1.7368186 4.305161 -65.3471 -1.2079736 25.442528 0.882641
31 105 Car 0 0 0 0 0 0 0 1.7504833 1.8725827 4.0309296 -92.4094 -2.1095257 1.2230036 -0.06454781
31 108 Car 0 0 0 0 0 0 0 1.6399237 1.7130432 4.2537494 -64.7467 -0.6581909 35.911083 -1.7349619
32 1 Car 0 0 0 0 0 0 0 1.8106831 1.9451921 4.505368 -15.863215 -1.2173905 3.161107 0.026179925
32 2 Car 0 0 0 0 0 0 0 1.6883373 2.0884366 4.4588804 6.21247 -1.443472 3.4658742 0.026179984
32 3 Car 0 0 0 0 0 0 0 1.6855307 2.1594417 4.5860596 -28.290958 -1.1699263 3.808682 -0.02617993
32 4 Car 0 0 0 0 0 0 0 2.0152442 1.8697644 5.175341 31.362648 -1.61489 5.12741 0.015544355
32 5 Car 0 0 0 0 0 0 0 1.7609282 1.807215 4.569321 -64.47584 0.10866445 36.097786 -1.754056
32 6 Car 0 0 0 0 0 0 0 1.8958732 1.7796025 4.7561026 -64.569565 -0.32668763 25.815552 0.88268673
32 7 Car 0 0 0 0 0 0 0 2.2155313 2.2312424 5.4149513 -55.07008 -0.74616903 0.0035588443 -0.063711345
32 101 Car 0 0 0 0 0 0 0 1.832875 2.0541925 4.836712 -73.50978 -1.7943802 4.326067 -0.010282317
32 102 Car 0 0 0 0 0 0 0 1.8802567 1.7368336 4.3055935 -66.52133 -1.281844 26.401447 0.9323891
32 105 Car 0 0 0 0 0 0 0 1.7506759 1.8727306 4.031047 -92.680695 -2.2483597 1.4095627 -0.063820235
32 108 Car 0 0 0 0 0 0 0 1.640104 1.7130915 4.25409 -66.40624 -0.8819553 35.95884 -1.7543175
33 1 Car 0 0 0 0 0 0 0 1.8106831 1.9451922 4.5053687 -16.325855 -1.2074776 3.1605496 -0.026179977
33 2 Car 0 0 0 0 0 0 0 1.6883374 2.0884361 4.45888 6.0052075 -1.4423567 3.437851 0.07853982
33 3 Car 0 0 0 0 0 0 0 1.6855309 2.1594415 4.5860596 -28.735342 -1.1741172 3.8933244 -0.02617993
33 4 Car 0 0 0 0 0 0 0 2.0152442 1.8697644 5.1753416 31.137526 -1.619158 5.143732 0.015748875
33 5 Car 0 0 0 0 0 0 0 1.7609282 1.8072165 4.56932 -66.15373 0.13675463 36.317097 -1.7016952
33 6 Car 0 0 0 0 0 0 0 1.8958732 1.7796036 4.7561016 -65.6815 -0.22960836 26.758224 0.9077082
33 7 Car 0 0 0 0 0 0 0 2.2155313 2.2312424 5.4149513 -55.21862 -0.7598293 0.2294811 -0.10240175
33 101 Car 0 0 0 0 0 0 0 1.8331484 2.0544279 4.836886 -73.64922 -1.735209 4.492094 -0.013588775
33 102 Car 0 0 0 0 0 0 0 1.880537 1.7368506 4.3062 -67.64584 -1.1851206 27.397408 0.9814242
33 105 Car 0 0 0 0 0 0 0 1.7509371 1.8729599 4.031163 -92.95497 -2.0348823 1.656716 -0.06380523
33 108 Car 0 0 0 0 0 0 0 1.6403489 1.7131103 4.2546844 -68.046234 -0.7759571 36.28541 -1.7410781
34 1 Car 0 0 0 0 0 0 0 1.8106833 1.9451922 4.5053678 -16.706554 -1.2076173 3.1819906 -0.02617998
34 2 Car 0 0 0 0 0 0 0 1.6883376 2.0884364 4.4588795 5.820155 -1.4370581 3.400054 0.07853982
34 3 Car 0 0 0 0 0 0 0 1.6855309 2.1594422 4.5860605 -29.159552 -1.1776096 3.9238262 -0.026179925
34 4 Car 0 0 0 0 0 0 0 2.0152445 1.8697643 5.175341 30.9124 -1.623426 5.1600547 0.01595335
34 5 Car 0 0 0 0 0 0 0 1.7609282 1.807216 4.56932 -67.814224 0.16710365 36.61555 -1.6848654
34 6 Car 0 0 0 0 0 0 0 1.8958731 1.7795997 4.7561035 -66.88745 -0.25252914 27.740997 0.9327286
34 7 Car 0 0 0 0 0 0 0 2.2155313 2.2312424 5.4149513 -55.243824 -0.77348965 0.34204507 -0.110548876
34 101 Car 0 0 0 0 0 0 0 1.8333144 2.0545788 4.8369665 -73.749756 -1.7187302 4.6548586 -0.016406905
34 102 Car 0 0 0 0 0 0 0 1.8807076 1.7368503 4.3065805 -68.832306 -1.2494442 28.394302 0.9785834
34 105 Car 0 0 0 0 0 0 0 1.751096 1.8731062 4.0312023 -93.23953 -1.940592 1.8298283 -0.06330044
34 108 Car 0 0 0 0 0 0 0 1.6404977 1.7130936 4.255102 -69.67549 -0.8383536 36.768864 -1.6915789
35 1 Car 0 0 0 0 0 0 0 1.8106833 1.9451921 4.5053678 -17.162102 -1.2143191 3.172982 -0.02617998
35 2 Car 0 0 0 0 0 0 0 1.6883374 2.0884366 4.4588804 5.629961 -1.4220644 3.4652133 0.026179982
35 3 Car 0 0 0 0 0 0 0 1.6855308 2.1594422 4.5860596 -29.61076 -1.0206797 3.9116223 -0.02617993
35 4 Car 0 0 0 0 0 0 0 2.0152442 1.8697643 5.175341 30.687275 -1.627694 5.1763773 0.016157921
35 5 Car 0 0 0 0 0 0 0 1.7609282 1.8072128 4.56932 -69.48665 0.2574527 36.8234 -1.6680341
35 6 Car 0 0 0 0 0 0 0 1.8958731 1.7796025 4.756104 -68.05603 -0.2754498 28.807627 0.9752029
35 7 Car 0 0 0 0 0 0 0 2.2155313 2.2312424 5.4149504 -55.26902 -0.78714997 0.454609 -0.11869606
35 101 Car 0 0 0 0 0 0 0 1.8333204 2.0546136 4.8369026 -73.86497 -1.7686863 4.7847238 -0.019275581
35 102 Car 0 0 0 0 0 0 0 1.8807139 1.7368534 4.306589 -69.98154 -1.1567525 29.326817 0.97573787
35 105 Car 0 0 0 0 0 0 0 1.7511017 1.8731389 4.0311475 -93.50911 -1.9795337 2.015509 -0.0628443
35 108 Car 0 0 0 0 0 0 0 1.6405033 1.713104 4.2550964 -71.358215 -0.7750479 37.05458 -1.7468064
36 1 Car 0 0 0 0 0 0 0 1.8106833 1.9451922 4.5053678 -17.56503 -1.2201133 3.1662726 -0.02617998
36 2 Car 0 0 0 0 0 0 0 1.6883374 2.0884366 4.4588804 5.4312115 -1.4177805 3.454 0.026179984
36 3 Car 0 0 0 0 0 0 0 1.6855308 2.1594417 4.5860586 -30.093277 -1.0205635 3.9391212 -0.026179936
36 4 Car 0 0 0 0 0 0 0 2.015244 1.8697642 5.17534 30.46215 -1.6319621 5.1926994 0.016362496
36 5 Car 0 0 0 0 0 0 0 1.7609282 1.8072127 4.569319 -71.197174 0.22530273 37.062668 -1.7540556
36 6 Car 0 0 0 0 0 0 0 1.8958733 1.7796028 4.7561035 -69.21613 -0.29837066 29.82699 1.0264034
36 7 Car 0 0 0 0 0 0 0 2.2155313 2.2312422 5.4149513 -55.294228 -0.80081034 0.56717294 -0.12684321
36 101 Car 0 0 0 0 0 0 0 1.8332369 2.054612 4.8366876 -73.65247 -1.7980232 4.908839 -0.02142846
36 102 Car 0 0 0 0 0 0 0 1.8806279 1.7368513 4.3064065 -70.91436 -1.1869252 30.388767 1.0260396
36 105 Car 0 0 0 0 0 0 0 1.7510216 1.8731341 4.0309715 -93.37793 -2.084645 2.1861584 -0.0616727
37 1 Car 0 0 0 0 0 0 0 1.8106833 1.9451923 4.5053678 -17.985329 -1.2228359 3.1488903 -0.026179928
37 2 Car 0 0 0 0 0 0 0 1.6883374 2.0884366 4.4588804 5.2171493 -1.4074993 3.3860044 -0.026179932
37 3 Car 0 0 0 0 0 0 0 1.6855309 2.159442 4.5860605 -30.518108 -1.0223535 3.867098 -0.026179925
37 4 Car 0 0 0 0 0 0 0 2.0152442 1.8697643 5.175341 30.237028 -1.63623 5.209022 0.01656697
37 5 Car 0 0 0 0 0 0 0 1.7609282 1.807213 4.569319 -72.948074 0.17364863 36.95438 -1.7016962
37 6 Car 0 0 0 0 0 0 0 1.8958732 1.779603 4.7561016 -70.49838 -0.3212914 30.914772 1.0601513
37 7 Car 0 0 0 0 0 0 0 2.2155313 2.2312422 5.4149528 -55.533257 -0.8144706 0.71512234 -0.13826278
37 101 Car 0 0 0 0 0 0 0 1.8330412 2.0545366 4.8363385 -74.085144 -1.9149517 5.0822644 -0.024681725
37 102 Car 0 0 0 0 0 0 0 1.8804274 1.7368319 4.305979 -72.4604 -1.2720506 31.38192 1.0228934
37 105 Car 0 0 0 0 0 0 0 1.7508347 1.8730608 4.0306973 -93.99222 -2.295232 2.421184 -0.06160069
38 1 Car 0 0 0 0 0 0 0 1.8106833 1.9451921 4.5053678 -18.273392 -1.1427732 3.1049464 0.026179928
38 2 Car 0 0 0 0 0 0 0 1.6883374 2.0884366 4.4588804 5.031113 -1.4036437 3.410534 0.026179984
38 3 Car 0 0 0 0 0 0 0 1.6855308 2.1594415 4.5860605 -30.951752 -1.0245852 3.901166 -0.026179925
38 4 Car 0 0 0 0 0 0 0 2.015244 1.8697646 5.1753397 30.011902 -1.640498 5.2253447 0.016771546
38 6 Car 0 0 0 0 0 0 0 1.8958731 1.7796026 4.756103 -71.777855 0.07578787 32.049915 1.076445
38 7 Car 0 0 0 0 0 0 0 2.2155313 2.2312427 5.414952 -55.665016 -0.82813096 0.8481456 -0.14968246
38 101 Car 0 0 0 0 0 0 0 1.8329904 2.0544872 4.8363185 -74.20289 -1.9752495 5.220369 -0.027584977
38 102 Car 0 0 0 0 0 0 0 1.8803751 1.7368166 4.3058996 -73.75704 -1.3040737 32.51527 1.0723894
38 105 Car 0 0 0 0 0 0 0 1.7507863 1.8730171 4.0306783 -94.21255 -2.363808 2.6306303 -0.06117674
39 1 Car 0 0 0 0 0 0 0 1.8106833 1.9451923 4.505368 -18.805008 -1.1316442 3.1763997 -0.026179925
39 2 Car 0 0 0 0 0 0 0 1.6883374 2.0884364 4.4588804 4.816435 -1.4156386 3.397705 0.026179904
39 3 Car 0 0 0 0 0 0 0 1.6855308 2.1594417 4.5860605 -31.438343 -1.0243528 3.8559535 -0.026179925
39 4 Car 0 0 0 0 0 0 0 2.0152445 1.8697643 5.1753416 29.78731 -1.6286443 5.2056713 0.016976018
39 101 Car 0 0 0 0 0 0 0 1.8331499 2.0544739 4.836777 -74.3483 -1.7215343 5.351524 -0.029923359
39 6 Car 0 0 0 0 0 0 0 1.8958732 1.7796012 4.7561045 -73.148994 0.072867095 32.73797 1.1101925
39 7 Car 0 0 0 0 0 0 0 2.2155313 2.2312424 5.414953 -56.16048 -0.8640573 0.6510755 -0.13089967
39 102 Car 0 0 0 0 0 0 0 1.8805388 1.7368505 4.3061953 -75.011536 -1.0596881 33.563576 1.0699055
39 105 Car 0 0 0 0 0 0 0 1.7509388 1.8730168 4.0310335 -94.46413 -2.045306 2.8036666 -0.060185827
40 1 Car 0 0 0 0 0 0 0 1.8106833 1.9451922 4.505368 -19.22818 -1.2445465 3.1717677 -0.026179979
40 2 Car 0 0 0 0 0 0 0 1.6883376 2.0884366 4.4588804 4.6217823 -1.4045006 3.3407032 -0.026179932
40 3 Car 0 0 0 0 0 0 0 1.6855308 2.159442 4.5860605 -31.902838 -1.0310482 3.908869 -0.026179925
40 4 Car 0 0 0 0 0 0 0 2.0152442 1.8697642 5.1753416 29.562716 -1.6167903 5.1859975 0.017180592
40 101 Car 0 0 0 0 0 0 0 1.8331313 2.0544443 4.8367963 -74.49134 -1.6670653 5.4604053 -0.032659438
40 6 Car 0 0 0 0 0 0 0 1.8958732 1.7796044 4.7561026 -74.428406 -0.01505363 34.03346 1.1406682
40 7 Car 0 0 0 0 0 0 0 2.2155313 2.2312424 5.414951 -56.250313 -0.8561486 0.70642334 -0.07853984
40 102 Car 0 0 0 0 0 0 0 1.8805195 1.7368464 4.3061686 -76.26004 -0.9990591 34.67718 1.1195499
40 105 Car 0 0 0 0 0 0 0 1.7509209 1.8729916 4.0310493 -94.69667 -2.0117671 2.991634 -0.05959521
40 108 Car 0 0 0 0 0 0 0 1.6403337 1.7130625 4.254763 -79.853325 -0.7596802 37.54728 -1.719959
41 1 Car 0 0 0 0 0 0 0 1.8106831 1.9451923 4.505368 -19.638193 -1.2532029 3.1782985 -0.026179925
41 2 Car 0 0 0 0 0 0 0 1.6883376 2.0884366 4.4588804 4.3726406 -1.4186374 3.343391 0.026179984
41 3 Car 0 0 0 0 0 0 0 1.6855307 2.1594417 4.5860605 -32.330227 -1.2143488 3.9571 -0.026179925
41 4 Car 0 0 0 0 0 0 0 2.0152442 1.8697643 5.1753407 29.33812 -1.6049365 5.1663237 0.017385121
41 101 Car 0 0 0 0 0 0 0 1.8332764 2.054482 4.83709 -74.62614 -1.484009 5.638633 -0.035615373
41 102 Car 0 0 0 0 0 0 0 1.8806686 1.7368526 4.306484 -77.40329 -0.8412803 35.81678 1.1688551
41 7 Car 0 0 0 0 0 0 0 2.2155313 2.2312424 5.4149528 -56.318344 -0.9457927 0.69732416 -0.026179949
41 105 Car 0 0 0 0 0 0 0 1.7510595 1.8730345 4.031268 -94.92468 -1.7765725 3.2149603 -0.05922434
42 1 Car 0 0 0 0 0 0 0 1.8106834 1.9451921 4.505368 -20.054329 -1.2601839 3.169377 -0.026179979
42 2 Car 0 0 0 0 0 0 0 1.6883373 2.0884366 4.4588804 4.1654663 -1.4006449 3.3297772 0.026179984
42 3 Car 0 0 0 0 0 0 0 1.6855308 2.1594415 4.5860605 -32.867836 -1.221799 3.9771912 -0.026179925
42 4 Car 0 0 0 0 0 0 0 2.0152442 1.8697646 5.175341 29.113525 -1.5930827 5.14665 0.017589647
42 101 Car 0 0 0 0 0 0 0 1.8332429 2.054402 4.837187 -74.880714 -1.4311506 5.748207 -0.03864919
42 102 Car 0 0 0 0 0 0 0 1.8806343 1.7368548 4.306403 -78.78972 -0.7439828 37.04706 1.1657727
42 7 Car 0 0 0 0 0 0 0 2.2155313 2.2312424 5.414952 -56.39074 -1.0573364 0.8251643 0.01745328
42 105 Car 0 0 0 0 0 0 0 1.7510275 1.8729653 4.031349 -95.159325 -1.7180978 3.4353795 -0.058930885
43 1 Car 0 0 0 0 0 0 0 1.8106833 1.9451921 4.505368 -20.46532 -1.2714233 3.1395226 -0.026179979
43 2 Car 0 0 0 0 0 0 0 1.6883376 2.0884364 4.4588804 3.978426 -1.3993598 3.3011289 0.026179958
43 3 Car 0 0 0 0 0 0 0 1.6855307 2.1594415 4.5860586 -33.256268 -1.4177175 3.9402795 -0.026179936
43 4 Car 0 0 0 0 0 0 0 2.015244 1.8697644 5.1753407 28.888931 -1.5812286 5.1269765 0.01779418
43 101 Car 0 0 0 0 0 0 0 1.8331771 2.0544002 4.837022 -75.010185 -1.5108888 5.967391 -0.04168091
43 7 Car 0 0 0 0 0 0 0 2.2155313 2.2312424 5.414954 -56.500984 -0.6943022 1.084383 -0.03490658
43 105 Car 0 0 0 0 0 0 0 1.7509649 1.8729625 4.031209 -95.39574 -1.8773482 3.6522727 -0.05863739
44 1 Car 0 0 0 0 0 0 0 1.8106831 1.9451921 4.505368 -20.834332 -1.2701668 3.1789882 -0.026179979
44 2 Car 0 0 0 0 0 0 0 1.6883376 2.0884366 4.4588804 3.8008661 -1.3959328 3.2829003 0.026179932
44 3 Car 0 0 0 0 0 0 0 1.6855309 2.159442 4.5860605 -33.792465 -1.418625 4.0061846 -0.026179925
44 4 Car 0 0 0 0 0 0 0 2.0152445 1.8697644 5.1753416 28.664335 -1.5693749 5.1073027 0.017998705
44 101 Car 0 0 0 0 0 0 0 1.8331168 2.0543716 4.83693 -75.19364 -1.5456645 6.09014 -0.044824254
44 7 Car 0 0 0 0 0 0 0 2.2155313 2.2312424 5.4149528 -56.66777 -0.74816173 1.0510044 -0.026179949
44 105 Car 0 0 0 0 0 0 0 1.7509073 1.872938 4.0311275 -95.62436 -1.9421542 3.866257 -0.058455095
45 1 Car 0 0 0 0 0 0 0 1.8106833 1.9451922 4.505368 -21.276466 -1.2778459 3.2422662 -0.026179979
45 2 Car 0 0 0 0 0 0 0 1.6883374 2.0884366 4.4588804 3.6204138 -1.4172646 3.2542005 0.026179984
45 3 Car 0 0 0 0 0 0 0 1.6855308 2.159442 4.5860605 -34.262314 -1.4295154 3.9639635 0.026179925
45 4 Car 0 0 0 0 0 0 0 2.0152442 1.8697641 5.1753407 28.439743 -1.5575209 5.0876293 0.018203191
45 101 Car 0 0 0 0 0 0 0 1.8330946 2.0543292 4.8369694 -75.36548 -1.6171715 6.2491074 -0.047688536
45 7 Car 0 0 0 0 0 0 0 2.2155313 2.2312422 5.414951 -56.71225 -0.59342325 1.2002368 -0.06981319
45 105 Car 0 0 0 0 0 0 0 1.750886 1.8729024 4.0311604 -95.8577 -1.9532509 4.0655165 -0.057993054
46 1 Car 0 0 0 0 0 0 0 1.8106834 1.9451921 4.505368 -21.668358 -1.1643791 3.2399242 -0.026179979
46 2 Car 0 0 0 0 0 0 0 1.6883376 2.0884366 4.4588804 3.4471848 -1.4105006 3.2463398 0.026179984
46 4 Car 0 0 0 0 0 0 0 2.0152442 1.869764 5.17534 28.215202 -1.5456628 5.0679564 0.018407771
46 101 Car 0 0 0 0 0 0 0 1.8330817 2.0542998 4.8370075 -75.549225 -1.5607933 6.340266 -0.05011551
46 7 Car 0 0 0 0 0 0 0 2.2155313 2.2312427 5.4149528 -56.85051 -0.90331864 1.2246354 -0.07853982
46 103 Car 0 0 0 0 0 0 0 1.9101206 1.9685187 4.851069 -35.64403 -1.3442931 4.3915715 -0.050115414
46 105 Car 0 0 0 0 0 0 0 1.7508736 1.8728786 4.031189 -96.0828 -1.9045662 4.228983 -0.057094075
47 1 Car 0 0 0 0 0 0 0 1.8106831 1.9451921 4.505368 -22.068783 -1.1686163 3.2339551 -0.026179979
47 2 Car 0 0 0 0 0 0 0 1.6883373 2.0884366 4.4588804 3.2755523 -1.408041 3.216386 -0.026179932
47 4 Car 0 0 0 0 0 0 0 2.0152445 1.8697644 5.1753407 27.990665 -1.5338044 5.048284 0.018612254
47 101 Car 0 0 0 0 0 0 0 1.8330297 2.0542943 4.8368993 -75.65149 -1.5795972 6.4337015 -0.052598346
47 7 Car 0 0 0 0 0 0 0 2.2155313 2.2312427 5.4149528 -56.887856 -1.0370874 1.32953 -0.07853982
47 103 Car 0 0 0 0 0 0 0 1.9100665 1.9685137 4.8509536 -36.087997 -1.2812878 4.3250513 -0.052598346
47 105 Car 0 0 0 0 0 0 0 1.7508237 1.8728756 4.0310855 -96.313736 -1.9800149 4.396513 -0.056251302
48 1 Car 0 0 0 0 0 0 0 1.8106831 1.9451923 4.505368 -22.44548 -1.173366 3.2506938 -0.026179925
48 2 Car 0 0 0 0 0 0 0 1.6883376 2.0884364 4.4588804 3.1050878 -1.4086561 3.2025769 -0.026179904
48 4 Car 0 0 0 0 0 0 0 2.015244 1.8697644 5.1753416 27.766127 -1.5219462 5.028611 0.018816832
48 101 Car 0 0 0 0 0 0 0 1.8330383 2.0543928 4.8366795 -75.820816 -1.6342646 6.5755916 -0.05462227
48 7 Car 0 0 0 0 0 0 0 2.2155313 2.2312427 5.4149528 -56.97222 -1.1493983 1.267293 -0.078539826
48 103 Car 0 0 0 0 0 0 0 1.9100758 1.9686078 4.8507347 -36.542587 -1.1884406 4.3712616 -0.054622248
48 105 Car 0 0 0 0 0 0 0 1.7508323 1.8729682 4.0308986 -96.468124 -2.083127 4.5417185 -0.05494938
49 1 Car 0 0 0 0 0 0 0 1.8106833 1.9451923 4.505368 -22.857523 -1.1782087 3.254631 -0.026179925
49 2 Car 0 0 0 0 0 0 0 1.6883376 2.0884366 4.4588804 2.9349713 -1.3938981 3.2928348 0.026179984
49 4 Car 0 0 0 0 0 0 0 2.0152442 1.8697646 5.17534 27.54159 -1.5100878 5.008939 0.019021414
49 101 Car 0 0 0 0 0 0 0 1.8331344 2.0545433 4.8365817 -75.97429 -1.7141936 6.742023 -0.057002828
49 7 Car 0 0 0 0 0 0 0 2.2155313 2.2312427 5.4149513 -57.060215 -0.99373007 1.4478406 -0.13089971
49 103 Car 0 0 0 0 0 0 0 1.9101758 1.9687517 4.850638 -36.955368 -1.1226987 4.434084 -0.057002783
49 105 Car 0 0 0 0 0 0 0 1.7509239 1.8731087 4.0308094 -96.60372 -2.0999868 4.725914 -0.054003578
50 1 Car 0 0 0 0 0 0 0 1.8106833 1.945192 4.505368 -23.268211 -1.18063 3.2689815 -0.026179925
50 2 Car 0 0 0 0 0 0 0 1.6883373 2.0884364 4.45888 2.7536044 -1.3871341 3.145331 0.078539826
50 4 Car 0 0 0 0 0 0 0 2.0152442 1.8697641 5.1753397 27.317049 -1.4982297 4.989266 0.019225905
50 101 Car 0 0 0 0 0 0 0 1.8332698 2.0546985 4.836559 -76.12912 -1.6883109 6.7948484 -0.05894992
50 7 Car 0 0 0 0 0 0 0 2.2155313 2.2312427 5.4149504 -57.17745 -1.0388775 1.6530218 -0.23561952
50 103 Car 0 0 0 0 0 0 0 1.9103165 1.9689001 4.8506165 -37.47294 -0.9812999 4.366205 -0.05894988
50 105 Car 0 0 0 0 0 0 0 1.7510532 1.8732522 4.0307875 -96.75462 -2.0240078 4.862278 -0.052623745
51 1 Car 0 0 0 0 0 0 0 1.8106833 1.9451921 4.505368 -23.660786 -1.1868696 3.2721267 -0.026179979
51 2 Car 0 0 0 0 0 0 0 1.6883376 2.0884366 4.4588804 2.5789213 -1.3886375 2.9986892 0.026179984
51 4 Car 0 0 0 0 0 0 0 2.0152442 1.8697641 5.17534 27.092512 -1.4863714 4.9695935 0.019430414
51 101 Car 0 0 0 0 0 0 0 1.8333477 2.0548327 4.8364596 -76.32333 -1.7084264 6.898818 -0.06034015
51 7 Car 0 0 0 0 0 0 0 2.2155313 2.2312427 5.4149513 -57.26728 -0.9737832 1.5354183 -0.13089971
51 103 Car 0 0 0 0 0 0 0 1.9103975 1.9690292 4.8505163 -37.944477 -0.8434365 4.445771 -0.060340047
51 105 Car 0 0 0 0 0 0 0 1.7511275 1.8733778 4.030699 -96.90684 -2.0259807 4.970819 -0.05068627
52 1 Car 0 0 0 0 0 0 0 1.8106831 1.9451923 4.505368 -24.049143 -1.1915259 3.2880688 -0.026179925
52 2 Car 0 0 0 0 0 0 0 1.6883376 2.0884364 4.45888 2.3935182 -1.4037367 3.1192656 0.07853981
52 4 Car 0 0 0 0 0 0 0 2.0152442 1.8697642 5.1753407 26.867973 -1.474513 4.9499207 0.019634971
52 101 Car 0 0 0 0 0 0 0 1.8334646 2.0549407 4.8365154 -76.47597 -1.5811836 7.0632215 -0.06274635
52 7 Car 0 0 0 0 0 0 0 2.2155313 2.2312424 5.414953 -57.33527 -0.97389936 1.5896082 -0.13089967
52 103 Car 0 0 0 0 0 0 0 1.9105196 1.969133 4.8505716 -38.37861 -0.8492712 4.458033 -0.06274633
52 105 Car 0 0 0 0 0 0 0 1.7512393 1.8734771 4.030745 -97.059555 -1.965714 5.132391 -0.049765162
53 1 Car 0 0 0 0 0 0 0 1.8106833 1.9451923 4.505368 -24.434467 -1.1954374 3.3145924 -0.026179925
53 2 Car 0 0 0 0 0 0 0 1.6883373 2.0884364 4.4588804 2.3171437 -1.3975874 3.1407115 0.026179904
53 4 Car 0 0 0 0 0 0 0 2.0152442 1.8697643 5.1753407 26.643436 -1.462655 4.930248 0.019839484
53 101 Car 0 0 0 0 0 0 0 1.8336565 2.0550394 4.836779 -76.65405 -1.4895146 7.142611 -0.06451334
53 7 Car 0 0 0 0 0 0 0 2.2155313 2.2312427 5.4149513 -57.48598 -1.1738786 1.5626721 -0.13089971
53 103 Car 0 0 0 0 0 0 0 1.9107196 1.9692267 4.850836 -38.806915 -1.0886091 4.4494066 -0.06451334
53 105 Car 0 0 0 0 0 0 0 1.7514228 1.8735656 4.030964 -97.20889 -1.8816782 5.266799 -0.04820491
54 1 Car 0 0 0 0 0 0 0 1.8106834 1.9451922 4.505368 -24.807596 -1.1959963 3.3061657 -0.026179979
54 2 Car 0 0 0 0 0 0 0 1.6883374 2.0884361 4.45888 2.0153844 -1.3908235 3.1988633 0.07853981
54 4 Car 0 0 0 0 0 0 0 2.0152442 1.8697643 5.1753407 26.418898 -1.4507966 4.9105754 0.020043977
54 101 Car 0 0 0 0 0 0 0 1.8338242 2.0551703 4.836918 -76.82152 -1.5636998 7.2443137 -0.06604063
54 7 Car 0 0 0 0 0 0 0 2.2155313 2.2312424 5.414953 -57.50589 -1.0634507 1.6267033 -0.13089967
54 103 Car 0 0 0 0 0 0 0 1.9108944 1.9693528 4.8509755 -39.28268 -1.3119458 4.5072994 -0.06604057
54 105 Car 0 0 0 0 0 0 0 1.7515829 1.8736832 4.0310802 -97.35572 -1.8749052 5.403945 -0.046404496
55 1 Car 0 0 0 0 0 0 0 1.8106834 1.9451922 4.505368 -25.247757 -1.1988832 3.3209252 -0.026179979
55 2 Car 0 0 0 0 0 0 0 1.6883376 2.0884366 4.4588804 1.8269467 -1.3846745 3.2145488 0.026179932
55 4 Car 0 0 0 0 0 0 0 2.0152442 1.8697643 5.17534 26.165611 -1.4411776 4.8903794 0.020248562
55 101 Car 0 0 0 0 0 0 0 1.8338633 2.0552204 4.8369017 -77.01985 -1.5173718 7.2878327 -0.06797031
55 7 Car 0 0 0 0 0 0 0 2.2155313 2.2312424 5.414953 -57.727882 -0.75328064 1.6271756 -0.13089967
55 103 Car 0 0 0 0 0 0 0 1.9109352 1.9694002 4.8509593 -39.721977 -1.2384075 4.5412626 -0.067970306
55 105 Car 0 0 0 0 0 0 0 1.75162 1.8737276 4.031069 -97.50963 -1.7868195 5.544665 -0.04500636
56 1 Car 0 0 0 0 0 0 0 1.8106833 1.9451921 4.505368 -25.586075 -1.2022824 3.3328624 -0.026179979
56 2 Car 0 0 0 0 0 0 0 1.6883376 2.0884364 4.45888 1.6987543 -1.3785254 3.0280533 0.078539826
56 4 Car 0 0 0 0 0 0 0 2.0152442 1.8697643 5.1753407 25.912327 -1.4315585 4.8701835 0.020453054
56 101 Car 0 0 0 0 0 0 0 1.8339144 2.0552752 4.83691 -77.13757 -1.4411534 7.4262934 -0.07031059
56 7 Car 0 0 0 0 0 0 0 2.2155313 2.2312424 5.414951 -57.674072 -1.0634551 1.647243 -0.07853985
56 103 Car 0 0 0 0 0 0 0 1.9109883 1.9694529 4.8509655 -40.110916 -1.1608044 4.4864264 -0.07031061
56 105 Car 0 0 0 0 0 0 0 1.7516689 1.8737752 4.0310864 -97.64367 -1.6617756 5.702489 -0.04401868
57 1 Car 0 0 0 0 0 0 0 1.8106833 1.9451923 4.505368 -25.980537 -1.2085686 3.345578 -0.026179925
57 2 Car 0 0 0 0 0 0 0 1.6883374 2.0884364 4.45888 1.5087076 -1.3754507 2.994782 0.07853981
57 4 Car 0 0 0 0 0 0 0 2.0152442 1.8697643 5.1753407 25.659042 -1.4219393 4.8499875 0.020657618
57 101 Car 0 0 0 0 0 0 0 1.8339684 2.0552804 4.8370442 -77.36146 -1.3009367 7.495976 -0.073334515
57 7 Car 0 0 0 0 0 0 0 2.2155313 2.2312422 5.414951 -57.762844 -1.2205138 1.8429228 -0.052359894
57 103 Car 0 0 0 0 0 0 0 1.9110446 1.969458 4.851101 -40.63021 -1.0776684 4.525858 -0.073334426
57 105 Car 0 0 0 0 0 0 0 1.7517204 1.8737757 4.031203 -97.77826 -1.426854 5.891924 -0.04371599
58 1 Car 0 0 0 0 0 0 0 1.8106831 1.9451923 4.505368 -26.331497 -1.2151808 3.372644 -0.026179925
58 2 Car 0 0 0 0 0 0 0 1.6883374 2.0884366 4.4588804 1.3564558 -1.3754507 2.9677413 0.026179958
58 4 Car 0 0 0 0 0 0 0 2.0152442 1.8697643 5.1753407 25.405756 -1.4123204 4.829791 0.020862136
58 101 Car 0 0 0 0 0 0 0 1.83391 2.0552254 4.8370233 -78.04868 -1.3742802 7.787172 -0.07809465
58 7 Car 0 0 0 0 0 0 0 2.2155313 2.2312422 5.414952 -57.77822 -1.1373504 1.8593385 -0.025873141
58 103 Car 0 0 0 0 0 0 0 1.910984 1.9694053 4.8510795 -41.487602 -1.1245233 4.6466317 -0.07809463
59 1 Car 0 0 0 0 0 0 0 1.8106833 1.9451921 4.505368 -26.683283 -1.2221655 3.4079704 -0.026179979
59 2 Car 0 0 0 0 0 0 0 1.6883374 2.0884364 4.4588804 1.2271919 -1.4184003 3.0344214 -0.026179973
59 4 Car 0 0 0 0 0 0 0 2.0152445 1.8697643 5.1753407 25.15247 -1.4027013 4.8095956 0.02106663
59 101 Car 0 0 0 0 0 0 0 1.8338475 2.0552037 4.836909 -77.70552 -1.3916783 7.7778687 -0.079110004
59 7 Car 0 0 0 0 0 0 0 2.2155313 2.2312427 5.4149523 -57.897224 -0.8990996 2.0346832 0.0006135976
59 103 Car 0 0 0 0 0 0 0 1.9109186 1.9693846 4.850966 -41.39257 -1.0720751 4.667323 -0.07910997
60 1 Car 0 0 0 0 0 0 0 1.8106833 1.9451923 4.505368 -26.987026 -1.2245867 3.37575 -0.026179925
60 2 Car 0 0 0 0 0 0 0 1.6883376 2.0884366 4.45888 1.0816827 -1.412909 2.9348955 -0.07853983
60 4 Car 0 0 0 0 0 0 0 2.0152442 1.8697646 5.1753416 24.899183 -1.393082 4.7893996 0.021271192
60 101 Car 0 0 0 0 0 0 0 1.8338723 2.055238 4.836887 -77.85351 -1.3718519 7.9297247 -0.0809228
60 7 Car 0 0 0 0 0 0 0 2.2155313 2.2312424 5.4149523 -57.95597 -1.1039553 1.8517729 0.027100323
60 103 Car 0 0 0 0 0 0 0 1.9109446 1.969418 4.850944 -41.738804 -1.024438 4.6933126 -0.08092281
61 1 Car 0 0 0 0 0 0 0 1.8106833 1.9451922 4.505368 -27.447762 -1.2253318 3.4199467 -0.026179979
61 2 Car 0 0 0 0 0 0 0 1.6883376 2.0884366 4.4588804 0.8532119 -1.3588482 2.938274 -0.026179917
61 4 Car 0 0 0 0 0 0 0 2.0152442 1.8697643 5.17534 24.645899 -1.3834629 4.7692037 0.021475764
61 101 Car 0 0 0 0 0 0 0 1.8339067 2.055273 4.836887 -78.041885 -1.350401 7.9936433 -0.0820228
61 7 Car 0 0 0 0 0 0 0 2.2155313 2.2312424 5.4149528 -57.965607 -1.2866554 2.0511649 -0.06858599
61 103 Car 0 0 0 0 0 0 0 1.9109803 1.9694512 4.8509455 -42.20779 -0.99921024 4.676998 -0.08202267
62 1 Car 0 0 0 0 0 0 0 1.8106833 1.9451921 4.505368 -27.78983 -1.2285913 3.4711063 -0.026179979
62 2 Car 0 0 0 0 0 0 0 1.6883376 2.0884366 4.4588804 0.64942837 -1.3570035 3.0354347 0.026179917
62 4 Car 0 0 0 0 0 0 0 2.0152442 1.8697646 5.1753407 24.392614 -1.3738439 4.749007 0.021680258
62 101 Car 0 0 0 0 0 0 0 1.8338971 2.055285 4.8368416 -78.20784 -1.3355553 8.086088 -0.08282922
62 7 Car 0 0 0 0 0 0 0 2.2155313 2.2312424 5.4149523 -57.951286 -1.401505 2.1291897 -0.10318577
62 103 Car 0 0 0 0 0 0 0 1.9109703 1.9694625 4.8508973 -42.56595 -0.9516887 4.7121983 -0.0828292
63 1 Car 0 0 0 0 0 0 0 1.8106833 1.945192 4.505368 -28.113111 -1.2337133 3.4859223 -0.026179925
63 2 Car 0 0 0 0 0 0 0 1.6883376 2.0884364 4.4588804 -0.74597406 -1.3576185 2.9689326 0.026179932
63 4 Car 0 0 0 0 0 0 0 2.0152442 1.869764 5.175341 24.13933 -1.3642248 4.7288113 0.02188478
63 101 Car 0 0 0 0 0 0 0 1.8338802 2.0552812 4.836809 -78.36117 -1.3761307 8.199856 -0.08340406
63 7 Car 0 0 0 0 0 0 0 2.2155313 2.2312422 5.414952 -57.91026 -0.91816115 2.2025657 -0.13778557
63 103 Car 0 0 0 0 0 0 0 1.9109523 1.9694586 4.8508625 -42.955345 -0.8544998 4.7103443 -0.08340411
64 1 Car 0 0 0 0 0 0 0 1.8106831 1.9451923 4.505368 -28.441246 -1.2368797 3.4941177 -0.026179925
64 2 Car 0 0 0 0 0 0 0 1.6883376 2.0884366 4.4588804 0.18883538 -1.3588482 3.0291772 0.026179917
64 4 Car 0 0 0 0 0 0 0 2.015244 1.8697643 5.1753407 23.771065 -1.3546056 4.7060986 0.022089306
64 101 Car 0 0 0 0 0 0 0 1.8338934 2.0552812 4.8368435 -78.54003 -1.3272511 8.254861 -0.08387986
64 7 Car 0 0 0 0 0 0 0 2.2155313 2.231243 5.4149523 -57.842705 -0.9222343 2.2703722 -0.17238535
64 103 Car 0 0 0 0 0 0 0 1.9109669 1.9694583 4.8508983 -43.447018 -0.73746496 4.725668 -0.083879925
65 1 Car 0 0 0 0 0 0 0 1.8106831 1.9451921 4.505368 -28.788616 -1.2385559 3.522311 -0.026179979
65 2 Car 0 0 0 0 0 0 0 1.6883376 2.0884366 4.4588804 -0.5124061 -1.3619229 2.9998834 0.026179945
65 4 Car 0 0 0 0 0 0 0 2.0152442 1.8697643 5.175341 23.504223 -1.3691581 4.6802626 0.022293873
65 101 Car 0 0 0 0 0 0 0 1.8338859 2.0552776 4.8368278 -78.698906 -1.368677 8.298056 -0.1370083
65 7 Car 0 0 0 0 0 0 0 2.2155313 2.2312427 5.4149504 -58.005074 -0.837686 2.1586454 -0.07608546
65 103 Car 0 0 0 0 0 0 0 1.9109585 1.9694594 4.8508773 -43.736168 -0.8401491 4.773776 -0.08464165
66 1 Car 0 0 0 0 0 0 0 1.8106833 1.9451923 4.505368 -29.09261 -1.2439575 3.543883 -0.026179925
66 2 Car 0 0 0 0 0 0 0 1.6883373 2.0884361 4.45888 -1.3173394 -1.3668419 2.940141 0.0785398
66 4 Car 0 0 0 0 0 0 0 2.0152442 1.8697641 5.175341 23.237383 -1.3837107 4.6544266 0.022498377
66 101 Car 0 0 0 0 0 0 0 1.8338504 2.0552752 4.8367414 -77.13492 -1.3931304 8.227182 -0.1369512
66 7 Car 0 0 0 0 0 0 0 2.2155313 2.2312424 5.414953 -58.16635 -0.7088271 2.3543057 -0.119411886
66 103 Car 0 0 0 0 0 0 0 1.9109213 1.9694579 4.850785 -42.404816 -0.8265201 4.653514 -0.08458376
66 105 Car 0 0 0 0 0 0 0 1.7516077 1.87378 4.030936 -97.079414 -1.7966895 6.9732494 -0.025015313
67 1 Car 0 0 0 0 0 0 0 1.8106834 1.9451921 4.505368 -29.425125 -1.2448422 3.5435576 -0.026179979
67 2 Car 0 0 0 0 0 0 0 1.6883376 2.0884366 4.45888 -1.4858427 -1.3693018 2.8965242 0.07853983
67 4 Car 0 0 0 0 0 0 0 2.0152442 1.8697644 5.175341 22.970543 -1.3982633 4.6285906 0.022702947
67 101 Car 0 0 0 0 0 0 0 1.8338517 2.05527 4.8367543 -79.04708 -1.4152067 8.3978 -0.13808638
67 7 Car 0 0 0 0 0 0 0 2.2155313 2.2312424 5.414954 -58.317753 -0.6003494 2.4452271 -0.08419848
67 103 Car 0 0 0 0 0 0 0 1.9109228 1.9694542 4.850797 -44.470673 -0.9412724 4.823571 -0.08571902
68 1 Car 0 0 0 0 0 0 0 1.8106831 1.9451921 4.5053673 -29.749638 -1.2495451 3.5102859 -0.02617993
68 2 Car 0 0 0 0 0 0 0 1.6883376 2.0884364 4.45888 -1.7122774 -1.374836 2.9186926 0.0785398
68 4 Car 0 0 0 0 0 0 0 2.0152442 1.8697643 5.1753407 22.720476 -1.412906 4.629865 0.022907406
68 101 Car 0 0 0 0 0 0 0 1.8338798 2.0552745 4.836822 -79.264114 -1.362979 8.497458 -0.13940439
68 7 Car 0 0 0 0 0 0 0 2.2155313 2.2312422 5.414953 -58.592026 -0.49187168 2.4408655 -0.0620751
68 103 Car 0 0 0 0 0 0 0 1.9109526 1.9694573 4.850867 -44.843742 -0.937322 4.799348 -0.08703776
69 1 Car 0 0 0 0 0 0 0 1.8106833 1.9451921 4.505367 -30.070972 -1.0909973 3.4887085 -0.043633215
69 2 Car 0 0 0 0 0 0 0 1.6883376 2.0884364 4.45888 -1.8626218 -1.3785254 2.9227285 0.07853981
69 4 Car 0 0 0 0 0 0 0 2.0152442 1.8697644 5.17534 22.470407 -1.4275486 4.6311398 0.023111984
69 101 Car 0 0 0 0 0 0 0 1.8339355 2.0552802 4.83695 -79.42273 -1.2575418 8.548097 -0.14002238
69 7 Car 0 0 0 0 0 0 0 2.2155313 2.2312422 5.4149523 -58.64355 -0.84865564 2.4649417 -0.05740496
69 103 Car 0 0 0 0 0 0 0 1.9110104 1.9694598 4.8510017 -45.219734 -0.892334 4.896887 -0.08765707
70 1 Car 0 0 0 0 0 0 0 1.8106833 1.9451923 4.5053663 -30.390991 -1.2576939 3.5199265 -0.026179936
70 2 Car 0 0 0 0 0 0 0 1.6883373 2.0884364 4.45888 -2.073007 -1.3871341 2.9116015 0.0785398
70 4 Car 0 0 0 0 0 0 0 2.0152442 1.8697643 5.1753416 22.22034 -1.442191 4.6324143 0.023316551
70 101 Car 0 0 0 0 0 0 0 1.833946 2.055284 4.8369737 -79.599915 -1.2501523 8.547362 -0.08803767
70 7 Car 0 0 0 0 0 0 0 2.2155313 2.2312422 5.414952 -58.721836 -0.7512555 2.4934096 -0.08764143
70 103 Car 0 0 0 0 0 0 0 1.9110212 1.9694619 4.85103 -45.597122 -0.94101584 4.883134 -0.0880377
71 1 Car 0 0 0 0 0 0 0 1.8106833 1.945192 4.5053678 -30.589256 -1.2618381 3.486889 -0.017453289
71 2 Car 0 0 0 0 0 0 0 1.6883373 2.0884364 4.45888 -2.2562227 -1.3807455 2.910575 0.078539826
71 4 Car 0 0 0 0 0 0 0 2.0152442 1.8697643 5.1753407 21.970272 -1.4568337 4.6336894 0.023521062
71 101 Car 0 0 0 0 0 0 0 1.8338504 2.0552833 4.836724 -79.767876 -1.4584429 8.626088 -0.14078236
71 7 Car 0 0 0 0 0 0 0 2.2154472 2.2312415 5.4147487 -58.800293 -0.7646321 2.520487 -0.12224584
71 103 Car 0 0 0 0 0 0 0 1.9109216 1.9694586 4.8507857 -45.864296 -0.9118629 4.887651 -0.08841452
72 1 Car 0 0 0 0 0 0 0 1.8106833 1.945192 4.505368 -30.893517 -1.2635145 3.4023004 -0.026179925
72 2 Car 0 0 0 0 0 0 0 1.6883376 2.0884364 4.45888 -2.4438086 -1.388364 2.9196749 0.078539826
72 4 Car 0 0 0 0 0 0 0 2.0152442 1.8697641 5.1753407 21.720203 -1.4714761 4.6349635 0.023725592
72 101 Car 0 0 0 0 0 0 0 1.8337783 2.0552833 4.8365235 -79.92493 -1.5259669 8.679812 -0.14023073
72 7 Car 0 0 0 0 0 0 0 2.2155313 2.2312424 5.414953 -58.878742 -0.77800864 2.5475645 -0.14811435
72 103 Car 0 0 0 0 0 0 0 1.9108465 1.9694579 4.8505926 -46.320183 -0.89532465 4.964163 -0.08786076
73 1 Car 0 0 0 0 0 0 0 1.8106833 1.945192 4.5053663 -31.281132 -1.2657962 3.5118155 -0.026179936
73 2 Car 0 0 0 0 0 0 0 1.6883374 2.0884366 4.4588804 -2.660801 -1.3809849 2.786718 0.13089973
73 4 Car 0 0 0 0 0 0 0 2.0152442 1.8697642 5.1753407 21.470135 -1.4861187 4.6362386 0.023930103
73 101 Car 0 0 0 0 0 0 0 1.8337034 2.0552843 4.83634 -80.12932 -1.585615 8.7294445 -0.14125562
73 7 Car 0 0 0 0 0 0 0 2.2155313 2.2312422 5.4149523 -58.98342 -0.7692299 2.5845318 -0.038724486
73 103 Car 0 0 0 0 0 0 0 1.9107686 1.9694583 4.8504004 -46.72804 -0.87461424 4.9273577 -0.08888376
74 1 Car 0 0 0 0 0 0 0 1.8106833 1.9451921 4.505369 -31.497288 -1.2699404 3.4064202 -0.034906566
74 2 Car 0 0 0 0 0 0 0 1.6883376 2.0884364 4.4588804 -2.827569 -1.3785254 2.8506258 0.026179958
74 4 Car 0 0 0 0 0 0 0 2.0152442 1.8697643 5.175341 21.220068 -1.5007614 4.637513 0.024134655
74 101 Car 0 0 0 0 0 0 0 1.8336884 2.0552835 4.8363037 -80.29239 -1.6319155 8.731834 -0.14130917
74 7 Car 0 0 0 0 0 0 0 2.2155313 2.2312422 5.4149523 -58.72532 -0.80476165 2.5125542 -0.008419277
74 103 Car 0 0 0 0 0 0 0 1.910753 1.9694619 4.8503513 -46.920376 -0.89664036 4.9266105 -0.08893687
75 1 Car 0 0 0 0 0 0 0 1.8106834 1.9451919 4.5053678 -31.82161 -1.0950657 3.390051 -0.017453289
75 2 Car 0 0 0 0 0 0 0 1.6883374 2.0884366 4.4588804 -1.9640265 -1.3754507 2.9128385 0.026179984
75 4 Car 0 0 0 0 0 0 0 2.0152442 1.8697643 5.1753397 20.95538 -1.5038489 4.6298823 0.024339147
75 101 Car 0 0 0 0 0 0 0 1.8337336 2.0552828 4.8364115 -80.48548 -1.5763061 8.755552 -0.14196329
75 7 Car 0 0 0 0 0 0 0 2.2155313 2.2312427 5.4149523 -58.689358 -0.8181382 2.5889635 -0.109013736
75 103 Car 0 0 0 0 0 0 0 1.9108 1.9694623 4.850465 -47.247658 -0.879673 4.9960213 -0.089592084
76 1 Car 0 0 0 0 0 0 0 1.8106833 1.9451919 4.5053673 -32.129196 -1.0952517 3.3673546 0.0
76 2 Car 0 0 0 0 0 0 0 1.6883373 2.0884364 4.45888 -2.0321975 -1.3772955 3.0384536 0.0785398
76 4 Car 0 0 0 0 0 0 0 2.0152442 1.8697646 5.17534 20.69069 -1.5069364 4.622251 0.024543658
76 101 Car 0 0 0 0 0 0 0 1.8338113 2.0552857 4.836615 -80.668564 -1.4466225 8.79126 -0.14347616
76 7 Car 0 0 0 0 0 0 0 2.2155313 2.2312427 5.414954 -58.630585 -0.8342841 2.6173043 -0.23578802
76 103 Car 0 0 0 0 0 0 0 1.9108808 1.9694614 4.850675 -47.555805 -0.8247262 5.027495 -0.091107205
77 1 Car 0 0 0 0 0 0 0 1.8106833 1.9451921 4.505369 -32.43351 -1.2797189 3.4598804 -0.026179973
77 2 Car 0 0 0 0 0 0 0 1.6883376 2.0884364 4.4588804 -2.2184105 -1.3791404 3.0339675 0.13089971
77 4 Car 0 0 0 0 0 0 0 2.0152442 1.8697643 5.1753407 20.425028 -1.509394 4.6145964 0.024748173
77 101 Car 0 0 0 0 0 0 0 1.8338675 2.0552702 4.836789 -80.90374 -1.1938906 8.849857 -0.14363156
77 7 Car 0 0 0 0 0 0 0 2.2155313 2.2312427 5.4149513 -58.845764 -0.8725854 2.6373625 -0.17930299
77 103 Car 0 0 0 0 0 0 0 1.9109397 1.9694417 4.850863 -47.908337 -0.75628465 5.0462594 -0.09126494
78 1 Car 0 0 0 0 0 0 0 1.8106833 1.9451921 4.505367 -32.67698 -1.2838631 3.4411297 -0.043633297
78 2 Car 0 0 0 0 0 0 0 1.6883374 2.0884364 4.45888 -2.3777719 -1.3852893 3.067274 0.07853981
78 4 Car 0 0 0 0 0 0 0 2.0152442 1.8697644 5.17534 20.159369 -1.5118518 4.606941 0.024952756
78 101 Car 0 0 0 0 0 0 0 1.8338606 2.0552392 4.83685 -81.08089 -1.1071973 8.889745 -0.14520326
78 7 Car 0 0 0 0 0 0 0 2.2155313 2.2312422 5.4149537 -58.963768 -0.866576 2.5493517 -0.10536453
78 103 Car 0 0 0 0 0 0 0 1.9109325 1.9694074 4.8509336 -48.24695 -0.69065714 5.058049 -0.09283821
79 1 Car 0 0 0 0 0 0 0 1.8106833 1.9451919 4.505369 -32.927753 -1.2885661 3.3540168 0.008726653
79 2 Car 0 0 0 0 0 0 0 1.6883373 2.0884364 4.45888 -2.5592523 -1.3702294 3.0653205 0.07853981
79 4 Car 0 0 0 0 0 0 0 2.0152442 1.8697643 5.1753397 19.893707 -1.5143096 4.599286 0.02515734
79 101 Car 0 0 0 0 0 0 0 1.8338099 2.055208 4.836791 -81.29573 -1.1416116 8.888985 -0.1456286
79 7 Car 0 0 0 0 0 0 0 2.2155313 2.2312427 5.414952 -59.04785 -0.85502785 2.6505318 -0.10014844
79 103 Car 0 0 0 0 0 0 0 1.9108796 1.9693742 4.850885 -48.80232 -0.69349015 5.0879064 -0.09326376
80 1 Car 0 0 0 0 0 0 0 1.8106831 1.9451922 4.5053697 -33.17626 -1.2922912 3.3975062 -0.017453281
80 2 Car 0 0 0 0 0 0 0 1.6883376 2.0884361 4.45888 -2.7525444 -1.3736565 3.0548484 0.07853979
80 4 Car 0 0 0 0 0 0 0 2.0152442 1.8697643 5.1753407 19.628048 -1.5167674 4.5916314 0.02536185
80 101 Car 0 0 0 0 0 0 0 1.8337858 2.0552177 4.8367023 -81.454315 -1.1917684 8.85372 -0.14670882
80 7 Car 0 0 0 0 0 0 0 2.2155313 2.2312427 5.414953 -59.08733 -0.8545573 2.658766 -0.07747902
80 103 Car 0 0 0 0 0 0 0 1.9108543 1.9693824 4.8507977 -48.94365 -0.70598876 5.1208816 -0.094342746
81 1 Car 0 0 0 0 0 0 0 1.8106833 1.9451919 4.5053673 -33.51941 -1.2944798 3.366073 0.0
81 2 Car 0 0 0 0 0 0 0 1.6883376 2.0884364 4.45888 -2.9375372 -1.3509521 3.0663643 0.078539826
81 4 Car 0 0 0 0 0 0 0 2.0152442 1.8697641 5.175341 19.362389 -1.519225 4.5839767 0.02556632
81 101 Car 0 0 0 0 0 0 0 1.8337613 2.0552404 4.8365903 -81.65566 -1.2757181 8.917866 -0.14812896
81 7 Car 0 0 0 0 0 0 0 2.2155313 2.2312422 5.414951 -59.153812 -0.85408676 2.6690955 -0.10716954
81 103 Car 0 0 0 0 0 0 0 1.9108291 1.969406 4.850681 -49.20711 -0.7444675 5.17651 -0.095761195
82 1 Car 0 0 0 0 0 0 0 1.8106833 1.9451921 4.5053673 -33.68759 -1.296063 3.4047356 -0.008726656
82 2 Car 0 0 0 0 0 0 0 1.6883374 2.0884361 4.45888 -3.1271486 -1.3359585 3.0963285 0.07853979
82 4 Car 0 0 0 0 0 0 0 2.0152442 1.8697644 5.1753407 19.132082 -1.5468735 4.577194 0.025770888
82 101 Car 0 0 0 0 0 0 0 1.8337331 2.0552623 4.8364677 -81.84426 -1.4248306 8.943769 -0.14892447
82 7 Car 0 0 0 0 0 0 0 2.2155313 2.2312422 5.414951 -59.220284 -0.85361624 2.6794252 -0.13686004
82 103 Car 0 0 0 0 0 0 0 1.9107996 1.9694302 4.8505497 -49.537262 -0.73604333 5.176898 -0.096554674
83 1 Car 0 0 0 0 0 0 0 1.8106833 1.9451921 4.505369 -34.069305 -1.2983446 3.4411654 0.0
83 2 Car 0 0 0 0 0 0 0 1.6883373 2.0884364 4.45888 -3.320003 -1.3351016 3.015277 0.078539826
83 4 Car 0 0 0 0 0 0 0 2.0152442 1.8697646 5.1753407 18.901775 -1.5745215 4.5704117 0.025975432
83 101 Car 0 0 0 0 0 0 0 1.8337333 2.055273 4.8364353 -82.05893 -1.4414003 8.951977 -0.14959349
83 7 Car 0 0 0 0 0 0 0 2.2155313 2.2312424 5.4149547 -59.286766 -0.85314566 2.6897547 -0.16218705
83 103 Car 0 0 0 0 0 0 0 1.9107997 1.9694426 4.8505125 -49.90973 -0.7334534 5.1982837 -0.09722297
84 1 Car 0 0 0 0 0 0 0 1.8106831 1.9451919 4.505371 -34.274426 -1.1153841 3.4125948 0.0
84 2 Car 0 0 0 0 0 0 0 1.6883373 2.0884366 4.4588795 -3.5098174 -1.3518087 2.9503047 0.07853985
84 4 Car 0 0 0 0 0 0 0 2.015244 1.8697644 5.175341 18.671469 -1.6021699 4.563629 0.026179947
84 101 Car 0 0 0 0 0 0 0 1.8337505 2.0552797 4.8364716 -82.274895 -1.3211365 8.99568 -0.15031844
84 7 Car 0 0 0 0 0 0 0 2.2155313 2.2312422 5.414953 -59.326725 -0.85267514 2.6945963 -0.18315092
84 103 Car 0 0 0 0 0 0 0 1.9108176 1.9694523 4.8505425 -50.213238 -0.7255323 5.159717 -0.097948134
85 1 Car 0 0 0 0 0 0 0 1.8106833 1.945192 4.505369 -34.54043 -1.3038858 3.384863 0.008726627
85 2 Car 0 0 0 0 0 0 0 1.6883373 2.0884366 4.4588804 -3.7145839 -1.3518087 3.069556 0.026179917
85 4 Car 0 0 0 0 0 0 0 2.015244 1.8697643 5.17534 18.35917 -1.5940732 4.5461636 0.026179928
85 101 Car 0 0 0 0 0 0 0 1.8338206 2.0552835 4.836636 -82.49307 -1.2202373 8.9570675 -0.1511569
85 7 Car 0 0 0 0 0 0 0 2.2155313 2.2312427 5.414953 -59.36669 -0.85220456 2.6994379 -0.16048157
85 103 Car 0 0 0 0 0 0 0 1.9108906 1.9694576 4.850704 -50.601463 -0.6938877 5.219506 -0.09878813
86 1 Car 0 0 0 0 0 0 0 1.8106833 1.9451921 4.5053654 -34.803207 -1.3067727 3.4049497 -0.034906622
86 2 Car 0 0 0 0 0 0 0 1.6883373 2.0884366 4.4588804 -3.9315228 -1.3512716 3.102141 0.026179932
86 4 Car 0 0 0 0 0 0 0 2.015244 1.8697643 5.1753407 18.125677 -1.5859765 4.5577254 0.02617988
86 101 Car 0 0 0 0 0 0 0 1.8339114 2.0552847 4.8368883 -82.71991 -1.0663421 8.940872 -0.0994556
86 7 Car 0 0 0 0 0 0 0 2.2155313 2.2312424 5.4149494 -59.360497 -0.85173404 2.693566 -0.1116323
86 103 Car 0 0 0 0 0 0 0 1.9109855 1.9694617 4.8509426 -50.88685 -0.67759484 5.243105 -0.0994557
87 1 Car 0 0 0 0 0 0 0 1.8106831 1.9451921 4.505369 -34.973057 -1.3100322 3.40056 -0.008726653
87 2 Car 0 0 0 0 0 0 0 1.6883373 2.0884366 4.4588804 -4.1468525 -1.344072 3.1322436 0.026179932
87 4 Car 0 0 0 0 0 0 0 2.0152442 1.8697643 5.17534 17.941868 -1.579276 4.5459657 0.026179928
87 101 Car 0 0 0 0 0 0 0 1.8339399 2.0552804 4.8369684 -82.95427 -0.95880497 9.041564 -0.15245879
87 7 Car 0 0 0 0 0 0 0 2.2155313 2.2312424 5.414953 -59.728218 -1.0764694 2.4672594 -0.13089967
87 103 Car 0 0 0 0 0 0 0 1.9110148 1.9694611 4.8510194 -51.455044 -0.610628 5.3351116 -0.10009365
88 1 Car 0 0 0 0 0 0 0 1.8106831 1.9451921 4.505369 -35.276154 -1.3145956 3.451764 0.00872668
88 2 Car 0 0 0 0 0 0 0 1.6883374 2.0884364 4.45888 -4.4139805 -1.3284502 2.9929123 0.078539826
88 4 Car 0 0 0 0 0 0 0 2.015244 1.8697643 5.1753407 17.724333 -1.4927357 4.534916 0.02617988
88 101 Car 0 0 0 0 0 0 0 1.8339344 2.0552707 4.836978 -83.17215 -0.9029385 9.074147 -0.15395494
88 7 Car 0 0 0 0 0 0 0 2.2155313 2.2312427 5.4149523 -59.529205 -1.0098872 1.6552899 0.49741885
88 103 Car 0 0 0 0 0 0 0 1.9110092 1.9694531 4.8510227 -51.494247 -0.53937495 5.3386874 -0.1015902
89 1 Car 0 0 0 0 0 0 0 1.8106833 1.9451919 4.5053673 -35.51378 -1.3169703 3.3874798 -0.008726656
89 2 Car 0 0 0 0 0 0 0 1.6883374 2.0884366 4.45888 -4.674433 -1.3291011 3.0659602 0.07853984
89 4 Car 0 0 0 0 0 0 0 2.0152442 1.8697643 5.1753407 17.468025 -1.4831942 4.543133 0.026179926
89 101 Car 0 0 0 0 0 0 0 1.8338559 2.055233 4.836861 -83.40016 -0.9942187 9.085543 -0.15406363
89 7 Car 0 0 0 0 0 0 0 2.2155313 2.2312427 5.4149504 -59.75509 -1.0105845 2.57444 -0.23561954
89 103 Car 0 0 0 0 0 0 0 1.9109278 1.9694242 4.850889 -51.75922 -0.4423557 5.3528137 -0.10169826
90 1 Car 0 0 0 0 0 0 0 1.8106833 1.9451921 4.5053673 -35.871445 -1.3211145 3.3718023 -0.008726656
90 2 Car 0 0 0 0 0 0 0 1.6883373 2.0884361 4.4588804 -4.939628 -1.3352847 3.0839775 0.078539774
90 4 Car 0 0 0 0 0 0 0 2.0152442 1.8697643 5.175341 17.282124 -1.4810996 4.5311847 0.026179878
90 101 Car 0 0 0 0 0 0 0 1.8336744 2.0551562 4.8365617 -83.630035 -1.2274183 9.2075 -0.15494493
90 7 Car 0 0 0 0 0 0 0 2.2155313 2.2312422 5.4149523 -59.84532 -0.92605495 2.4921172 -0.23561946
90 103 Car 0 0 0 0 0 0 0 1.9107385 1.9693606 4.8505626 -52.065796 -0.5475555 5.293386 -0.10257806
91 1 Car 0 0 0 0 0 0 0 1.8106831 1.9451919 4.5053687 -36.09664 -1.3216267 3.396812 -0.017453285
91 2 Car 0 0 0 0 0 0 0 1.6883373 2.0884361 4.45888 -5.2382054 -1.3105471 3.0941925 0.07853979
91 4 Car 0 0 0 0 0 0 0 2.0152442 1.8697644 5.1753407 17.132412 -1.4970412 4.612771 0.078539826
91 101 Car 0 0 0 0 0 0 0 1.8337307 2.0551527 4.8367076 -83.88272 -1.1197263 9.158447 -0.15543364
91 7 Car 0 0 0 0 0 0 0 2.2155313 2.2312424 5.414953 -59.88598 -1.0782129 2.5634542 -0.13089967
91 103 Car 0 0 0 0 0 0 0 1.9107974 1.9693558 4.850715 -52.500652 -0.50488245 5.3544636 -0.103068456
92 1 Car 0 0 0 0 0 0 0 1.8106833 1.945192 4.50537 -36.466515 -1.3262831 3.5716195 -0.026179915
92 2 Car 0 0 0 0 0 0 0 1.6883373 2.0884366 4.4588804 -5.4872665 -1.3447229 3.180829 0.026179984
92 4 Car 0 0 0 0 0 0 0 2.0152442 1.8697641 5.1753407 16.918509 -1.4749326 4.532293 0.078539826
92 101 Car 0 0 0 0 0 0 0 1.8338256 2.0552094 4.83683 -84.133194 -1.0128837 9.159954 -0.15613362
92 7 Car 0 0 0 0 0 0 0 2.2155313 2.2312424 5.414953 -59.931007 -0.9893592 2.5483632 -0.13089967
92 103 Car 0 0 0 0 0 0 0 1.9108961 1.9694033 4.8508544 -52.684315 -0.45238137 5.3226733 -0.103768446
93 1 Car 0 0 0 0 0 0 0 1.8106833 1.9451921 4.505371 -36.75475 -1.3286114 3.386803 0.0
93 2 Car 0 0 0 0 0 0 0 1.6883373 2.0884364 4.4588804 -5.7727275 -1.3391606 3.1882157 0.026179904
93 4 Car 0 0 0 0 0 0 0 2.0152442 1.8697643 5.175341 16.71816 -1.4634126 4.518191 0.026179878
93 101 Car 0 0 0 0 0 0 0 1.8338155 2.0552459 4.8367233 -84.35708 -1.0260155 9.310541 -0.15777811
93 7 Car 0 0 0 0 0 0 0 2.2155313 2.2312427 5.4149528 -59.99871 -1.0559645 2.2768676 -0.07853982
93 103 Car 0 0 0 0 0 0 0 1.9108853 1.9694355 4.850756 -53.0689 -0.5427398 5.3556037 -0.10541086
94 1 Car 0 0 0 0 0 0 0 1.8106833 1.9451919 4.505369 -36.95393 -1.3343854 3.4428253 -0.034906592
94 2 Car 0 0 0 0 0 0 0 1.6883373 2.0884366 4.4588804 -5.9912796 -1.3171988 3.183068 0.026179932
94 4 Car 0 0 0 0 0 0 0 2.015244 1.8697641 5.1753397 16.512884 -1.5270661 4.5195794 0.07853984
94 101 Car 0 0 0 0 0 0 0 1.8337235 2.0552554 4.836457 -84.656525 -1.263048 9.25159 -0.1581593
94 7 Car 0 0 0 0 0 0 0 2.2155313 2.2312427 5.4149528 -59.983955 -0.96766883 2.2311456 -0.078539796
94 103 Car 0 0 0 0 0 0 0 1.9107895 1.9694445 4.8504853 -53.3402 -0.6886513 5.373431 -0.10578926
95 1 Car 0 0 0 0 0 0 0 1.8106831 1.9451921 4.5053673 -37.11448 -1.3379244 3.4724379 0.0
95 2 Car 0 0 0 0 0 0 0 1.6883374 2.0884366 4.4588804 -6.3040237 -1.2982674 3.1287007 0.026179984
95 4 Car 0 0 0 0 0 0 0 2.0152442 1.8697643 5.17534 16.300758 -1.5237159 4.461481 0.026179928
95 101 Car 0 0 0 0 0 0 0 1.833585 2.0552247 4.8361506 -84.8994 -1.5713369 9.319149 -0.15894951
95 7 Car 0 0 0 0 0 0 0 2.2155313 2.2312424 5.4149547 -60.084503 -0.8112798 2.4976048 -0.0785398
95 103 Car 0 0 0 0 0 0 0 1.9106452 1.9694215 4.8501654 -53.67521 -0.7772805 5.447815 -0.106576495
96 1 Car 0 0 0 0 0 0 0 1.8106833 1.9451921 4.505369 -37.4409 -1.1217774 3.480925 -0.034906592
96 2 Car 0 0 0 0 0 0 0 1.6883376 2.0884366 4.4588804 -6.5484233 -1.2816068 3.1605597 0.026179988
96 4 Car 0 0 0 0 0 0 0 2.0152442 1.8697642 5.1753407 16.079924 -1.603251 4.505519 0.02617995
96 101 Car 0 0 0 0 0 0 0 1.8336359 2.0552268 4.836295 -85.16315 -1.4264705 9.3317 -0.15932742
96 7 Car 0 0 0 0 0 0 0 2.2155313 2.2312424 5.414951 -60.160507 -0.44310632 2.6081386 -0.026179958
96 103 Car 0 0 0 0 0 0 0 1.9106984 1.9694234 4.8503118 -53.992493 -0.6546968 5.3840466 -0.10695587
97 1 Car 0 0 0 0 0 0 0 1.8106833 1.9451921 4.5053673 -37.703568 -1.1241021 3.4469604 -0.008726656
97 2 Car 0 0 0 0 0 0 0 1.6883373 2.0884366 4.4588804 -6.7928524 -1.295095 3.2064552 0.026179928
97 4 Car 0 0 0 0 0 0 0 2.015244 1.8697642 5.17534 15.888302 -1.8380798 4.483528 0.026179953
97 101 Car 0 0 0 0 0 0 0 1.8336842 2.055225 4.836425 -85.4678 -1.3294201 9.408997 -0.15941474
97 7 Car 0 0 0 0 0 0 0 2.2155313 2.2312424 5.4149528 -60.241325 -0.53172755 2.5058563 -0.026179949
97 103 Car 0 0 0 0 0 0 0 1.9107485 1.9694202 4.8504405 -54.362423 -0.5925671 5.461978 -0.10704474
98 1 Car 0 0 0 0 0 0 0 1.8106834 1.9451921 4.505371 -38.03549 -1.1264268 3.6674972 -0.00872665
98 2 Car 0 0 0 0 0 0 0 1.6883374 2.0884364 4.4588795 -7.0395393 -1.3067228 3.136847 0.0785398
98 4 Car 0 0 0 0 0 0 0 2.0152442 1.8697643 5.1753407 15.70643 -1.8236613 4.4780684 0.02617988
98 101 Car 0 0 0 0 0 0 0 1.8337753 2.0552526 4.8365993 -85.68044 -1.1270838 9.501621 -0.15933594
98 7 Car 0 0 0 0 0 0 0 2.2155313 2.2312424 5.414953 -60.30982 -0.8345509 2.501956 -0.13089967
98 103 Car 0 0 0 0 0 0 0 1.9108434 1.9694414 4.8506284 -54.661133 -0.5819782 5.492132 -0.10696736
99 1 Car 0 0 0 0 0 0 0 1.8106831 1.9451919 4.5053673 -38.17507 -1.1290306 3.6351807 0.0
99 2 Car 0 0 0 0 0 0 0 1.6883373 2.0884366 4.4588804 -7.308164 -1.3204436 3.186955 0.026179988
99 4 Car 0 0 0 0 0 0 0 2.0152442 1.8697643 5.1753407 15.50612 -1.5179865 4.5178432 0.026179926
99 101 Car 0 0 0 0 0 0 0 1.8338432 2.055258 4.836772 -85.942345 -1.0451994 9.553183 -0.15936443
99 7 Car 0 0 0 0 0 0 0 2.2155313 2.2312427 5.4149537 -60.365196 -0.9464202 2.5932508 -0.18325949
99 103 Car 0 0 0 0 0 0 0 1.9109142 1.9694451 4.850805 -54.818977 -0.5761001 5.541642 -0.106997654
100 1 Car 0 0 0 0 0 0 0 1.8106831 1.9451922 4.5053673 -38.48244 -1.1319598 3.7318888 -0.18325965
100 2 Car 0 0 0 0 0 0 0 1.6883376 2.0884366 4.4588804 -7.593148 -1.3297459 3.160973 0.026179928
100 4 Car 0 0 0 0 0 0 0 2.0152442 1.8697643 5.175341 15.3366585 -1.4888165 4.490773 0.026179878
100 101 Car 0 0 0 0 0 0 0 1.8337742 2.05525 4.8365984 -86.20412 -1.2128785 9.615782 -0.15918788
100 7 Car 0 0 0 0 0 0 0 2.2155313 2.2312424 5.4149528 -60.266457 -0.92549706 2.4600372 -0.026179949
100 103 Car 0 0 0 0 0 0 0 1.9108422 1.9694399 4.850631 -55.073967 -0.67502767 5.5719953 -0.10681916
101 1 Car 0 0 0 0 0 0 0 1.8106833 1.9451919 4.505369 -38.82249 -1.1306114 3.8315864 -0.18325958
101 2 Car 0 0 0 0 0 0 0 1.6883373 2.0884364 4.4588804 -7.900094 -1.2951484 3.1572747 0.026179956
101 4 Car 0 0 0 0 0 0 0 2.0152442 1.8697643 5.1753407 15.164225 -1.5612411 4.476179 0.02617988
101 101 Car 0 0 0 0 0 0 0 1.8337379 2.0552492 4.8365006 -86.48162 -1.2388215 9.693061 -0.15900226
101 7 Car 0 0 0 0 0 0 0 2.2155313 2.2312424 5.414953 -60.394165 -0.8350624 2.2281144 -0.13089967
101 103 Car 0 0 0 0 0 0 0 1.9108045 1.9694393 4.85053 -55.324596 -0.6473509 5.5967236 -0.10663269
102 1 Car 0 0 0 0 0 0 0 1.8106833 1.9451919 4.505369 -39.08104 -1.1325411 3.8773189 -0.18325958
102 2 Car 0 0 0 0 0 0 0 1.6883376 2.0884366 4.4588804 -8.299749 -1.2761637 3.1376696 0.026179984
102 4 Car 0 0 0 0 0 0 0 2.0152442 1.8697644 5.175341 14.984403 -1.5544024 4.4601707 0.026179947
102 101 Car 0 0 0 0 0 0 0 1.8336743 2.0552254 4.8363895 -86.74974 -1.2392489 9.751541 -0.15836433
102 7 Car 0 0 0 0 0 0 0 2.2155313 2.2312424 5.414953 -60.516098 -0.92465997 2.324079 -0.13089967
102 103 Car 0 0 0 0 0 0 0 1.9107382 1.9694208 4.8504076 -55.62587 -0.60713327 5.527834 -0.10599397
103 1 Car 0 0 0 0 0 0 0 1.8106833 1.9451919 4.505369 -39.36762 -1.1336801 3.95157 -0.18325958
103 2 Car 0 0 0 0 0 0 0 1.6883374 2.0884364 4.4588804 -8.595261 -1.2793279 3.113852 0.026179958
103 4 Car 0 0 0 0 0 0 0 2.0152442 1.8697642 5.1753407 14.79062 -1.4865828 4.47141 0.02617995
103 101 Car 0 0 0 0 0 0 0 1.8336844 2.0551915 4.836503 -87.066574 -1.1674325 9.791076 -0.15710342
103 7 Car 0 0 0 0 0 0 0 2.2155313 2.2312427 5.4149513 -60.579975 -0.68113756 2.2642593 -0.13089971
103 103 Car 0 0 0 0 0 0 0 1.9107492 1.9693917 4.85051 -55.916595 -0.5632963 5.5543785 -0.104734965
104 1 Car 0 0 0 0 0 0 0 1.8106834 1.9451921 4.505369 -39.65983 -1.1386086 3.902518 -0.18325958
104 2 Car 0 0 0 0 0 0 0 1.6883376 2.0884364 4.4588804 -8.820976 -1.2916121 3.142817 0.026179958
104 4 Car 0 0 0 0 0 0 0 2.0152442 1.8697644 5.17534 14.701876 -1.4832324 4.4480677 0.026179953
104 101 Car 0 0 0 0 0 0 0 1.8336658 2.05516 4.836528 -87.32257 -1.1598284 9.889046 -0.15544365
104 7 Car 0 0 0 0 0 0 0 2.2155313 2.2312424 5.414953 -60.587097 -1.1254063 2.4036922 -0.13089967
104 103 Car 0 0 0 0 0 0 0 1.9107296 1.9693642 4.85053 -56.20905 -0.57947564 5.59502 -0.10307616
105 1 Car 0 0 0 0 0 0 0 1.8106833 1.9451921 4.5053678 -39.903866 -1.1380274 4.0179586 -0.23561946
105 2 Car 0 0 0 0 0 0 0 1.6883374 2.0884366 4.4588804 -9.067083 -1.2958928 3.1810348 0.02617993
105 4 Car 0 0 0 0 0 0 0 2.0152442 1.8697642 5.17534 14.539125 -1.4765319 4.462859 0.026179953
105 101 Car 0 0 0 0 0 0 0 1.8336709 2.0551324 4.836608 -87.59127 -1.0711925 9.94776 -0.15410668
105 7 Car 0 0 0 0 0 0 0 2.2155313 2.2312424 5.414951 -60.860767 -0.90415525 2.3383622 -0.07853982
105 103 Car 0 0 0 0 0 0 0 1.9107347 1.9693395 4.8506074 -56.500725 -0.529155 5.653905 -0.101740874
106 1 Car 0 0 0 0 0 0 0 1.8106833 1.9451921 4.5053678 -40.26476 -1.1420957 3.9452386 -0.13089977
106 2 Car 0 0 0 0 0 0 0 1.6883374 2.0884361 4.4588804 -9.287533 -1.3057575 3.175988 0.026179928
106 4 Car 0 0 0 0 0 0 0 2.0152442 1.8697644 5.175341 14.358662 -1.4706687 4.460005 0.026179947
106 101 Car 0 0 0 0 0 0 0 1.8336697 2.055094 4.836689 -88.4113 -1.0623304 10.108192 -0.15484539
106 7 Car 0 0 0 0 0 0 0 2.2155313 2.2312427 5.4149513 -60.723 -0.6831136 2.336462 -0.13089971
106 103 Car 0 0 0 0 0 0 0 1.9107333 1.96928 4.8507466 -57.357483 -0.54792625 5.7397976 -0.15484533
107 1 Car 0 0 0 0 0 0 0 1.8106833 1.9451921 4.5053697 -40.47918 -1.0442578 4.18978 -0.23561937
107 2 Car 0 0 0 0 0 0 0 1.6883376 2.0884366 4.4588804 -9.509877 -1.3126441 3.2081857 0.026179928
107 4 Car 0 0 0 0 0 0 0 2.0152442 1.8697643 5.17534 14.253632 -1.5363283 4.45306 0.026179928
107 101 Car 0 0 0 0 0 0 0 1.833711 2.055047 4.836913 -88.685524 -0.86908007 10.171806 -0.15511087
107 7 Car 0 0 0 0 0 0 0 2.2155313 2.2312424 5.414953 -60.685337 -1.0154433 2.4323378 -0.13089967
107 103 Car 0 0 0 0 0 0 0 1.9107763 1.9692582 4.8509088 -57.663322 -0.42407596 5.856514 -0.10275055
108 1 Car 0 0 0 0 0 0 0 1.8106833 1.945192 4.505368 -40.8273 -0.9250017 4.2085476 -0.2879794
108 2 Car 0 0 0 0 0 0 0 1.6883374 2.0884366 4.4588804 -9.687458 -1.2869011 3.1987572 0.026179928
108 4 Car 0 0 0 0 0 0 0 2.0152442 1.8697642 5.1753407 14.09947 -1.538445 4.470172 0.02617995
108 101 Car 0 0 0 0 0 0 0 1.8335631 2.05496 4.836722 -88.954346 -1.023738 10.258699 -0.1565316
108 7 Car 0 0 0 0 0 0 0 2.2155313 2.231243 5.414953 -60.99402 -0.9499073 2.4026997 -0.16580625
108 103 Car 0 0 0 0 0 0 0 1.9106224 1.9691522 4.8507757 -57.960125 -0.4972723 5.805709 -0.15653172
109 1 Car 0 0 0 0 0 0 0 1.8106833 1.945192 4.5053687 -41.01213 -1.147559 4.07156 -0.12217299
109 2 Car 0 0 0 0 0 0 0 1.6883374 2.0884366 4.4588804 -9.905312 -1.2869011 3.1361203 0.026179988
109 4 Car 0 0 0 0 0 0 0 2.0152442 1.8697644 5.1753407 13.942804 -1.4712089 4.470927 0.02617995
109 101 Car 0 0 0 0 0 0 0 1.8334959 2.0549386 4.8365974 -89.24111 -1.1886606 10.30595 -0.1558331
109 7 Car 0 0 0 0 0 0 0 2.2155313 2.2312422 5.414952 -61.0428 -0.8853709 2.5796783 -0.19198617
109 103 Car 0 0 0 0 0 0 0 1.9105521 1.9691303 4.850655 -58.27629 -0.47070935 5.835237 -0.15583302
110 1 Car 0 0 0 0 0 0 0 1.8106831 1.945192 4.505369 -41.40272 -1.1454667 4.096421 -0.03490651
110 2 Car 0 0 0 0 0 0 0 1.6883373 2.0884366 4.4588804 -10.149504 -1.2688258 3.1187217 0.02617993
110 4 Car 0 0 0 0 0 0 0 2.0152442 1.8697643 5.175341 13.791678 -1.4509853 4.467264 0.026179925
110 101 Car 0 0 0 0 0 0 0 1.8334012 2.0548787 4.8364935 -89.52077 -1.1494964 10.362534 -0.15598808
110 7 Car 0 0 0 0 0 0 0 2.2155313 2.2312424 5.4149547 -61.116074 -0.72987735 2.424693 -0.07853979
110 103 Car 0 0 0 0 0 0 0 1.9104538 1.9691141 4.8504486 -58.589268 -0.3777312 5.8665667 -0.103626944
111 1 Car 0 0 0 0 0 0 0 1.8106833 1.9451923 4.5053663 -41.78737 -1.1512552 4.160822 -0.026179936
111 2 Car 0 0 0 0 0 0 0 1.6883373 2.0884366 4.4588804 -10.403735 -1.2924372 3.1779966 -0.026179932
111 4 Car 0 0 0 0 0 0 0 2.0152442 1.8697642 5.1753407 13.670506 -1.4420512 4.4649286 0.02617995
111 101 Car 0 0 0 0 0 0 0 1.8332179 2.0547884 4.8362274 -89.31542 -1.281738 10.365954 -0.1548834
111 7 Car 0 0 0 0 0 0 0 2.2155313 2.2312427 5.4149556 -61.276077 -1.0184888 2.7393527 -0.22689271
111 103 Car 0 0 0 0 0 0 0 1.9102626 1.9690373 4.850155 -58.34209 -0.43151662 5.8777075 -0.10252154
112 1 Car 0 0 0 0 0 0 0 1.8106834 1.9451921 4.5053678 -41.944138 -1.1096512 4.3883038 -0.23561946
112 2 Car 0 0 0 0 0 0 0 1.6883374 2.0884366 4.4588804 -10.512967 -1.2570996 3.155702 0.026179932
112 4 Car 0 0 0 0 0 0 0 2.0152442 1.8697644 5.1753407 13.553242 -1.4433074 4.467696 0.02617995
112 101 Car 0 0 0 0 0 0 0 1.8330021 2.0546234 4.836047 -90.09134 -1.4748324 10.533145 -0.15669458
112 7 Car 0 0 0 0 0 0 0 2.2155313 2.2312427 5.4149513 -61.32059 -0.92923975 2.4461536 -0.13089971
112 103 Car 0 0 0 0 0 0 0 1.9100375 1.9688907 4.849944 -59.185406 -0.5829868 6.0492764 -0.10433473
113 1 Car 0 0 0 0 0 0 0 1.8106833 1.9451916 4.5053673 -42.31006 -0.7313948 4.5000563 -0.2792527
113 2 Car 0 0 0 0 0 0 0 1.6883373 2.0884366 4.4588804 -10.764851 -1.2406269 3.1326728 0.026179984
113 4 Car 0 0 0 0 0 0 0 2.015244 1.8697643 5.1753407 13.382501 -1.4375838 4.4846287 0.026179926
113 101 Car 0 0 0 0 0 0 0 1.8330283 2.0545888 4.836189 -90.388985 -1.4668865 10.591807 -0.15735912
113 7 Car 0 0 0 0 0 0 0 2.2155313 2.2312427 5.414953 -61.355953 -0.53172755 2.632802 -0.13089968
113 103 Car 0 0 0 0 0 0 0 1.910065 1.9688581 4.850092 -59.488163 -0.6194143 6.1338997 -0.10500163
114 1 Car 0 0 0 0 0 0 0 1.8106143 1.9451859 4.50521 -42.57064 -0.88492477 4.3378253 -0.0872768
114 2 Car 0 0 0 0 0 0 0 1.6883376 2.0884366 4.4588804 -10.969706 -1.2445359 3.1266065 0.026179932
114 4 Car 0 0 0 0 0 0 0 2.0152442 1.8697643 5.1753407 13.241998 -1.4357691 4.497122 0.026179926
114 101 Car 0 0 0 0 0 0 0 1.8330779 2.0545835 4.8363323 -90.66758 -1.3168417 10.654268 -0.1578319
114 7 Car 0 0 0 0 0 0 0 2.2155313 2.2312417 5.414954 -61.517693 -0.3101744 2.8273263 -0.34033906
114 103 Car 0 0 0 0 0 0 0 1.9101169 1.9688495 4.850245 -59.78175 -0.6541395 6.174043 -0.105476186
115 1 Car 0 0 0 0 0 0 0 1.8106833 1.9451919 4.505369 -42.546925 -0.76502895 4.3974276 -0.159269
115 2 Car 0 0 0 0 0 0 0 1.6883374 2.0884364 4.4588804 -11.113889 -1.246211 3.1640353 0.026179958
115 4 Car 0 0 0 0 0 0 0 2.0152442 1.8697643 5.1753407 13.087878 -1.4310229 4.492377 0.026179926
115 101 Car 0 0 0 0 0 0 0 1.8331566 2.0546162 4.8364615 -88.694405 -1.1894293 10.398443 -0.15623845
115 7 Car 0 0 0 0 0 0 0 2.2155313 2.2312427 5.414954 -61.14873 -0.5760381 2.6178713 -0.2879793
115 103 Car 0 0 0 0 0 0 0 1.9101987 1.9688755 4.850385 -57.795425 -0.5684403 5.980939 -0.10388334
115 105 Car 0 0 0 0 0 0 0 1.7509451 1.8731604 4.030741 -96.9741 -1.5096979 7.9233923 -0.16911371
116 1 Car 0 0 0 0 0 0 0 1.8106833 1.9451921 4.5053706 -43.12226 -0.7453416 4.4049706 -0.17453283
116 2 Car 0 0 0 0 0 0 0 1.6883376 2.0884366 4.4588804 -11.242165 -1.2529117 3.2037005 0.026179984
116 4 Car 0 0 0 0 0 0 0 2.0152442 1.8697643 5.1753407 12.96428 -1.4286497 4.5143127 0.026179926
116 101 Car 0 0 0 0 0 0 0 1.8330821 2.0545278 4.836472 -90.742226 -1.2732803 10.704113 -0.15728265
116 103 Car 0 0 0 0 0 0 0 1.9101214 1.9687941 4.850385 -59.83816 -0.64005643 6.228135 -0.10492994
117 1 Car 0 0 0 0 0 0 0 1.8106833 1.9451917 4.5053687 -43.47317 -0.81720674 4.6633067 -0.19198623
117 2 Car 0 0 0 0 0 0 0 1.6883376 2.0884366 4.4588804 -11.390992 -1.2572393 3.193275 0.026179984
117 4 Car 0 0 0 0 0 0 0 2.0152442 1.8697642 5.1753407 12.852167 -1.423345 4.510264 0.02617995
117 101 Car 0 0 0 0 0 0 0 1.833068 2.054478 4.836561 -89.84473 -1.145056 10.659028 -0.15821962
117 103 Car 0 0 0 0 0 0 0 1.9101069 1.9687454 4.8504767 -58.945625 -0.5413439 6.0577164 -0.105869174
117 105 Car 0 0 0 0 0 0 0 1.7508607 1.8730313 4.030827 -97.411575 -1.4618447 8.081168 -0.1729517
118 1 Car 0 0 0 0 0 0 0 1.8106833 1.9451923 4.5053673 -43.72636 -0.88534164 4.3671026 -0.061086506
118 2 Car 0 0 0 0 0 0 0 1.6883374 2.0884366 4.4588804 -11.5520115 -1.261148 3.2108974 0.026179932
118 4 Car 0 0 0 0 0 0 0 2.0152442 1.8697644 5.1753407 12.734931 -1.4213905 4.448723 0.02617995
118 101 Car 0 0 0 0 0 0 0 1.8331273 2.0545285 4.836593 -91.87174 -1.1536633 10.926805 -0.15996785
118 103 Car 0 0 0 0 0 0 0 1.9101683 1.9687928 4.8505187 -60.98974 -0.5657435 6.272668 -0.10761642
119 1 Car 0 0 0 0 0 0 0 1.8106833 1.9451921 4.5053673 -44.100853 -0.86534166 4.3936243 -0.069813184
119 2 Car 0 0 0 0 0 0 0 1.6883376 2.0884366 4.4588804 -11.701641 -1.2699428 3.2496142 0.026179932
119 4 Car 0 0 0 0 0 0 0 2.0152442 1.8697643 5.1753407 12.638508 -1.4155276 4.5376015 0.02617988
119 101 Car 0 0 0 0 0 0 0 1.8330746 2.0546124 4.8362556 -90.43672 -1.321237 10.716096 -0.15870883
119 103 Car 0 0 0 0 0 0 0 1.9101133 1.9689363 4.85002 -59.56887 -0.62597215 6.1276455 -0.05399109
119 105 Car 0 0 0 0 0 0 0 1.7508669 1.8731502 4.0305834 -97.29187 -1.6415797 8.101597 -0.17530075
120 1 Car 0 0 0 0 0 0 0 1.8106833 1.945192 4.505368 -44.298923 -0.89168215 4.5112844 -0.08726647
120 2 Car 0 0 0 0 0 0 0 1.6883373 2.0884364 4.4588804 -11.828053 -1.2714782 3.2299435 0.026179958
120 4 Car 0 0 0 0 0 0 0 2.0152442 1.8697642 5.1753407 12.530694 -1.4145502 4.5551767 0.02617995
120 101 Car 0 0 0 0 0 0 0 1.8330331 2.0546212 4.836131 -92.491844 -1.4573638 11.024071 -0.15954138
120 103 Car 0 0 0 0 0 0 0 1.91007 1.9689498 4.8498783 -61.819355 -0.72523516 6.3959584 -0.0548203
121 1 Car 0 0 0 0 0 0 0 1.8106833 1.9451922 4.505367 -44.55759 -0.647645 4.6186833 -0.17453298
121 2 Car 0 0 0 0 0 0 0 1.6883374 2.0884366 4.4588804 -11.97098 -1.2247893 3.2754483 0.026179932
121 4 Car 0 0 0 0 0 0 0 2.0152442 1.8697642 5.1753407 12.4072895 -1.4103622 4.5656576 0.02617995
121 101 Car 0 0 0 0 0 0 0 1.8330256 2.0545826 4.8361993 -92.769844 -1.4968272 10.994421 -0.15929575
121 103 Car 0 0 0 0 0 0 0 1.9100623 1.9688517 4.8500967 -62.06451 -0.6233697 6.51502 -0.10693858
122 1 Car 0 0 0 0 0 0 0 1.8106833 1.9451917 4.5053678 -44.97059 -0.71479344 4.5934935 -0.129012
122 2 Car 0 0 0 0 0 0 0 1.6883374 2.0884366 4.4588804 -12.100308 -1.2349129 3.2752805 0.026179984
122 4 Car 0 0 0 0 0 0 0 2.0152442 1.8697643 5.1753407 12.315195 -1.261031 4.5690093 0.02617988
122 101 Car 0 0 0 0 0 0 0 1.8329523 2.0545497 4.83608 -93.08995 -1.5377738 11.052963 -0.15889119
122 103 Car 0 0 0 0 0 0 0 1.9099859 1.9688902 4.8498087 -62.40444 -0.616447 6.5496483 -0.054172017
123 1 Car 0 0 0 0 0 0 0 1.8106833 1.9451917 4.5053673 -45.206978 -0.42194206 4.525053 -0.12712422
123 2 Car 0 0 0 0 0 0 0 1.6883373 2.0884364 4.4588804 -12.21283 -1.2806916 3.3393052 0.026179958
123 4 Car 0 0 0 0 0 0 0 2.015244 1.8697643 5.1753407 12.194486 -1.2598442 4.5885077 0.02617988
123 101 Car 0 0 0 0 0 0 0 1.8330243 2.054586 4.8361893 -93.44409 -1.398633 11.12029 -0.15844826
123 103 Car 0 0 0 0 0 0 0 1.9100611 1.9689155 4.849942 -62.70555 -0.6538328 6.599537 -0.053730056
124 1 Car 0 0 0 0 0 0 0 1.8106833 1.9451919 4.505369 -45.518818 -0.66409063 4.270119 0.08420305
124 2 Car 0 0 0 0 0 0 0 1.6883373 2.0884366 4.4588804 -12.410847 -1.2473636 3.252217 0.026179932
124 4 Car 0 0 0 0 0 0 0 2.0152442 1.8697642 5.1753407 12.092626 -1.4003114 4.6059732 0.02617995
124 101 Car 0 0 0 0 0 0 0 1.833105 2.0546062 4.836355 -93.20018 -1.3348095 11.008103 -0.15722379
124 103 Car 0 0 0 0 0 0 0 1.910145 1.9689262 4.850125 -62.420578 -0.64158547 6.614094 -0.05250873
124 8 Car 0 0 0 0 0 0 0 1.7280385 2.0792646 4.172831 29.42161 -1.2035912 23.556473 -3.1154127
125 1 Car 0 0 0 0 0 0 0 1.8106833 1.9451919 4.5053687 -45.73899 -0.7062392 4.639136 -0.10589541
125 2 Car 0 0 0 0 0 0 0 1.6883373 2.0884366 4.4588804 -12.504086 -1.2516689 3.30865 0.026179984
125 4 Car 0 0 0 0 0 0 0 2.0152442 1.8697642 5.1753407 11.970831 -1.3959837 4.594657 0.02617995
125 101 Car 0 0 0 0 0 0 0 1.8330758 2.0546057 4.8362713 -94.06625 -1.364405 11.104652 -0.15820868
125 103 Car 0 0 0 0 0 0 0 1.9101148 1.9688711 4.850184 -63.32838 -0.6343428 6.751689 -0.105851695
125 8 Car 0 0 0 0 0 0 0 1.7280387 2.0792637 4.172831 26.421862 -1.9062752 23.45208 -3.0630527
126 1 Car 0 0 0 0 0 0 0 1.8106833 1.9451925 4.5053678 -45.99887 -0.74838775 4.7545576 -0.13891426
126 2 Car 0 0 0 0 0 0 0 1.6883376 2.0884366 4.4588804 -12.615231 -1.2918596 3.3118305 0.026179984
126 4 Car 0 0 0 0 0 0 0 2.0152442 1.8697643 5.1753407 11.890966 -1.2540501 4.6115384 0.02617988
126 101 Car 0 0 0 0 0 0 0 1.8328698 2.05454 4.835882 -94.390945 -1.4850144 11.044824 -0.10571408
126 103 Car 0 0 0 0 0 0 0 1.9099 1.968749 4.8499365 -64.0231 -0.70722914 6.8497334 -0.10571402
126 8 Car 0 0 0 0 0 0 0 1.7280385 2.0792637 4.172829 23.455582 -1.2477095 23.115288 -3.0630527
127 1 Car 0 0 0 0 0 0 0 1.8106833 1.945192 4.5053678 -46.2872 -0.7905362 4.551247 -0.071576625
127 2 Car 0 0 0 0 0 0 0 1.6883374 2.0884364 4.4588804 -12.667349 -1.2897655 3.3244693 0.026179906
127 4 Car 0 0 0 0 0 0 0 2.0152442 1.8697643 5.1753407 11.801995 -1.3930521 4.5965815 0.02617988
127 101 Car 0 0 0 0 0 0 0 1.8329307 2.0544128 4.8363414 -94.68402 -1.3501475 11.156504 -0.1577206
127 103 Car 0 0 0 0 0 0 0 1.9099634 1.9686908 4.850237 -64.35231 -0.6698341 6.9164815 -0.10536925
127 8 Car 0 0 0 0 0 0 0 1.7280385 2.0792646 4.172829 20.53183 -1.2209815 22.854214 -3.063053
128 1 Car 0 0 0 0 0 0 0 1.8106833 1.9451921 4.505368 -46.651268 -0.8326848 4.5124 -0.05659891
128 2 Car 0 0 0 0 0 0 0 1.6883374 2.0884366 4.4588804 -12.712785 -1.2586508 3.2895756 0.026179984
128 4 Car 0 0 0 0 0 0 0 2.0152442 1.8697643 5.1753407 11.714321 -1.3881663 4.607308 0.026179928
128 101 Car 0 0 0 0 0 0 0 1.8332102 2.0545526 4.8367553 -95.05777 -1.1441573 11.133951 -0.15766896
128 103 Car 0 0 0 0 0 0 0 1.9102546 1.9688084 4.850691 -64.65962 -0.57934695 6.981113 -0.10531902
128 8 Car 0 0 0 0 0 0 0 1.7280385 2.0792646 4.172831 17.54376 -1.1927636 22.790955 -3.1154127
129 1 Car 0 0 0 0 0 0 0 1.8106833 1.945192 4.505368 -46.94305 -0.8748397 4.3907895 0.06309712
129 2 Car 0 0 0 0 0 0 0 1.6883376 2.0884366 4.4588804 -12.797823 -1.3002354 3.3253257 0.026179932
129 4 Car 0 0 0 0 0 0 0 2.0152442 1.8697642 5.1753407 11.613291 -1.3859327 4.6190767 0.02617995
129 101 Car 0 0 0 0 0 0 0 1.8334324 2.0547142 4.836958 -94.83011 -0.84876275 11.109192 -0.15703164
129 103 Car 0 0 0 0 0 0 0 1.910486 1.9689516 4.850928 -64.421646 -0.53401566 7.015501 -0.1046801
129 8 Car 0 0 0 0 0 0 0 1.7280387 2.0792637 4.172831 14.695061 -1.1709714 22.609436 -3.0630527
130 1 Car 0 0 0 0 0 0 0 1.8106833 1.9451916 4.505368 -47.262577 -0.9169946 4.7083035 -0.09645952
130 2 Car 0 0 0 0 0 0 0 1.6883373 2.0884366 4.4588804 -12.894344 -1.3058192 3.3493443 0.026179932
130 4 Car 0 0 0 0 0 0 0 2.0152442 1.8697643 5.1753407 11.531424 -1.2474879 4.6053696 0.026179928
130 101 Car 0 0 0 0 0 0 0 1.8333061 2.0547066 4.836642 -94.00596 -0.9828703 11.022924 -0.15763196
130 103 Car 0 0 0 0 0 0 0 1.9103544 1.9689535 4.8505893 -63.570457 -0.53541446 6.9396544 -0.1052766
130 8 Car 0 0 0 0 0 0 0 1.7280387 2.0792646 4.1728306 11.752146 -1.1517404 22.517693 -3.1154127
130 105 Car 0 0 0 0 0 0 0 1.7510878 1.8732319 4.0309176 -96.82688 -1.1130496 7.788758 -0.18476321
131 1 Car 0 0 0 0 0 0 0 1.8106833 1.9451921 4.5053687 -47.57014 -0.95914936 4.4863443 0.014509885
131 2 Car 0 0 0 0 0 0 0 1.6883376 2.0884366 4.4588804 -12.922827 -1.3037254 3.2972832 0.026179932
131 4 Car 0 0 0 0 0 0 0 2.0152442 1.8697642 5.1753407 11.450803 -1.2464408 4.6095643 0.02617995
131 101 Car 0 0 0 0 0 0 0 1.8331745 2.0546153 4.8365045 -96.036316 -1.2984475 11.2884035 -0.15838075
131 103 Car 0 0 0 0 0 0 0 1.9102173 1.9688742 4.8504305 -65.59985 -0.64304185 7.209324 -0.106026165
131 8 Car 0 0 0 0 0 0 0 1.7280385 2.0792646 4.1728306 8.82303 -1.1360482 22.383572 -3.1154127
132 1 Car 0 0 0 0 0 0 0 1.8106833 1.9451917 4.5053687 -47.61015 -0.9813042 4.4470515 0.046939462
132 2 Car 0 0 0 0 0 0 0 1.6883373 2.0884361 4.4588804 -12.972527 -1.3058192 3.3204925 0.026179932
132 4 Car 0 0 0 0 0 0 0 2.0152442 1.8697644 5.1753407 11.393066 -1.3761609 4.588333 0.02617995
132 101 Car 0 0 0 0 0 0 0 1.8329803 2.0544777 4.836327 -96.354355 -1.4090834 11.341729 -0.15792099
132 103 Car 0 0 0 0 0 0 0 1.9100152 1.9687521 4.8502316 -65.95242 -0.68670034 7.390785 -0.10556765
132 8 Car 0 0 0 0 0 0 0 1.7280385 2.0792646 4.1728306 5.9570923 -1.1248262 22.292772 -3.1154127
133 1 Car 0 0 0 0 0 0 0 1.8106833 1.9451917 4.50537 -47.9643 -0.7034591 4.6796975 -0.05153061
133 2 Car 0 0 0 0 0 0 0 1.6883373 2.0884366 4.4588804 -13.077465 -1.3107052 3.2890785 0.026179932
133 4 Car 0 0 0 0 0 0 0 2.0152442 1.8697642 5.1753407 11.312969 -1.2436484 4.58618 0.02617995
133 101 Car 0 0 0 0 0 0 0 1.8329403 2.0544026 4.8363986 -96.68442 -1.3590349 11.377888 -0.15776505
133 103 Car 0 0 0 0 0 0 0 1.9099734 1.9687471 4.8501334 -66.33383 -0.6743313 7.4255667 -0.053060457
133 8 Car 0 0 0 0 0 0 0 1.7280385 2.0792646 4.1728306 2.9983268 -0.9919976 22.135475 -3.1154127
134 1 Car 0 0 0 0 0 0 0 1.8106833 1.9451921 4.5053678 -48.45285 -0.825614 4.754787 -0.0801876
134 2 Car 0 0 0 0 0 0 0 1.6883373 2.0884366 4.4588795 -13.074528 -1.1302758 3.315504 0.0
134 4 Car 0 0 0 0 0 0 0 2.0152442 1.8697644 5.175341 11.249628 -1.2228678 4.593318 0.034906596
134 101 Car 0 0 0 0 0 0 0 1.8330727 2.0544577 4.8366203 -96.510796 -1.2554451 11.423672 -0.15700264
134 103 Car 0 0 0 0 0 0 0 1.9101114 1.9687738 4.8504214 -66.02954 -0.4531709 7.6087766 -0.061026458
134 8 Car 0 0 0 0 0 0 0 1.7280385 1.9115437 4.1728306 0.22462755 -0.9884872 21.981834 -3.1154127
134 105 Car 0 0 0 0 0 0 0 1.7508649 1.8729979 4.0309153 -97.765495 -1.1835 7.9187255 -0.1879826
