0,2,0,0,0,0,0.552363,1.7276131,1.9572484,4.295991,-20.691526,-1.1836913,-0.09900831,0.048317425,0.000000
0,2,0,0,0,0,0.368722,1.4621902,1.8077496,4.0773087,-5.7362704,-1.7931354,37.787445,0.11909403,0.000000
0,2,0,0,0,0,0.284313,1.9389764,2.1055148,4.889385,-50.289066,-1.0566463,11.326045,-0.63008535,0.000000
0,2,0,0,0,0,0.223023,1.7924972,1.9312657,4.4422345,-18.388987,-3.9196634,15.279312,0.33889526,0.000000
0,2,0,0,0,0,0.213582,1.6499295,1.9324619,4.42022,34.986042,-3.0714006,-20.170387,0.15124731,0.000000
1,2,0,0,0,0,0.627245,1.7257006,1.9635558,4.352726,-20.584396,-1.1932942,-0.09556608,0.0472027,0.000000
1,2,0,0,0,0,0.353662,1.3947073,1.8125985,4.018354,-10.555712,-1.9369938,37.884987,-0.52722466,0.000000
1,2,0,0,0,0,0.274360,2.1818533,2.3248506,5.4874096,-49.968002,-1.0425968,10.164387,-0.57118195,0.000000
1,2,0,0,0,0,0.262392,1.8138611,2.0921693,5.268662,56.5872,-1.3880951,18.86046,-0.21201369,0.000000
1,2,0,0,0,0,0.256018,1.8336878,2.0059605,4.5624504,-18.105976,-4.0369034,14.614787,0.39038193,0.000000
1,2,0,0,0,0,0.228266,1.858078,1.9957931,4.6418715,-45.774513,-4.0851126,28.772188,-0.1777655,0.000000
2,2,0,0,0,0,0.617036,1.7518823,2.0027251,4.437278,-20.510683,-1.1706872,-0.12394433,0.057475287,0.000000
2,2,0,0,0,0,0.330888,1.5832124,1.880368,4.382917,23.505468,-3.3377488,-19.895416,2.1492682,0.000000
2,2,0,0,0,0,0.302963,1.8352864,1.9911107,4.5844164,-55.334854,-4.021226,23.880356,0.031608455,0.000000
2,2,0,0,0,0,0.293760,1.8183041,2.035577,4.590177,-52.05751,-1.1739075,10.3324375,-0.42785192,0.000000
2,2,0,0,0,0,0.263096,1.7990859,1.9327918,4.349246,68.18906,-1.1256396,16.631313,-0.06276207,0.000000
2,2,0,0,0,0,0.263033,1.6520619,1.9093131,4.376932,31.84872,-3.4795666,-20.280409,0.24960518,0.000000
2,2,0,0,0,0,0.203797,1.5212445,1.8842155,4.230768,39.12931,-1.7806754,-7.771055,-0.27237248,0.000000
3,2,0,0,0,0,0.625485,1.7828913,2.0519207,4.614374,-20.463667,-1.2279288,-0.0027189255,0.012567495,0.000000
3,2,0,0,0,0,0.329905,1.8349959,2.0368443,4.5903897,-53.511345,-1.1553323,10.31901,-0.3978549,0.000000
3,2,0,0,0,0,0.298875,1.5615463,1.8634869,4.24419,21.651363,-3.1971104,-19.89529,2.038142,0.000000
3,2,0,0,0,0,0.237657,1.8618038,2.0094738,4.681865,-55.08558,-3.5841746,23.572327,0.1196237,0.000000
3,2,0,0,0,0,0.226170,1.6384125,1.9181955,4.4231324,-34.16613,-4.068828,20.548931,0.15930328,0.000000
4,2,0,0,0,0,0.587811,1.7990334,2.015165,4.442562,-20.290699,-1.1394625,-0.07979323,0.06829534,0.000000
4,2,0,0,0,0,0.376428,1.7719975,1.9360212,4.4715533,-53.978333,-3.7462683,23.288136,0.030935477,0.000000
4,2,0,0,0,0,0.300104,1.752234,1.9732585,4.6707854,55.59988,-1.3362849,18.01752,-0.046196725,0.000000
4,2,0,0,0,0,0.282673,1.6190836,1.9030697,4.345043,20.078627,-3.266492,-20.020239,1.9878746,0.000000
4,2,0,0,0,0,0.265906,2.0762043,2.2038062,5.1164083,-54.99643,-1.1250055,9.8759775,-0.60665274,0.000000
4,2,0,0,0,0,0.257206,1.7258611,1.9514531,4.4423537,-44.0255,-1.2509677,5.7972965,-0.3084115,0.000000
4,2,0,0,0,0,0.247635,1.8309785,2.036338,5.332499,44.180264,-1.5193753,19.743025,-0.17380491,0.000000
4,2,0,0,0,0,0.224632,1.8329079,1.989625,4.592289,-18.009438,-3.9443338,14.205711,0.25342566,0.000000
4,2,0,0,0,0,0.204176,1.6751533,1.9116302,4.4452295,15.624029,-1.693959,5.2869306,0.17950563,0.000000
5,2,0,0,0,0,0.580171,1.7730677,2.0191288,4.4619,-20.400875,-1.1652461,-0.095329225,0.041914538,0.000000
5,2,0,0,0,0,0.341161,1.8041604,1.9263146,4.481069,-53.766174,-3.9763398,23.170513,0.06470756,0.000000
5,2,0,0,0,0,0.270260,1.8864989,2.0472136,5.136165,39.57967,-1.4694717,19.941784,-0.1814371,0.000000
5,2,0,0,0,0,0.258786,1.8022113,1.9840959,4.5187182,-26.135672,-3.902418,14.416145,0.37612054,0.000000
5,2,0,0,0,0,0.257442,1.9507325,2.1249027,4.9285526,-56.728706,-1.0539091,9.765049,-0.6385978,0.000000
5,2,0,0,0,0,0.243895,1.6928272,1.9638687,4.4901314,18.351698,-3.327218,-19.67717,-0.49695447,0.000000
5,2,0,0,0,0,0.224832,1.5741193,1.9553503,4.4692664,49.11977,-1.7765993,-19.642057,-0.5043061,0.000000
5,2,0,0,0,0,0.209228,2.1711116,2.3559732,6.9641857,51.377403,-1.2634406,18.26379,-0.15037633,0.000000
5,2,0,0,0,0,0.207939,1.7212873,1.9629529,4.36152,-45.554367,-1.114082,5.8436947,-0.3985999,0.000000
6,2,0,0,0,0,0.560325,1.8055451,2.0324605,4.461652,-20.404755,-1.1223103,-0.063690424,0.048401926,0.000000
6,2,0,0,0,0,0.384801,1.705634,1.9611907,4.5713053,51.964832,-1.5015144,17.962757,-0.15165588,0.000000
6,2,0,0,0,0,0.375007,1.7824893,2.0281413,4.588906,-53.48818,-3.4758737,22.472929,0.16229585,0.000000
6,2,0,0,0,0,0.374218,1.6922863,1.9470587,4.5102177,59.05435,-1.3477844,16.952467,-0.14971235,0.000000
6,2,0,0,0,0,0.319559,2.0607386,2.1723387,5.038873,-58.232773,-1.0155075,9.627354,-0.58312726,0.000000
6,2,0,0,0,0,0.258830,1.8400073,1.9523752,4.456785,68.45699,-1.1140355,15.055986,-0.115033984,0.000000
6,2,0,0,0,0,0.255791,1.6782534,1.9408007,4.3296566,-47.26869,-1.1356924,5.79346,-0.27239668,0.000000
6,2,0,0,0,0,0.251558,1.7935498,1.9519868,4.507947,-35.846214,-4.1745787,15.528326,0.18425581,0.000000
7,2,0,0,0,0,0.580894,1.8160152,2.0975044,4.65094,-20.408733,-1.1779419,-0.026180878,0.021392897,0.000000
7,2,0,0,0,0,0.313605,1.7040062,1.9374856,4.454568,-43.75406,-4.0856547,15.7787,0.20351827,0.000000
7,2,0,0,0,0,0.304972,2.1210265,2.1440437,4.827789,-60.050777,-0.8610327,9.692556,-0.50508934,0.000000
7,2,0,0,0,0,0.288506,1.8123779,1.9513042,4.482999,-34.525715,-4.0898104,15.329015,0.13780038,0.000000
7,2,0,0,0,0,0.274652,1.7496943,2.0266435,4.518191,-51.97738,-3.2783947,22.314854,0.21046934,0.000000
7,2,0,0,0,0,0.259920,1.69736,1.9323463,4.512572,10.489517,-1.6481342,5.307519,0.051978435,0.000000
7,2,0,0,0,0,0.210556,1.6198883,1.9172072,4.3799887,34.78312,-2.6426811,-20.493841,-0.09625392,0.000000
7,2,0,0,0,0,0.210073,1.8615927,2.2229145,6.1207876,55.60063,-1.3713324,17.118618,-0.21323043,0.000000
7,2,0,0,0,0,0.204299,1.7851458,1.9660891,4.368233,-48.98285,-1.0873213,5.82561,-0.42071635,0.000000
8,2,0,0,0,0,0.572145,1.8131187,2.0490997,4.6284156,-20.198774,-1.1409048,-0.081139475,0.04750698,0.000000
8,2,0,0,0,0,0.547348,1.8759034,1.9916507,4.6434107,-51.75634,-3.9683642,22.311789,0.23044226,0.000000
8,2,0,0,0,0,0.350111,1.7165673,1.925835,4.277325,-50.879833,-1.1266156,5.753711,-0.3364045,0.000000
8,2,0,0,0,0,0.300569,2.0572112,2.13677,4.8973174,-61.87954,-0.9253639,9.577874,-0.4861413,0.000000
8,2,0,0,0,0,0.267972,1.5316691,1.9373658,4.3945894,32.87114,-2.3957314,-21.02107,-0.5493107,0.000000
8,2,0,0,0,0,0.267337,1.9625154,1.950928,4.366175,54.342907,-1.1024854,-15.586386,0.0033900451,0.000000
8,2,0,0,0,0,0.235972,1.8881865,1.9620214,4.4970345,-32.89098,-4.272668,15.653578,0.35457727,0.000000
8,2,0,0,0,0,0.232285,1.9090338,1.9717808,4.754718,-45.732796,-4.22351,27.09465,-0.07921702,0.000000
8,2,0,0,0,0,0.229758,1.6295023,1.9469901,4.671239,43.590134,-1.5850091,18.55779,-0.2069271,0.000000
8,2,0,0,0,0,0.227816,1.7173815,1.9750731,4.5214777,12.879171,-3.3416185,-20.017694,2.3140192,0.000000
8,2,0,0,0,0,0.222388,1.7968216,1.9717913,4.576339,-42.128178,-4.266966,15.842882,0.16873601,0.000000
8,2,0,0,0,0,0.203444,1.8344493,2.0569403,5.3551755,58.418182,-1.4180114,16.573933,-0.18367702,0.000000
9,2,0,0,0,0,0.581632,1.7713621,2.0504355,4.627704,-20.09238,-1.1581267,0.03379491,0.044385687,0.000000
9,2,0,0,0,0,0.490131,1.7951927,1.9446892,4.5100923,-50.850883,-3.6335382,21.923996,0.0934856,0.000000
9,2,0,0,0,0,0.291956,1.7926307,2.002164,4.3863087,-52.578907,-1.0635929,5.585444,-0.3709187,0.000000
9,2,0,0,0,0,0.252824,2.1011896,2.1671062,5.03218,-63.4151,-0.8962258,9.457264,-0.5355853,0.000000
9,2,0,0,0,0,0.228340,1.7273726,1.9333106,4.4703956,-40.748302,-3.9547403,15.430071,0.098534435,0.000000
10,2,0,0,0,0,0.647148,1.8446381,2.1031768,4.6762357,-20.0898,-1.0959313,0.040944695,0.0229974,0.000000
10,2,0,0,0,0,0.460557,1.6797154,1.905694,4.4271097,-50.442738,-3.4094417,21.708515,0.15645592,0.000000
10,2,0,0,0,0,0.257410,2.0605972,2.0982602,4.805686,-65.07987,-0.8442035,9.349644,-0.49699652,0.000000
10,2,0,0,0,0,0.228641,1.6708944,1.9751241,4.3752112,44.419937,-1.5129155,-17.783472,-0.66823995,0.000000
10,2,0,0,0,0,0.226063,1.7167063,2.0213726,4.3502812,-54.161583,-1.0251507,5.6893067,-0.33713156,0.000000
10,2,0,0,0,0,0.220395,1.5628943,1.9142532,4.224953,-3.5889041,-3.144804,-20.049726,1.3360891,0.000000
10,2,0,0,0,0,0.215133,1.6269059,1.9689656,4.552247,18.66262,-2.0549457,-11.757501,-0.30231297,0.000000
10,2,0,0,0,0,0.211574,1.6484604,1.9846976,4.5604787,28.780554,-2.6139908,-21.614517,1.9676743,0.000000
11,2,0,0,0,0,0.619780,1.7433727,1.9821694,4.4477777,-19.90264,-1.1540755,-0.077284336,0.0901558,0.000000
11,2,0,0,0,0,0.524356,1.773397,1.9251195,4.4143825,-49.45437,-3.789637,21.404917,-0.056961995,0.000000
11,2,0,0,0,0,0.318105,1.8239081,2.028139,4.4199467,-55.864674,-1.0113735,5.631526,-0.33101016,0.000000
11,2,0,0,0,0,0.263517,1.8757687,1.9939896,4.580827,32.479443,-2.7507606,-18.879663,-0.15350476,0.000000
11,2,0,0,0,0,0.262378,1.8576565,1.9916639,4.533909,-32.779644,-4.2829676,14.310199,0.23304522,0.000000
11,2,0,0,0,0,0.223147,1.807003,1.9606955,4.503127,-39.26101,-4.1165304,15.538782,0.13919011,0.000000
12,2,0,0,0,0,0.598877,1.7259016,1.9331399,4.2684426,-19.804325,-1.1474352,-0.038058445,0.058751658,0.000000
12,2,0,0,0,0,0.493525,1.738615,1.9416265,4.3802705,-49.146652,-3.7186322,21.186611,-0.055555556,0.000000
12,2,0,0,0,0,0.247965,1.8354025,2.0069492,4.5585947,-39.4124,-3.8482475,14.371456,0.198875,0.000000
12,2,0,0,0,0,0.233319,1.6770577,2.0107667,4.7299204,26.511656,-2.704072,-20.835514,-0.48674235,0.000000
12,2,0,0,0,0,0.217195,1.943147,2.1461709,4.744766,41.11362,-1.1386099,-17.744057,-0.6229657,0.000000
13,2,0,0,0,0,0.578036,1.7186177,1.9365922,4.278712,-19.820034,-1.185679,-0.0695816,0.064841576,0.000000
13,2,0,0,0,0,0.413116,1.8196878,2.046927,4.7388797,-48.451138,-3.416945,20.67812,0.21570587,0.000000
13,2,0,0,0,0,0.345803,1.8458703,1.9935454,4.5244937,-39.31101,-4.027013,14.236841,0.22749189,0.000000
13,2,0,0,0,0,0.276078,1.7388108,1.9707061,4.536529,-59.805244,-1.0724416,5.3583393,-0.2700264,0.000000
13,2,0,0,0,0,0.239356,1.7657816,1.9793773,4.582259,-32.49637,-3.807152,13.953678,0.16816601,0.000000
14,2,0,0,0,0,0.604673,1.8852527,2.009558,4.667771,-47.620773,-3.8340688,20.437635,-0.007687869,0.000000
14,2,0,0,0,0,0.463000,1.7374291,1.9587424,4.3053865,-19.75479,-1.2034342,0.06717539,0.016478697,0.000000
14,2,0,0,0,0,0.366632,1.8099623,1.9495068,4.441493,-39.315964,-4.1902018,14.096394,0.27792317,0.000000
14,2,0,0,0,0,0.213403,1.6787579,1.9691621,4.5006475,-47.604755,-1.3833834,4.2985516,-0.24679047,0.000000
15,2,0,0,0,0,0.590027,1.7857751,1.997588,4.4819956,-19.842777,-1.1335692,-0.10716358,0.07106112,0.000000
15,2,0,0,0,0,0.395608,1.7582333,1.963561,4.5191627,-47.225147,-3.6867588,20.07819,0.07295623,0.000000
15,2,0,0,0,0,0.298114,1.7034167,2.0023956,4.536814,-63.072205,-0.96494377,4.660163,-0.47243917,0.000000
15,2,0,0,0,0,0.258586,1.9198786,2.106586,4.5136876,56.976982,-0.99881107,-31.940895,-0.2801209,0.000000
15,2,0,0,0,0,0.224507,1.5314014,1.9265862,4.4862595,24.947468,-1.6323928,-10.043716,-0.13873018,0.000000
15,2,0,0,0,0,0.213148,1.987176,2.0360556,4.643934,-50.45174,-4.6978936,15.943255,-0.030070549,0.000000
16,2,0,0,0,0,0.640652,1.7622845,1.9794314,4.450017,-19.815166,-1.1507512,-0.14139186,0.065313645,0.000000
16,2,0,0,0,0,0.478497,1.7766786,1.9603678,4.4952755,-46.131374,-3.4484153,19.817886,-0.05394885,0.000000
16,2,0,0,0,0,0.245724,1.7014709,1.9053478,4.45174,-68.03645,-3.4438925,26.971642,0.040961433,0.000000
16,2,0,0,0,0,0.231539,2.0525413,2.217455,4.946501,54.51475,-1.0260022,-31.46121,2.0710669,0.000000
16,2,0,0,0,0,0.213992,1.6439528,1.9023286,4.3427796,-36.058926,-3.58211,13.704895,-0.06747475,0.000000
16,2,0,0,0,0,0.207371,1.8777103,2.0291023,4.532204,-64.86893,-1.1194761,4.6848574,-0.53257513,0.000000
16,2,0,0,0,0,0.203163,1.636868,1.9658238,4.46036,-48.68961,-3.8716738,14.356058,-0.18109909,0.000000
17,2,0,0,0,0,0.650912,1.810922,1.9996843,4.4734626,-19.680014,-1.1320922,-0.16787131,0.09010552,0.000000
17,2,0,0,0,0,0.499784,1.8670123,1.9842831,4.602749,-46.274784,-3.242983,19.533268,-0.066849984,0.000000
17,2,0,0,0,0,0.381926,2.0076196,2.1417534,4.715261,53.953568,-1.0064133,-31.619635,-0.25289953,0.000000
17,2,0,0,0,0,0.341720,1.7795963,2.027764,4.4158063,-19.288563,-2.5554833,-20.147682,1.1426071,0.000000
17,2,0,0,0,0,0.209631,1.8583176,2.027696,4.549261,-66.58997,-0.97374237,4.519273,-0.46565264,0.000000
17,2,0,0,0,0,0.208577,1.7208302,1.9469483,4.4158373,-2.5320494,-3.3348289,-20.375484,-0.36515558,0.000000
18,2,0,0,0,0,0.611021,1.8367753,2.0298815,4.5018673,-19.722256,-1.0487497,-0.124642625,0.062889576,0.000000
18,2,0,0,0,0,0.491558,1.7474217,1.9847133,4.684779,-45.76983,-3.1533062,19.181686,-0.07642566,0.000000
18,2,0,0,0,0,0.375439,2.195692,2.33415,5.1796045,52.46202,-0.9556396,-31.426655,-0.1629248,0.000000
18,2,0,0,0,0,0.252922,1.753588,2.0522013,4.7633634,26.45988,-1.9033024,-19.594646,-0.6117737,0.000000
19,2,0,0,0,0,0.605400,1.58922,1.9292254,4.6484947,-45.210266,-3.1524532,18.900276,-0.056142572,0.000000
19,2,0,0,0,0,0.549213,1.8266327,1.9785393,4.317874,-19.53592,-1.1478505,-0.1173017,0.055690985,0.000000
19,2,0,0,0,0,0.336386,2.2102473,2.3385286,5.222713,50.870842,-1.0120878,-31.683207,-0.140588,0.000000
19,2,0,0,0,0,0.256093,1.7402477,1.9847786,4.71463,-64.56408,-1.6412613,7.1015778,-0.23948792,0.000000
19,2,0,0,0,0,0.247993,1.5482144,1.9032773,4.274468,31.07911,-1.473179,-12.246243,1.720293,0.000000
19,2,0,0,0,0,0.208637,1.8696897,1.981635,4.6063137,-58.197,-4.40345,17.451586,0.17254053,0.000000
20,2,0,0,0,0,0.560733,1.8395574,2.0280268,4.404224,-19.609915,-1.160055,-0.14947866,0.0625234,0.000000
20,2,0,0,0,0,0.545989,1.7570539,1.9942783,4.596007,-44.25785,-3.121466,18.438848,0.11922327,0.000000
20,2,0,0,0,0,0.399594,1.6126442,1.9465258,4.4805284,-20.115328,-2.7876034,-20.189548,1.4766438,0.000000
20,2,0,0,0,0,0.329402,1.6186533,1.9404418,4.3599105,-24.443134,-2.97995,-20.022774,1.1770631,0.000000
20,2,0,0,0,0,0.237566,1.7574623,1.9300643,4.347448,-57.241375,-4.0023108,18.575787,0.0634234,0.000000
20,2,0,0,0,0,0.229625,1.8114583,1.969898,4.578761,-65.41172,-3.8953123,25.377953,-0.083402865,0.000000
20,2,0,0,0,0,0.204093,1.7452171,1.9838963,4.495638,-55.322628,-1.2827761,2.9956396,-0.41554624,0.000000
21,2,0,0,0,0,0.591440,1.7727706,1.9350567,4.434627,-44.045795,-3.8415523,18.189861,0.026716476,0.000000
21,2,0,0,0,0,0.573663,1.8505111,1.9927324,4.372224,-19.593912,-1.1636184,-0.14364919,0.06456674,0.000000
21,2,0,0,0,0,0.293830,2.0480871,2.1453807,4.660282,46.058296,-0.96107054,-12.809792,-0.52279437,0.000000
21,2,0,0,0,0,0.292819,1.8029661,1.9689889,4.544702,-50.179367,-3.0491447,24.506714,-0.5906104,0.000000
21,2,0,0,0,0,0.246816,1.8742621,1.9880924,4.357017,50.925518,-1.0876614,-24.323647,-0.640947,0.000000
21,2,0,0,0,0,0.220228,1.7090964,2.047886,4.734828,-37.178543,-1.4691045,-23.474882,2.0049691,0.000000
22,2,0,0,0,0,0.464510,1.7707438,1.9681858,4.309727,-19.469706,-1.1117259,-0.09934685,0.058378898,0.000000
22,2,0,0,0,0,0.406281,2.0502381,2.0991647,4.6188617,44.13822,-0.99407125,-12.889207,-0.58782715,0.000000
22,2,0,0,0,0,0.362364,1.9261084,2.0433145,4.8391557,-43.796925,-3.6157413,17.815231,-0.10156028,0.000000
22,2,0,0,0,0,0.267649,1.9752136,2.182832,4.803186,44.12654,-0.96887183,-30.20047,1.6995759,0.000000
23,2,0,0,0,0,0.590796,1.7181152,1.9752363,4.3347654,-19.605524,-0.9922062,-0.17045309,0.11673531,0.000000
23,2,0,0,0,0,0.478822,1.7542019,1.9422584,4.456361,-42.843117,-2.8475661,17.79193,-0.099777,0.000000
23,2,0,0,0,0,0.349888,2.192645,2.2335563,5.1609473,-34.158215,-1.2503345,-20.219002,1.2620637,0.000000
23,2,0,0,0,0,0.288888,2.650993,2.5799336,6.079512,44.331078,-0.85766184,-31.243397,-0.18970618,0.000000
23,2,0,0,0,0,0.284519,1.7720604,2.0363584,4.8811116,-53.576008,-2.011673,24.272575,-0.37200543,0.000000
23,2,0,0,0,0,0.255382,2.1213508,2.243789,5.052808,42.640274,-0.92329025,-12.5145645,-0.6864891,0.000000
24,2,0,0,0,0,0.778336,1.6260018,1.937119,4.6009517,-42.580837,-2.9406328,17.31224,0.06271024,0.000000
24,2,0,0,0,0,0.557423,1.793412,2.0290582,4.5316353,-19.809269,-1.0318459,-0.102846384,0.09291329,0.000000
24,2,0,0,0,0,0.332254,1.4874849,1.8739315,4.2093873,-41.07235,-1.7042329,-20.25565,1.1386902,0.000000
24,2,0,0,0,0,0.277528,1.7624135,2.0078292,4.643608,-55.472435,-1.8876085,23.928547,-0.5572746,0.000000
24,2,0,0,0,0,0.225340,1.7436094,1.9947593,4.663738,-45.50235,-2.9397345,10.730197,0.2754276,0.000000
24,2,0,0,0,0,0.222816,2.4170537,2.444513,5.633585,42.389626,-0.9191251,-31.097567,-0.25689447,0.000000
24,2,0,0,0,0,0.217033,1.6805005,1.9849145,4.4743896,-55.448708,-2.9325805,12.568236,-0.07797957,0.000000
25,2,0,0,0,0,0.763326,1.6559277,1.881906,4.3498583,-42.323425,-2.9952316,17.036818,-0.015115161,0.000000
25,2,0,0,0,0,0.583052,1.8616011,2.043442,4.505823,-19.719997,-1.0634114,-0.0908612,0.052468587,0.000000
25,2,0,0,0,0,0.348852,1.7356,2.005016,4.6219196,-29.397686,-2.318994,-21.568344,1.2575768,0.000000
25,2,0,0,0,0,0.248266,1.7058212,1.9949714,4.4849825,-49.12334,-2.7616324,10.769851,-0.30333757,0.000000
25,2,0,0,0,0,0.235644,2.2678232,2.5588014,5.540278,39.932304,-0.91770554,-31.719193,2.0799975,0.000000
25,2,0,0,0,0,0.226525,1.616734,1.9366785,4.7145267,-42.824684,-1.421668,2.2439687,0.009248921,0.000000
25,2,0,0,0,0,0.212699,2.1246784,2.2453496,5.2235684,38.96347,-0.905656,-12.174059,2.423372,0.000000
25,2,0,0,0,0,0.212038,1.6675224,1.9219694,4.3957644,-57.46823,-2.2434154,24.043005,-0.41079324,0.000000
26,2,0,0,0,0,0.675022,1.7977513,1.97636,4.398824,-19.719292,-1.1306267,-0.18010569,0.121263765,0.000000
26,2,0,0,0,0,0.630104,1.7748547,1.9358679,4.3718843,-41.647152,-2.8124325,16.543169,-0.04059704,0.000000
26,2,0,0,0,0,0.334608,1.6701913,1.9235117,4.4596195,-64.990425,-3.2137816,12.0121975,0.11013044,0.000000
26,2,0,0,0,0,0.333051,1.590689,1.9081726,4.530351,-42.84892,-1.3626114,2.1546385,0.052516516,0.000000
26,2,0,0,0,0,0.298389,1.7171121,1.9575274,4.4500446,-57.017593,-3.310774,11.9391365,-0.0024722442,0.000000
26,2,0,0,0,0,0.205782,1.9896296,2.2446418,4.868127,37.93899,-0.8725411,-31.603394,2.2896838,0.000000
26,2,0,0,0,0,0.205604,1.8412998,2.0372958,4.470665,-59.002537,-1.5851773,24.180313,-0.54836035,0.000000
27,2,0,0,0,0,0.589600,1.7339435,1.9484042,4.211442,-19.737177,-1.0767127,-0.067615226,-0.0014515491,0.000000
27,2,0,0,0,0,0.530971,1.7130936,1.9830294,4.8308673,-41.426514,-2.71085,16.089922,-0.037151143,0.000000
27,2,0,0,0,0,0.296059,1.6804795,1.9469303,4.434035,-20.14249,-1.7729547,-21.70876,2.117114,0.000000
28,2,0,0,0,0,0.739161,1.600523,1.9440168,4.729276,-41.033333,-2.5789385,15.907785,-0.007663204,0.000000
28,2,0,0,0,0,0.617809,1.8629322,2.0350392,4.452445,-19.761545,-1.0348874,-0.10627319,0.07235369,0.000000
28,2,0,0,0,0,0.328222,1.560157,1.9441693,4.4381146,-22.26874,-1.6225624,-21.507208,2.276029,0.000000
28,2,0,0,0,0,0.257499,1.9467447,2.0623925,5.1234264,-63.234486,-3.24648,22.34032,-0.17102134,0.000000
28,2,0,0,0,0,0.224012,1.587508,1.9142761,4.6153984,-41.121662,-1.3712893,2.2714362,6.6121225e-05,0.000000
28,2,0,0,0,0,0.220637,1.5300038,1.9083152,4.668952,-34.835762,-1.6288449,2.3428252,0.018649086,0.000000
29,2,0,0,0,0,0.733760,1.6606598,1.976601,4.8627596,-40.54605,-2.7273183,15.856016,0.040461536,0.000000
29,2,0,0,0,0,0.693418,1.7988124,1.9880733,4.4395094,-19.943256,-1.1885779,-0.15288489,0.07334915,0.000000
29,2,0,0,0,0,0.444851,1.5434742,1.9131322,4.3468766,-23.922495,-1.8257589,-21.639265,2.262371,0.000000
29,2,0,0,0,0,0.443112,1.8397903,2.0299547,4.4794035,-44.240723,-1.4533305,-20.970243,0.7510585,0.000000
29,2,0,0,0,0,0.268341,1.6488194,1.8628013,4.2763524,-45.338463,-1.3618655,1.9850987,0.14564052,0.000000
29,2,0,0,0,0,0.209381,1.6825294,1.9289902,4.328619,-39.60103,-1.6862983,-21.73849,1.3498904,0.000000
29,2,0,0,0,0,0.207353,1.6373745,1.988741,4.4274673,-36.06638,-1.8009951,-21.756746,1.8721812,0.000000
30,2,0,0,0,0,0.719990,1.8370231,2.048885,4.5301867,-20.03339,-1.0990045,-0.24479079,0.11777126,0.000000
30,2,0,0,0,0,0.620459,1.6052145,1.9289455,4.6664257,-40.322006,-2.5739543,15.27259,0.010736851,0.000000
30,2,0,0,0,0,0.299838,1.659919,1.9981458,4.539425,-25.851223,-1.7600162,-22.027594,2.2921367,0.000000
30,2,0,0,0,0,0.254762,1.836166,2.010607,4.6383047,-60.685387,-1.7473814,25.163988,-0.3153153,0.000000
30,2,0,0,0,0,0.209448,1.6181554,1.9669186,4.4389114,-50.178646,-2.6865246,9.455552,-0.026255041,0.000000
31,2,0,0,0,0,0.793642,1.7735823,1.9336815,4.585931,-39.921253,-2.3462753,14.791035,0.016382301,0.000000
31,2,0,0,0,0,0.791668,1.7729485,1.988897,4.495842,-19.99481,-1.1117969,-0.27927187,0.12434481,0.000000
31,2,0,0,0,0,0.200114,1.7975519,1.9046552,4.3300347,-62.52964,-1.4445366,24.661812,-0.24841695,0.000000
32,2,0,0,0,0,0.804475,1.8461888,2.0167341,4.487834,-20.05686,-1.0627058,-0.31109247,0.15518622,0.000000
32,2,0,0,0,0,0.659220,1.7531013,1.9635237,4.7225475,-39.592575,-2.2803762,14.464905,0.000891972,0.000000
32,2,0,0,0,0,0.279448,1.782741,2.044123,4.7522545,-42.716408,-1.1416872,-21.785755,0.0172335,0.000000
32,2,0,0,0,0,0.261219,1.6264955,1.9244995,4.527054,-41.258728,-1.338347,2.060121,0.111588195,0.000000
32,2,0,0,0,0,0.250839,2.1178145,2.1470304,4.757336,-49.086388,-1.0003932,-21.953278,0.97149336,0.000000
32,2,0,0,0,0,0.242799,1.587131,1.8907454,4.4087358,-35.851902,-1.5379007,2.1492498,-0.09398515,0.000000
32,2,0,0,0,0,0.241770,1.7209582,1.9344844,4.29871,-39.15632,-1.2047403,-14.935339,-0.3768815,0.000000
32,2,0,0,0,0,0.203345,2.0324502,2.2538033,5.3937354,41.755554,-1.0849583,-11.273681,-0.4961643,0.000000
33,2,0,0,0,0,0.806715,1.7443833,1.9692472,4.451829,-20.10112,-1.1905377,-0.33696553,0.124812,0.000000
33,2,0,0,0,0,0.768927,1.685709,1.983857,4.867038,-39.0831,-2.3515372,14.322071,0.049323622,0.000000
33,2,0,0,0,0,0.311739,1.6387701,1.9062122,4.486206,-37.726707,-1.5200975,2.1237128,-0.14984863,0.000000
33,2,0,0,0,0,0.231484,1.6447889,1.914628,4.308611,-41.04031,-1.4382005,-15.17795,-0.31639203,0.000000
33,2,0,0,0,0,0.231287,1.7752349,1.9921129,4.4769745,-50.797638,-1.1165869,-22.084276,1.2206757,0.000000
33,2,0,0,0,0,0.221385,1.668253,1.9014364,4.390268,-42.691143,-1.3310337,1.872329,0.06049594,0.000000
34,2,0,0,0,0,0.794513,1.7851954,1.9885018,4.458153,-20.255693,-1.1969043,-0.40766764,0.1792721,0.000000
34,2,0,0,0,0,0.730111,1.6467886,2.0069058,4.892156,-39.00705,-2.5038931,13.996603,0.048634928,0.000000
34,2,0,0,0,0,0.246103,1.6857066,2.0076902,4.722292,-32.352028,-1.7134838,-23.251852,2.3943324,0.000000
34,2,0,0,0,0,0.204977,1.9402208,2.0526788,4.819975,-23.446337,-1.9574726,-22.044966,0.26856157,0.000000
35,2,0,0,0,0,0.805393,1.757411,1.9780474,4.4388037,-20.37068,-1.1909432,-0.3779285,0.11926447,0.000000
35,2,0,0,0,0,0.684645,1.6920753,1.9650472,4.6852636,-38.466362,-2.3120024,13.672453,0.0039783493,0.000000
35,2,0,0,0,0,0.395804,1.6075139,1.9350227,4.3435388,-34.09942,-1.7838933,-23.233328,2.300725,0.000000
35,2,0,0,0,0,0.306829,1.8204136,2.0488613,4.6851654,-29.159157,-1.0395299,-13.289299,-0.35243604,0.000000
35,2,0,0,0,0,0.240939,1.5818181,1.8896806,4.3914185,-11.8855915,-1.5190527,-10.746859,0.21861076,0.000000
35,2,0,0,0,0,0.204748,1.605434,1.9148502,4.4080105,-47.388344,-1.8105097,26.338236,-0.1622287,0.000000
36,2,0,0,0,0,0.811790,1.703928,1.9283437,4.6422963,-38.28398,-2.2719693,13.21792,0.042638946,0.000000
36,2,0,0,0,0,0.802263,1.7444265,1.981888,4.3995256,-20.42367,-1.1357722,-0.42327344,0.17266026,0.000000
36,2,0,0,0,0,0.413693,1.6468887,1.925841,4.328068,-35.948147,-1.5588932,-23.151306,-0.59981704,0.000000
36,2,0,0,0,0,0.295987,1.9491785,2.0100112,4.453836,-30.909714,-0.9508518,-13.389624,-0.40281346,0.000000
36,2,0,0,0,0,0.223230,1.7822831,2.1168475,4.982117,-48.99372,-1.133154,-23.035664,0.012063933,0.000000
37,2,0,0,0,0,0.796834,1.821558,2.0333476,4.4969487,-20.462986,-1.0577006,-0.44572368,0.14990036,0.000000
37,2,0,0,0,0,0.732110,1.7668948,1.9982725,4.9150963,-38.130768,-2.1644082,12.9685135,0.028275242,0.000000
37,2,0,0,0,0,0.261110,1.8402667,2.0497458,4.77987,-28.56113,-1.6671151,-22.757015,0.38912523,0.000000
37,2,0,0,0,0,0.225814,1.9428697,2.0191386,4.471196,-32.612408,-0.88972425,-13.552323,-0.27758175,0.000000
38,2,0,0,0,0,0.819651,1.865427,2.0470853,4.5377107,-20.528667,-1.0576615,-0.4172932,0.11436794,0.000000
38,2,0,0,0,0,0.575366,1.8178703,2.0083036,4.8037434,-37.76046,-2.0023313,12.954532,-0.006615971,0.000000
38,2,0,0,0,0,0.353473,1.9234586,2.0217354,4.5025654,-34.28143,-0.890481,-13.960329,-0.07549995,0.000000
38,2,0,0,0,0,0.346868,1.9665508,2.0682206,4.838216,-30.06715,-1.7658601,-23.134647,0.12885252,0.000000
38,2,0,0,0,0,0.343348,1.6692528,2.01487,4.5513954,-39.475075,-1.5600989,-23.94914,-0.7430271,0.000000
38,2,0,0,0,0,0.248261,1.8176816,1.9875526,4.542569,-52.471554,-1.1308452,-23.644022,-0.22801349,0.000000
39,2,0,0,0,0,0.766222,1.790338,2.0187125,4.359992,-20.74328,-1.0688576,-0.42431033,0.080161765,0.000000
39,2,0,0,0,0,0.749130,1.8191328,2.0547414,5.0507126,-37.432045,-1.879497,12.750296,0.0012199648,0.000000
40,2,0,0,0,0,0.799906,1.7850266,1.9726163,4.7888865,-37.115414,-1.8969116,12.300339,0.029437618,0.000000
40,2,0,0,0,0,0.793218,1.9757304,2.0278854,4.514798,-20.754515,-0.9869714,-0.4102602,0.1287195,0.000000
40,2,0,0,0,0,0.282354,1.7276579,1.9549707,4.3572354,-34.647438,-1.7623227,-23.485613,0.867554,0.000000
40,2,0,0,0,0,0.278252,1.7519302,2.0485628,4.591175,-42.32148,-2.016055,-24.690477,2.0709639,0.000000
40,2,0,0,0,0,0.277710,1.5790876,1.8844767,4.30083,-27.305828,-2.2014997,-20.396364,0.7721266,0.000000
41,2,0,0,0,0,0.742026,1.7110844,1.9486432,4.5318227,-36.889347,-1.8634725,12.163749,0.045215275,0.000000
41,2,0,0,0,0,0.711187,1.741392,1.9671259,4.24572,-20.81458,-1.1357517,-0.45524848,0.10437894,0.000000
41,2,0,0,0,0,0.303213,1.7759728,2.1138484,4.622534,-45.127216,-1.541059,-24.996155,2.2493958,0.000000
42,2,0,0,0,0,0.809857,1.9238515,2.0331674,4.902697,-36.65155,-1.8612144,11.753727,0.03085193,0.000000
42,2,0,0,0,0,0.685352,1.7460874,1.9727496,4.5883627,-21.057018,-1.185849,-0.5027623,0.10833323,0.000000
42,2,0,0,0,0,0.278004,1.7316518,2.0383182,4.520442,-46.679268,-1.6111492,-25.198215,2.187736,0.000000
42,2,0,0,0,0,0.231035,1.5807297,1.9554516,4.4097505,-35.728134,-0.76976216,-10.121527,0.050292626,0.000000
42,2,0,0,0,0,0.228423,2.018921,2.059458,4.5805583,58.59169,-1.0245638,17.585556,-0.38737014,0.000000
42,2,0,0,0,0,0.226663,1.856272,2.080252,4.888318,-42.025078,-0.913777,-14.986209,-0.2988956,0.000000
43,2,0,0,0,0,0.808851,1.8644854,2.015588,4.897497,-36.57339,-1.8623378,11.465033,0.08546095,0.000000
43,2,0,0,0,0,0.720535,1.7308111,1.9372368,4.430237,-21.108358,-1.20961,-0.48100406,0.094784796,0.000000
43,2,0,0,0,0,0.278063,1.6714782,2.0174687,4.4738784,-36.282146,-0.90215623,-10.997232,-0.35571837,0.000000
43,2,0,0,0,0,0.275341,1.5641961,1.9084505,4.273861,-26.274479,-1.2256031,-11.679627,0.29532853,0.000000
43,2,0,0,0,0,0.226791,1.8008196,2.004793,4.4567657,-47.40575,-1.6684761,-25.097971,-0.28529987,0.000000
43,2,0,0,0,0,0.200442,1.8874876,2.06114,4.7899036,-43.744125,-0.878667,-15.173307,-0.4434399,0.000000
44,2,0,0,0,0,0.773420,1.9246956,2.0483038,4.9342327,-36.133953,-1.7522686,11.363098,0.0107991835,0.000000
44,2,0,0,0,0,0.724870,1.7308064,1.9201833,4.332331,-21.048073,-1.1398072,-0.5417354,0.11013296,0.000000
44,2,0,0,0,0,0.311673,1.5248144,1.8834189,4.265285,-28.17048,-1.1617564,-12.03281,0.21512675,0.000000
45,2,0,0,0,0,0.823992,1.7220654,1.9488574,4.462903,-21.26881,-1.1555815,-0.53690493,0.14084657,0.000000
45,2,0,0,0,0,0.617594,1.8780007,2.0844955,4.9745717,-35.96046,-1.6357563,11.264101,0.08751025,0.000000
45,2,0,0,0,0,0.271708,1.8109131,2.0208073,4.5025926,-50.777176,-1.3436531,-26.248447,-0.5289433,0.000000
45,2,0,0,0,0,0.263168,1.9452026,2.0905635,4.6692696,-46.993137,-0.8046247,-16.16957,-0.33984697,0.000000
45,2,0,0,0,0,0.257023,1.9223859,1.9876267,4.4144945,51.082226,-0.96433127,18.600506,0.3325762,0.000000
45,2,0,0,0,0,0.250721,1.7690005,1.9988234,4.491462,-58.79782,-1.2711257,-26.671677,0.029633356,0.000000
45,2,0,0,0,0,0.250573,1.6341693,1.9224442,4.33836,-30.01675,-1.0082271,-12.1671505,0.095350936,0.000000
46,2,0,0,0,0,0.800110,1.7854198,2.0087535,4.4024353,-21.459644,-0.94036454,-0.50346005,0.0690537,0.000000
46,2,0,0,0,0,0.752275,1.9672871,2.1053445,5.0782437,-35.768997,-1.4416947,11.113521,0.003894713,0.000000
46,2,0,0,0,0,0.477659,2.0444057,2.049211,4.6748576,50.49664,-1.0046877,18.975084,0.12809855,0.000000
47,2,0,0,0,0,0.801586,1.721806,1.9568481,4.3508596,-21.597385,-1.0499524,-0.5933291,0.15801378,0.000000
47,2,0,0,0,0,0.647716,1.8919673,2.043659,4.978597,-35.41453,-1.5101545,10.819255,0.12365571,0.000000
47,2,0,0,0,0,0.504067,1.8421662,1.9790993,4.578368,-57.077137,-1.5830534,15.01796,-0.095708385,0.000000
47,2,0,0,0,0,0.327505,1.8068037,1.9694941,4.2926116,47.82897,-1.1591642,19.19102,0.24091262,0.000000
47,2,0,0,0,0,0.203703,2.257597,2.331284,5.4096446,44.593697,-0.9136195,-8.294983,-0.29772055,0.000000
47,2,0,0,0,0,0.203519,1.9195423,2.0169337,4.5051584,47.265495,-0.9249289,14.962322,-0.25365943,0.000000
48,2,0,0,0,0,0.823693,1.7871499,1.9738936,4.4567747,-21.663004,-1.1172365,-0.5723931,0.13640875,0.000000
48,2,0,0,0,0,0.699115,1.8173618,2.017041,4.70584,-35.264706,-1.5890604,10.616852,0.05183303,0.000000
48,2,0,0,0,0,0.263611,1.8196282,1.9755195,4.410186,46.161953,-1.0935514,19.697075,0.29313335,0.000000
48,2,0,0,0,0,0.236282,1.723948,1.9889879,4.4579954,33.11438,-1.9358821,-32.75764,-0.38170934,0.000000
48,2,0,0,0,0,0.215735,1.89184,2.1164718,4.7558403,-48.597557,-0.99947834,-25.99292,0.32731667,0.000000
48,2,0,0,0,0,0.207272,1.6845993,1.9859617,4.481684,28.223139,-1.4254243,-20.054934,1.8606507,0.000000
49,2,0,0,0,0,0.827070,1.7112441,1.921065,4.3571606,-21.921045,-1.1533974,-0.66886735,0.18541956,0.000000
49,2,0,0,0,0,0.711824,1.9392337,2.064286,4.8886623,-35.15247,-1.5597057,10.43066,0.11400798,0.000000
49,2,0,0,0,0,0.331590,2.0651922,2.0870924,4.8037267,44.405956,-0.91511047,19.848785,0.26148817,0.000000
49,2,0,0,0,0,0.207525,2.0962448,2.1925528,5.722172,-46.515106,-0.45874667,-12.48032,0.15729724,0.000000
50,2,0,0,0,0,0.829823,1.8815422,2.0164628,4.8494782,-35.03967,-1.529939,10.165158,0.046100467,0.000000
50,2,0,0,0,0,0.788396,1.7349644,1.9314735,4.358521,-22.099985,-1.1270299,-0.6607404,0.18693241,0.000000
50,2,0,0,0,0,0.382951,1.8628224,2.020085,4.645398,42.230564,-0.98489237,20.238714,0.2813458,0.000000
50,2,0,0,0,0,0.265043,1.7370644,1.9657314,4.3426948,36.258358,-1.2845452,-26.38542,-0.46123987,0.000000
50,2,0,0,0,0,0.233816,2.0627956,2.1671126,4.813321,-60.060402,-0.88656545,-27.825544,-0.37212664,0.000000
51,2,0,0,0,0,0.812635,1.900475,2.0572283,5.0471396,-35.03313,-1.5393488,9.954378,0.084542066,0.000000
51,2,0,0,0,0,0.718784,1.7169279,1.9334024,4.30945,-22.28978,-1.1530449,-0.73794305,0.14576852,0.000000
51,2,0,0,0,0,0.318055,1.6236677,2.024899,4.6374874,-69.71916,-1.6406945,7.742797,0.060815904,0.000000
51,2,0,0,0,0,0.284152,1.6246247,1.9127809,4.2773,34.607784,-1.4457437,-27.020418,-0.53163385,0.000000
51,2,0,0,0,0,0.222648,2.1225553,2.242572,5.187435,-63.328262,-0.73444366,-27.729795,0.29445356,0.000000
52,2,0,0,0,0,0.748935,2.008972,2.128037,5.1806393,-34.93253,-1.420682,9.935009,0.10010167,0.000000
52,2,0,0,0,0,0.717279,1.7428987,1.9719954,4.3851852,-22.275703,-1.100459,-0.8038631,0.1548883,0.000000
52,2,0,0,0,0,0.323401,1.7872493,2.058904,4.581909,38.01901,-0.9422113,20.884626,0.37226826,0.000000
52,2,0,0,0,0,0.315148,1.7086898,2.0396633,4.6467943,-69.64548,-1.58571,7.5330534,0.08570721,0.000000
53,2,0,0,0,0,0.788206,1.8513441,1.9910505,4.6605268,-34.59146,-1.265593,9.803919,0.042765763,0.000000
53,2,0,0,0,0,0.680705,1.7210023,1.9975986,4.2330923,-22.359812,-1.0011729,-0.72920346,0.14604819,0.000000
53,2,0,0,0,0,0.325569,1.6628492,1.9550257,4.46196,-68.930595,-1.4518117,7.3123627,-0.19792512,0.000000
53,2,0,0,0,0,0.235905,1.5792542,1.8850958,4.3998194,-19.821163,-1.6094713,-23.941996,-0.13384195,0.000000
54,2,0,0,0,0,0.709963,1.7147992,1.9759516,4.4001937,-22.743832,-1.0231346,-0.872143,0.08525904,0.000000
54,2,0,0,0,0,0.672099,1.8372072,2.0513492,4.7606688,-34.630013,-1.2412746,9.603511,0.096220404,0.000000
54,2,0,0,0,0,0.336808,1.739014,1.9853272,4.574845,-68.844406,-1.4558356,7.1297956,-0.1438233,0.000000
54,2,0,0,0,0,0.242778,2.1089299,2.1983466,4.8544984,-5.1259403,-1.8393197,-30.389732,1.2475455,0.000000
54,2,0,0,0,0,0.237687,1.5900126,1.943708,4.3610806,-22.745747,-1.6238728,-23.426594,1.7452884,0.000000
54,2,0,0,0,0,0.235597,1.9329956,2.0061293,4.5367866,48.586407,-1.160069,13.269614,-0.1504097,0.000000
54,2,0,0,0,0,0.222434,2.0010428,2.177719,4.9389367,-7.0729265,-1.6084034,-30.1371,1.292213,0.000000
55,2,0,0,0,0,0.785852,1.6931987,1.9174081,4.358101,-22.75238,-1.0872056,-0.90310645,0.0833168,0.000000
55,2,0,0,0,0,0.754309,1.8954105,2.0670474,4.857911,-34.55708,-1.22473,9.577972,0.04651209,0.000000
55,2,0,0,0,0,0.290021,1.5121648,1.8947663,4.235942,-24.850086,-1.3138002,-22.977812,0.35790533,0.000000
56,2,0,0,0,0,0.842513,1.9139562,2.1117918,5.136956,-34.419144,-1.2875421,9.267656,0.12709346,0.000000
56,2,0,0,0,0,0.785117,1.7261398,1.9357167,4.3742423,-23.035624,-1.1068311,-1.0681678,0.020369705,0.000000
56,2,0,0,0,0,0.221264,1.894782,2.0727005,4.5482287,-9.883802,-1.6412301,-31.463722,1.2178254,0.000000
56,2,0,0,0,0,0.217303,1.6600164,1.9906759,5.0923142,-39.17895,-1.899348,13.913441,0.047687985,0.000000
56,2,0,0,0,0,0.200054,1.7230033,1.992365,4.4274926,-11.659097,-1.559916,-29.897797,1.2535517,0.000000
57,2,0,0,0,0,0.857142,1.8792713,2.0434272,4.814152,-34.438095,-1.2464107,9.062539,0.10156943,0.000000
57,2,0,0,0,0,0.811192,1.6471047,1.8826926,4.27448,-23.056965,-1.1418979,-1.1807146,0.061475925,0.000000
57,2,0,0,0,0,0.224859,2.0215158,2.0685709,4.575088,-20.94079,-1.4193549,-20.290243,0.8403789,0.000000
58,2,0,0,0,0,0.841968,1.7561449,1.9976267,4.7405195,-34.389496,-1.259238,8.731677,0.12327649,0.000000
58,2,0,0,0,0,0.805167,1.7817633,2.008033,4.4385486,-23.53413,-1.0471528,-1.350675,0.059403654,0.000000
58,2,0,0,0,0,0.350201,1.8887802,2.1061068,5.1415386,-67.84118,-1.2803252,5.441114,-0.14179792,0.000000
59,2,0,0,0,0,0.788331,1.7290128,1.9539219,4.5631766,-34.12713,-1.2873394,8.438651,0.11308898,0.000000
59,2,0,0,0,0,0.695348,1.7927535,2.0411327,4.5172253,-23.700031,-1.0187081,-1.3999885,0.08155054,0.000000
59,2,0,0,0,0,0.320906,1.7434597,2.0557263,4.5387545,-67.298546,-1.3392061,4.7627516,-0.11542668,0.000000
59,2,0,0,0,0,0.269656,1.696229,2.04641,4.6618233,-18.490751,-2.0602608,-29.72389,1.1917367,0.000000
59,2,0,0,0,0,0.232156,1.6484582,1.9424525,4.7927566,-55.803932,-1.5615051,11.437297,0.04628272,0.000000
60,2,0,0,0,0,0.651585,1.7645702,1.9729053,4.5737762,-34.094124,-1.2437586,8.213493,0.070165224,0.000000
60,2,0,0,0,0,0.573162,1.6318641,1.8936942,4.390001,-23.72764,-1.1699102,-1.6634402,0.19228768,0.000000
60,2,0,0,0,0,0.488171,1.7107176,1.9599595,4.5033636,-67.072876,-1.4058712,4.242222,0.1532619,0.000000
60,2,0,0,0,0,0.240474,1.6518538,1.9320518,4.4951625,36.835007,-0.6545147,15.219782,1.2062776,0.000000
60,2,0,0,0,0,0.223825,1.845094,2.0696335,5.0129557,-55.83471,-1.4197946,10.878016,0.056328457,0.000000
61,2,0,0,0,0,0.717119,1.7717248,2.0145118,4.653213,-34.36483,-1.1933432,7.9362345,0.080435984,0.000000
61,2,0,0,0,0,0.562780,1.7366395,1.9901526,4.2937775,-23.847378,-1.1414917,-1.7169063,0.11134336,0.000000
61,2,0,0,0,0,0.427259,1.8311534,2.0925126,5.0157924,-66.941635,-1.3623624,3.82019,-0.055382207,0.000000
62,2,0,0,0,0,0.817953,1.8640845,2.0620613,4.9302115,-34.312473,-1.1077132,7.680604,0.1499573,0.000000
62,2,0,0,0,0,0.462601,1.7632227,2.061364,4.7620263,-24.216259,-1.0252402,-1.8314755,0.091937885,0.000000
62,2,0,0,0,0,0.292279,1.7258735,1.9989138,4.856745,-66.493614,-1.396724,3.4275782,-0.12545823,0.000000
62,2,0,0,0,0,0.207214,1.8458323,2.066103,4.6495323,-24.197998,-1.5552614,-30.154415,1.0999594,0.000000
63,2,0,0,0,0,0.845110,1.909035,2.0665443,4.842016,-34.51096,-0.9909352,7.5615473,0.11615069,0.000000
63,2,0,0,0,0,0.638756,1.7768197,2.023066,4.51761,-24.282818,-0.92578745,-1.9212554,0.10974405,0.000000
63,2,0,0,0,0,0.317583,1.7050109,1.9804504,4.3911476,-66.31637,-0.9858978,2.8961556,0.018594095,0.000000
63,2,0,0,0,0,0.219026,1.5635815,1.9280099,4.315869,-36.12999,-1.333662,-13.824737,1.5562817,0.000000
64,2,0,0,0,0,0.814850,1.8096411,2.0054212,4.640672,-34.345734,-1.0661299,7.223465,0.18740186,0.000000
64,2,0,0,0,0,0.766929,1.7115812,1.9658852,4.289314,-24.424713,-0.97800183,-2.0229187,0.11559017,0.000000
64,2,0,0,0,0,0.438294,1.7253995,2.0119767,4.703523,-66.135185,-1.1902293,2.303564,0.18744117,0.000000
64,2,0,0,0,0,0.213240,1.5130695,1.837749,4.2199826,-19.242558,-1.931762,-36.20822,1.0697157,0.000000
65,2,0,0,0,0,0.824376,1.8394651,2.0444126,4.8587465,-34.379864,-1.1687903,6.966319,0.17037988,0.000000
65,2,0,0,0,0,0.750099,1.7331994,1.9871716,4.3819222,-24.687029,-1.0157875,-2.0784705,0.12992515,0.000000
65,2,0,0,0,0,0.382320,1.8105865,2.0807648,5.134754,-66.19654,-1.3415598,2.1580353,0.0028762077,0.000000
65,2,0,0,0,0,0.240814,1.8416374,2.0567021,4.616555,-27.03729,-1.8711689,-33.210922,1.0129452,0.000000
66,2,0,0,0,0,0.787890,1.6233094,1.9176288,4.293938,-24.77307,-1.0848643,-2.2854726,0.19517313,0.000000
66,2,0,0,0,0,0.760617,1.8121952,2.0055268,4.6124306,-34.478386,-1.1109021,6.710851,0.15476131,0.000000
66,2,0,0,0,0,0.326994,1.8057101,2.153324,5.185291,-65.28925,-1.2309748,1.5592725,0.4366869,0.000000
66,2,0,0,0,0,0.214147,1.9532688,2.1141899,4.8043,-63.254375,-0.73963106,-18.180489,0.2809363,0.000000
66,2,0,0,0,0,0.200844,1.7735064,2.0928555,5.518052,-57.263336,-1.4459869,8.634867,0.16303994,0.000000
67,2,0,0,0,0,0.641852,1.7319064,2.0126636,4.4131584,-25.032536,-0.96835184,-2.328313,0.18817642,0.000000
67,2,0,0,0,0,0.556810,1.8764595,2.0761418,4.6663203,-34.39398,-0.9687368,6.5226173,0.17103933,0.000000
67,2,0,0,0,0,0.298701,1.7505746,2.0050075,4.664975,-65.25127,-0.9654579,1.2955923,-0.0014491229,0.000000
67,2,0,0,0,0,0.281993,1.7427557,2.0244975,5.218674,-57.00353,-1.3178924,8.306716,0.15168524,0.000000
67,2,0,0,0,0,0.281676,1.5995469,1.8935937,4.224005,-45.87036,-1.4605008,37.966286,-0.3347836,0.000000
67,2,0,0,0,0,0.207635,1.8822708,2.0441468,4.5153904,-32.505966,-1.7637676,-31.611845,0.9758386,0.000000
68,2,0,0,0,0,0.781745,1.6937299,1.9667964,4.3618355,-25.141651,-1.0361508,-2.400714,0.1999012,0.000000
68,2,0,0,0,0,0.718366,1.8691297,2.0566266,4.6712165,-34.5839,-0.9245074,6.2778454,0.13024352,0.000000
68,2,0,0,0,0,0.307966,1.7523804,1.9979947,4.6677036,-65.15163,-0.8967109,1.0660241,0.07274328,0.000000
68,2,0,0,0,0,0.223657,1.7616576,2.0696974,5.3758597,-57.268234,-1.2205024,7.745411,0.16663963,0.000000
69,2,0,0,0,0,0.832756,1.8578193,2.0475144,4.809204,-34.547825,-1.0568936,6.038409,0.15520604,0.000000
69,2,0,0,0,0,0.786693,1.6972582,1.9429334,4.438314,-25.298775,-1.1926932,-2.5011597,0.21304536,0.000000
69,2,0,0,0,0,0.442455,1.6890916,1.9888458,4.783474,-64.804344,-1.3179493,0.7458563,0.14710039,0.000000
69,2,0,0,0,0,0.221095,1.6611207,2.0024989,5.1538434,-57.312458,-1.3732177,7.560749,0.18115474,0.000000
69,2,0,0,0,0,0.221069,1.5695891,1.9392154,4.3388457,9.788917,-1.1305064,26.936134,2.2711031,0.000000
69,2,0,0,0,0,0.205664,2.2732391,2.5208457,5.7118115,38.87609,-0.76657856,17.234604,1.0626122,0.000000
70,2,0,0,0,0,0.836717,1.8242975,2.0336766,4.7781253,-34.646183,-1.1302869,5.854248,0.18784548,0.000000
70,2,0,0,0,0,0.701778,1.7267239,1.9558029,4.273115,-25.49934,-1.124517,-2.6268969,0.19482784,0.000000
70,2,0,0,0,0,0.378436,1.7288287,1.9924074,4.8590264,-64.58837,-1.0880377,0.47988757,-0.018905424,0.000000
70,2,0,0,0,0,0.262719,1.6819396,2.0083258,4.9443736,-57.410744,-1.4280939,7.2749486,0.08309177,0.000000
70,2,0,0,0,0,0.213962,2.309026,2.5500221,6.162297,30.464817,-0.6420437,21.404568,0.6945959,0.000000
71,2,0,0,0,0,0.813705,1.8848536,2.0453882,4.7221565,-34.727646,-0.9704976,5.7272053,0.13999759,0.000000
71,2,0,0,0,0,0.667027,1.8164351,1.9890063,4.343017,-25.512657,-0.966431,-2.6646624,0.24525455,0.000000
71,2,0,0,0,0,0.323304,1.7880769,2.0034447,4.674535,-64.58726,-1.0175111,-0.24996352,0.3315953,0.000000
71,2,0,0,0,0,0.320863,1.655015,1.9768957,4.426194,5.3876724,-1.0660777,26.795815,-0.39919758,0.000000
71,2,0,0,0,0,0.281887,1.6893725,1.9428532,4.3940287,-38.108784,-2.6461282,-29.147926,0.5946932,0.000000
71,2,0,0,0,0,0.277698,1.7756226,2.1070704,4.7258787,-34.417248,-1.7465354,-35.83058,0.72968197,0.000000
71,2,0,0,0,0,0.271652,1.6456938,1.9131935,4.386558,-37.306572,-1.9939892,-34.482674,1.1816663,0.000000
71,2,0,0,0,0,0.235985,1.7735378,2.0271904,4.986449,-57.517384,-1.3051062,6.987428,0.20986897,0.000000
72,2,0,0,0,0,0.825471,2.013794,2.077297,4.732698,-34.905697,-0.8684757,5.4637847,0.13047594,0.000000
72,2,0,0,0,0,0.632308,1.763807,1.9806302,4.365225,-25.581213,-1.0120107,-2.7105668,0.23915882,0.000000
72,2,0,0,0,0,0.324135,1.69151,1.9746493,4.5147004,-64.17156,-1.0361196,-0.23486875,0.22383969,0.000000
72,2,0,0,0,0,0.304678,1.6880527,1.9873493,4.737257,-57.395393,-1.2509391,6.8173194,0.14594713,0.000000
72,2,0,0,0,0,0.276687,1.6648588,1.9833248,4.331766,3.4944265,-1.1034138,26.940342,2.2636638,0.000000
73,2,0,0,0,0,0.757250,1.7136941,1.9576125,4.518494,-25.959827,-1.0493767,-2.7131274,0.21250375,0.000000
73,2,0,0,0,0,0.665231,1.9522905,2.1706848,4.969267,-34.997223,-1.0018842,5.2052217,0.14716898,0.000000
73,2,0,0,0,0,0.402091,1.7177854,2.010192,4.441133,0.8615141,-1.1816095,27.0024,-0.67465,0.000000
73,2,0,0,0,0,0.232968,1.6628458,1.9591066,4.5523295,-63.93095,-1.0135008,-0.49156144,0.23702978,0.000000
73,2,0,0,0,0,0.220222,1.7532341,2.0937142,5.564299,-58.678715,-1.2298094,6.048712,0.23005474,0.000000
74,2,0,0,0,0,0.749885,1.8286769,2.0171428,4.5520573,-25.926222,-0.93781245,-2.7346468,0.1902206,0.000000
74,2,0,0,0,0,0.678773,2.0283484,2.1355855,4.918083,-35.05975,-0.8602804,5.084406,0.1833469,0.000000
74,2,0,0,0,0,0.302287,1.7107884,1.9943242,4.249198,-1.3621186,-1.1933086,27.01107,-0.5346397,0.000000
74,2,0,0,0,0,0.263933,1.705194,1.9940314,4.690743,-63.62008,-0.92036474,-0.24094637,-0.10154823,0.000000
74,2,0,0,0,0,0.221495,1.7136593,1.9294648,4.287744,46.2383,-1.6798438,-12.588453,0.019162765,0.000000
74,2,0,0,0,0,0.212111,1.7029891,2.0738702,5.365454,-58.6252,-1.1599987,5.901114,0.24263869,0.000000
74,2,0,0,0,0,0.206216,1.635859,1.9245324,4.177322,39.731575,-1.4818506,-7.4617357,-0.24925017,0.000000
75,2,0,0,0,0,0.781965,1.7432742,1.9891846,4.5255013,-26.04879,-0.9808531,-2.7305908,0.21953556,0.000000
75,2,0,0,0,0,0.648270,1.9690769,2.0617948,4.687521,-35.008644,-0.86348844,4.928641,0.1780003,0.000000
75,2,0,0,0,0,0.305320,1.5019314,1.9118359,4.3062563,-3.8331628,-1.0964543,27.07517,-0.56892383,0.000000
75,2,0,0,0,0,0.230963,1.7294111,1.9771721,4.48612,-63.344288,-0.862265,-0.49638847,0.049970243,0.000000
75,2,0,0,0,0,0.208168,1.9367855,2.1087027,4.7383494,44.670906,-1.3628482,-12.684137,-0.13151646,0.000000
76,2,0,0,0,0,0.756154,1.6685896,1.9698131,4.3441353,-26.047714,-0.9799731,-2.6909552,0.196023,0.000000
76,2,0,0,0,0,0.516500,1.976089,2.0855813,4.6759834,-35.0431,-0.9072032,4.721866,0.14380695,0.000000
76,2,0,0,0,0,0.352700,1.7914836,1.982898,4.3599033,-63.233437,-0.77839947,-0.59130096,0.06234474,0.000000
76,2,0,0,0,0,0.324897,1.6322505,1.9552393,4.398668,35.923306,-1.5385026,-6.9458632,-0.19391255,0.000000
76,2,0,0,0,0,0.261172,2.0419512,2.166222,5.0551186,42.87829,-1.2866068,-12.559234,-0.2430476,0.000000
76,2,0,0,0,0,0.242838,1.7097454,1.997744,4.432374,-6.1370993,-0.853349,26.974464,2.4572854,0.000000
76,2,0,0,0,0,0.206563,2.4654965,2.5224926,6.0285254,44.72118,-0.79095864,-16.714624,-0.038429074,0.000000
77,2,0,0,0,0,0.758191,1.6521943,1.9496484,4.4081073,-26.267525,-1.0535922,-2.706503,0.2333969,0.000000
77,2,0,0,0,0,0.482247,1.8778589,2.1021829,4.8631763,-35.212063,-1.0026264,4.565479,0.12761372,0.000000
77,2,0,0,0,0,0.401279,1.7531059,1.9927759,4.787857,-63.118355,-0.95951056,-0.8891908,0.16983888,0.000000
78,2,0,0,0,0,0.742846,1.6636035,1.965156,4.375663,-26.326714,-1.0430064,-2.7200837,0.26148194,0.000000
78,2,0,0,0,0,0.528756,1.942723,2.148459,5.22775,-35.51645,-0.9071158,4.535194,0.18378899,0.000000
78,2,0,0,0,0,0.369506,1.7753243,1.9716785,4.8257184,-63.11895,-0.9526416,-1.1636722,0.10051882,0.000000
79,2,0,0,0,0,0.804600,1.7911854,1.9893022,4.476498,-26.529182,-1.0083396,-2.610864,0.21249813,0.000000
79,2,0,0,0,0,0.610267,2.0007591,2.0765367,5.0290656,-35.498775,-0.8348806,4.3774815,0.18476321,0.000000
79,2,0,0,0,0,0.329499,1.8502687,2.0005927,4.922735,-63.111015,-0.82716525,-1.1469264,0.032164205,0.000000
79,2,0,0,0,0,0.227882,3.208083,2.9391067,8.431721,39.72729,-0.577422,-15.868704,0.09952978,0.000000
79,2,0,0,0,0,0.211975,1.6091413,1.9317111,4.2998695,-3.8261786,-1.6901312,33.403484,1.5620317,0.000000
80,2,0,0,0,0,0.776833,1.7738142,1.994951,4.45841,-26.667603,-1.0864406,-2.6393113,0.24522404,0.000000
80,2,0,0,0,0,0.749713,1.9628959,2.0432887,4.776736,-35.59817,-0.8463731,4.223046,0.16020884,0.000000
80,2,0,0,0,0,0.204619,1.8404925,2.0532215,4.87166,-63.047653,-0.8571626,-1.158326,0.056841534,0.000000
81,2,0,0,0,0,0.768225,1.7468135,1.9775763,4.421909,-26.738438,-1.0749161,-2.7038035,0.24797791,0.000000
81,2,0,0,0,0,0.700722,1.8191226,2.0126514,4.5860167,-35.62467,-0.91045225,4.1340733,0.20323074,0.000000
81,2,0,0,0,0,0.380074,1.6622477,2.0078664,4.404129,-62.073456,-0.86969674,-1.852011,0.19899464,0.000000
81,2,0,0,0,0,0.258510,3.7447789,2.9811769,9.61191,35.977066,-0.4716395,-14.03512,0.42195117,0.000000
81,2,0,0,0,0,0.232190,1.7037064,2.0228844,4.4269423,-9.783338,-1.5879166,33.07405,2.1762776,0.000000
82,2,0,0,0,0,0.743126,1.7652168,2.0168922,4.431723,-26.78307,-1.0230029,-2.6108117,0.22846219,0.000000
82,2,0,0,0,0,0.742504,1.8659873,2.0676723,4.819807,-35.889088,-0.8680731,4.011259,0.232862,0.000000
82,2,0,0,0,0,0.264549,1.713866,2.0231347,4.457185,-62.33262,-0.83196187,-1.8765419,0.45872393,0.000000
83,2,0,0,0,0,0.776521,1.6424065,1.9308164,4.232831,-26.837275,-1.0782558,-2.5686626,0.19725943,0.000000
83,2,0,0,0,0,0.734970,1.8840731,2.0690017,4.7525177,-36.052334,-0.8572078,3.9893417,0.17886585,0.000000
83,2,0,0,0,0,0.324933,1.7194597,2.0059447,4.4104323,-62.22979,-0.8422027,-1.8714024,0.4050572,0.000000
84,2,0,0,0,0,0.816484,1.9466231,2.0505838,4.6824613,-36.05774,-0.8496264,3.8550303,0.20643954,0.000000
84,2,0,0,0,0,0.738771,1.748363,1.9910443,4.3685737,-27.0945,-1.0153749,-2.427363,0.14151414,0.000000
85,2,0,0,0,0,0.767034,2.046095,2.1239817,4.9263325,-36.311325,-0.8119602,3.81302,0.19610909,0.000000
85,2,0,0,0,0,0.701713,1.694186,1.972799,4.3428073,-27.186201,-1.0495063,-2.4195955,0.18925565,0.000000
85,2,0,0,0,0,0.268612,1.6778363,1.9943819,4.4587107,-62.08584,-0.8797339,-1.7778316,0.5021875,0.000000
85,2,0,0,0,0,0.227402,1.6427717,1.9745164,4.265901,-19.362368,-1.6588433,31.994717,2.2171826,0.000000
85,2,0,0,0,0,0.208014,1.7581937,2.0991488,4.690203,-27.495968,-0.9960989,25.145054,2.2275918,0.000000
86,2,0,0,0,0,0.763990,1.696742,1.9332731,4.2437167,-27.188046,-1.0672387,-2.3235693,0.18259501,0.000000
86,2,0,0,0,0,0.697448,2.0676754,2.1302738,4.873917,-36.48904,-0.79896367,3.7270875,0.18046153,0.000000
86,2,0,0,0,0,0.247671,1.781259,1.9914082,4.392118,-62.02469,-0.88311684,-1.8439944,0.5176331,0.000000
86,2,0,0,0,0,0.244199,1.695329,2.0131884,4.525053,20.039026,-1.4403803,23.610443,0.12144834,0.000000
86,2,0,0,0,0,0.231942,1.7141542,2.0455651,4.4347177,-29.775753,-1.0466998,25.084103,2.0939398,0.000000
87,2,0,0,0,0,0.680465,1.6516185,1.9393268,4.2438884,-27.186104,-1.0506694,-2.316587,0.23211351,0.000000
87,2,0,0,0,0,0.583124,2.048074,2.1795678,5.00518,-36.711044,-0.7710017,3.7305155,0.17829582,0.000000
87,2,0,0,0,0,0.297304,1.9340202,2.1456192,4.758632,-32.58972,-0.7700892,24.315403,-0.57111937,0.000000
87,2,0,0,0,0,0.272769,1.6729927,1.9385953,4.1365056,-24.269993,-1.5461416,31.686604,2.3122678,0.000000
87,2,0,0,0,0,0.219435,1.540844,1.8843654,4.0847883,17.24104,-1.7015653,23.596252,-0.24202566,0.000000
88,2,0,0,0,0,0.663597,1.7420571,2.0037498,4.6875706,-27.561596,-0.8288896,-2.1935205,0.18704724,0.000000
88,2,0,0,0,0,0.558866,1.9368515,2.096737,4.607031,-36.744804,-0.651963,3.6963677,0.16424125,0.000000
88,2,0,0,0,0,0.292495,1.9936509,2.2335043,4.8664417,-34.73997,-0.6785623,23.875364,-0.4513335,0.000000
88,2,0,0,0,0,0.283900,1.5045651,1.8819498,4.201672,-0.6587883,-1.6979661,28.27676,1.598988,0.000000
88,2,0,0,0,0,0.254815,1.6346552,1.985708,4.2964306,15.162292,-1.5093586,24.073051,0.27556342,0.000000
89,2,0,0,0,0,0.719289,1.6625389,1.941148,4.2685385,-27.559414,-0.91526574,-2.153059,0.20589402,0.000000
89,2,0,0,0,0,0.699029,1.9334006,2.0398932,4.7954664,-37.30117,-0.6458299,3.6812377,0.23106793,0.000000
89,2,0,0,0,0,0.287803,2.0126657,2.1693962,4.9951625,-36.915676,-0.66823053,23.307348,2.5885935,0.000000
89,2,0,0,0,0,0.265151,1.7825394,2.0550163,4.6853447,-29.707253,-1.3570015,31.016869,-0.73251516,0.000000
89,2,0,0,0,0,0.258268,1.5812621,1.8929859,4.2338586,-3.5099185,-1.6651919,28.351557,2.00807,0.000000
89,2,0,0,0,0,0.254640,1.6341406,1.8762382,4.189259,49.009403,-1.3509233,-9.243004,-0.43904,0.000000
90,2,0,0,0,0,0.756432,2.0378304,2.0961199,5.0414076,-37.380203,-0.72945,3.689855,0.19698122,0.000000
90,2,0,0,0,0,0.681054,1.7671409,2.012,4.4335012,-27.48938,-1.0034826,-2.1307087,0.16585636,0.000000
90,2,0,0,0,0,0.327307,1.5617185,1.8791143,4.263459,-5.6549325,-1.5660951,28.472692,1.4792576,0.000000
90,2,0,0,0,0,0.280255,1.9230173,2.2896185,5.556779,-32.641163,-1.2054743,31.140987,-0.6176092,0.000000
90,2,0,0,0,0,0.265007,1.6542343,1.9514756,4.179387,10.390857,-1.4114997,23.985018,0.08679284,0.000000
90,2,0,0,0,0,0.244107,1.7648289,2.0367022,4.604086,-61.80551,-0.9551655,-1.5452718,0.49989682,0.000000
90,2,0,0,0,0,0.239665,2.4002159,2.4256094,5.645014,-39.415848,-0.74359286,22.959936,-0.4001579,0.000000
90,2,0,0,0,0,0.236916,1.654602,1.9557551,4.8023014,56.863712,-1.3837891,6.8600097,-0.19557492,0.000000
90,2,0,0,0,0,0.222656,2.222288,2.3070388,5.1954603,33.006702,-1.0361723,-9.806679,-0.47617978,0.000000
90,2,0,0,0,0,0.205559,2.112591,2.2034314,4.9938173,45.974297,-1.0390055,-8.368778,-0.59809685,0.000000
91,2,0,0,0,0,0.757240,1.6777902,1.9788921,4.2892413,-27.696299,-0.9313786,-1.9672968,0.13002144,0.000000
91,2,0,0,0,0,0.731742,1.9075108,2.0432158,4.965484,-37.412872,-0.73390794,3.6143284,0.22280669,0.000000
91,2,0,0,0,0,0.329566,1.6363295,1.9475052,4.434579,7.5654335,-1.5729151,24.865074,1.5273454,0.000000
91,2,0,0,0,0,0.212993,1.9504077,2.039044,4.4805746,45.429478,-1.0122907,-9.394234,-0.29833305,0.000000
91,2,0,0,0,0,0.204906,2.5850306,2.6650555,6.4507103,-43.28057,-0.71798944,22.91552,-0.4243616,0.000000
92,2,0,0,0,0,0.729927,2.0229418,2.0264084,4.7774534,-37.75811,-0.40008318,3.549861,0.22194962,0.000000
92,2,0,0,0,0,0.662582,1.6280537,1.9329729,4.166351,-27.640116,-0.78919446,-1.9438992,0.11137452,0.000000
92,2,0,0,0,0,0.299152,2.0162487,2.2107103,4.8918276,42.994537,-1.143795,-9.383446,-0.64390475,0.000000
92,2,0,0,0,0,0.259322,1.6576157,1.9951229,4.313137,5.7138968,-1.500174,23.95507,0.21798113,0.000000
92,2,0,0,0,0,0.206029,1.6311328,2.0281131,4.7019777,-51.817513,-0.89809036,0.81951696,1.5276105,0.000000
93,2,0,0,0,0,0.740740,1.6362534,1.9594693,4.250321,-27.766949,-0.7936392,-1.8845978,0.18692325,0.000000
93,2,0,0,0,0,0.621534,1.888828,1.998919,4.603798,-37.951244,-0.48486888,3.609498,0.21894446,0.000000
93,2,0,0,0,0,0.374007,1.8324821,2.0279427,4.5485487,-61.876293,-0.5500952,-0.8939699,0.30105698,0.000000
93,2,0,0,0,0,0.240665,1.6707149,1.9613768,4.5099087,2.8406212,-1.4868782,24.791801,1.560971,0.000000
93,2,0,0,0,0,0.211043,1.7335961,2.0609703,4.7181754,-52.82484,-0.97925603,0.9668803,1.6117046,0.000000
93,2,0,0,0,0,0.202623,1.6356378,1.9897804,4.447994,-47.158142,-1.0216203,0.67907333,1.5555009,0.000000
94,2,0,0,0,0,0.753252,1.6733894,1.9681597,4.2429385,-27.770033,-0.9151577,-1.8919154,0.16560715,0.000000
94,2,0,0,0,0,0.673359,2.0719743,2.0596452,4.760206,-38.17894,-0.5203023,3.5767415,0.21701267,0.000000
94,2,0,0,0,0,0.246184,1.9605694,1.9911633,4.3846064,57.186623,-0.97444856,-23.125883,-0.5757614,0.000000
94,2,0,0,0,0,0.219468,1.9709558,2.1628065,4.935156,-42.399834,-0.93798137,29.50268,-0.6913354,0.000000
95,2,0,0,0,0,0.735951,1.7346517,1.9817346,4.316443,-27.876863,-0.95028365,-1.8983178,0.15061234,0.000000
95,2,0,0,0,0,0.521526,2.0228965,2.0427012,4.9288635,-38.82839,-0.5590857,3.6024804,0.24985781,0.000000
95,2,0,0,0,0,0.397325,1.9099622,2.0681021,4.867964,55.191666,-1.2548224,6.9911547,-0.115378566,0.000000
95,2,0,0,0,0,0.291509,1.9552915,1.9729263,4.392345,55.386993,-0.980538,-21.884466,-0.3007315,0.000000
95,2,0,0,0,0,0.206059,1.6743145,2.0100954,4.2922177,-60.15783,-0.49812365,-0.5205724,-0.05718361,0.000000
96,2,0,0,0,0,0.718061,1.6337267,1.9477606,4.247165,-28.055176,-0.9354818,-1.8972551,0.14419964,0.000000
96,2,0,0,0,0,0.614319,1.9413458,2.0313952,5.0267715,-38.925377,-0.49779406,3.613122,0.23738414,0.000000
96,2,0,0,0,0,0.247715,1.7799484,2.0259292,4.6333323,-5.5682187,-1.1634326,24.261051,-0.6536138,0.000000
97,2,0,0,0,0,0.688960,1.7645428,2.0298755,4.367883,-28.371435,-0.7783989,-1.8501265,0.11331945,0.000000
97,2,0,0,0,0,0.587038,1.9352807,2.0151982,4.9462843,-38.972385,-0.53067255,3.5431283,0.27385533,0.000000
97,2,0,0,0,0,0.333645,1.7375472,1.9912941,4.4934473,-61.799004,-0.48338807,-0.59279704,0.38486975,0.000000
97,2,0,0,0,0,0.208212,1.9624586,2.2073903,5.3157535,-8.602097,-0.9518287,24.439032,-0.73294055,0.000000
97,2,0,0,0,0,0.200751,1.5489621,1.9253176,4.6083746,29.91529,-1.6715863,-13.853575,-0.34363288,0.000000
97,2,0,0,0,0,0.200681,1.4776502,1.8603926,4.251031,14.890715,-1.6557949,16.993134,1.3816156,0.000000
98,2,0,0,0,0,0.655717,1.6463156,1.986665,4.2284236,-28.263277,-0.8847797,-1.8895285,0.13356103,0.000000
98,2,0,0,0,0,0.592928,1.8984021,2.0062602,4.7218843,-39.187744,-0.53223413,3.5407653,0.24792144,0.000000
98,2,0,0,0,0,0.273986,1.5998749,1.8882498,4.3172426,55.049484,-1.4871008,6.7282743,-0.16944557,0.000000
98,2,0,0,0,0,0.245225,1.5118947,1.8988152,4.252935,12.506173,-1.5027001,16.926376,1.3958061,0.000000
98,2,0,0,0,0,0.222852,1.800262,1.998459,4.3769155,-8.76838,-1.2250631,23.538929,-0.0444955,0.000000
98,2,0,0,0,0,0.203013,1.906227,2.1535003,4.925482,-61.815723,-0.5180544,-0.35324073,0.48321778,0.000000
99,2,0,0,0,0,0.775069,1.9547338,2.0298662,4.7201276,-39.46776,-0.5631943,3.5808015,0.17458364,0.000000
99,2,0,0,0,0,0.663327,1.6901176,1.9849043,4.2801113,-28.322102,-0.95872366,-1.7979608,0.07950172,0.000000
99,2,0,0,0,0,0.282128,1.684329,1.967632,4.3424325,-27.696564,-1.3050655,26.675236,1.9907674,0.000000
99,2,0,0,0,0,0.250615,1.4755173,1.8426771,4.1135917,26.566475,-2.3113475,31.337877,-0.3450187,0.000000
100,2,0,0,0,0,0.697111,2.0592976,2.0916572,4.8200874,-39.776527,-0.65279114,3.5763397,0.22510591,0.000000
100,2,0,0,0,0,0.651389,1.6925199,1.9740988,4.1801243,-28.220606,-1.0099458,-1.7750955,0.074504636,0.000000
100,2,0,0,0,0,0.418168,1.7072282,1.9658599,4.4848733,13.973413,-2.501956,33.80208,-0.3039894,0.000000
100,2,0,0,0,0,0.270500,1.6081548,1.9283342,4.644619,45.551228,-2.1354725,26.645578,-0.14205357,0.000000
100,2,0,0,0,0,0.240421,1.7584616,1.904194,4.308419,60.293015,-1.3152163,5.183591,-0.058426827,0.000000
100,2,0,0,0,0,0.222771,1.5094142,1.8776245,4.2422423,7.3761353,-1.3756063,16.945831,1.5543809,0.000000
100,2,0,0,0,0,0.203032,1.9020853,2.0948968,4.6680217,-15.485724,-1.0822265,23.915604,-0.6441588,0.000000
100,2,0,0,0,0,0.200742,1.776447,2.1531017,4.926935,-60.97632,-0.76617634,-0.42569947,0.88124305,0.000000
101,2,0,0,0,0,0.675595,1.7259839,2.0112476,4.291425,-28.34999,-1.0329162,-1.820667,0.06296753,0.000000
101,2,0,0,0,0,0.589062,1.9424607,2.1241126,4.9635835,-40.00493,-0.75897443,3.537143,0.14953604,0.000000
101,2,0,0,0,0,0.317683,1.6170626,1.9065338,4.449845,15.115426,-2.6290479,32.979996,-0.2038182,0.000000
101,2,0,0,0,0,0.308347,1.4923521,1.9002879,4.3484073,20.248213,-1.8481162,22.155373,-0.1770588,0.000000
101,2,0,0,0,0,0.307559,1.904864,2.1111722,4.631564,-33.15454,-0.9718426,26.077187,-0.770139,0.000000
101,2,0,0,0,0,0.268909,1.577207,1.9595854,4.9007554,49.311214,-1.4727314,7.2789063,-0.1953993,0.000000
101,2,0,0,0,0,0.215883,1.5829678,1.9309473,4.740307,33.399925,-2.3984523,28.8553,-0.15069692,0.000000
102,2,0,0,0,0,0.613718,1.9938383,2.0422513,4.8916683,-40.49436,-0.5369208,3.6617262,0.21806318,0.000000
102,2,0,0,0,0,0.563545,1.69119,1.9744492,4.273047,-28.627312,-0.9503434,-1.7327113,0.10718265,0.000000
102,2,0,0,0,0,0.235621,2.06085,2.21175,5.14264,-35.79415,-0.843259,25.922567,-0.68842554,0.000000
102,2,0,0,0,0,0.203220,1.7000661,1.9908944,4.877551,19.784191,-2.7572422,31.388367,-0.1942149,0.000000
103,2,0,0,0,0,0.678087,2.0045776,2.0324197,4.8924794,-40.63877,-0.4685762,3.6622262,0.2022435,0.000000
103,2,0,0,0,0,0.525569,1.6081817,1.9663603,4.171311,-28.710857,-0.9438249,-1.7143974,0.20850652,0.000000
103,2,0,0,0,0,0.374847,1.5701127,1.8752398,4.353733,32.93134,-2.2882748,28.088552,-0.1136233,0.000000
103,2,0,0,0,0,0.279757,1.6286383,1.9013976,4.5187964,23.523983,-2.760498,29.973768,-0.16259202,0.000000
103,2,0,0,0,0,0.252284,1.5332344,1.887995,4.2611723,0.5162368,-1.3008775,17.055107,1.5207884,0.000000
103,2,0,0,0,0,0.207267,1.7896795,2.0145776,4.5201054,-39.40878,-0.95437694,-7.1053705,0.095351964,0.000000
104,2,0,0,0,0,0.705704,2.0677261,2.1019726,4.95077,-40.903587,-0.44422293,3.8763576,0.22627808,0.000000
104,2,0,0,0,0,0.624268,1.7000494,1.9346695,4.4033375,-28.565044,-1.0382537,-1.5312908,0.1269866,0.000000
104,2,0,0,0,0,0.304045,1.5414097,1.900839,4.27021,-2.0000567,-1.2449824,16.921955,1.6648586,0.000000
104,2,0,0,0,0,0.217226,1.6856977,1.9718888,4.8997607,44.37676,-2.469206,25.399208,-0.24405456,0.000000
105,2,0,0,0,0,0.773440,1.9485297,2.0755634,4.7471876,-41.030045,-0.7230221,4.091756,0.18988925,0.000000
105,2,0,0,0,0,0.603154,1.6374011,1.8727154,4.2150283,-28.671871,-1.1497332,-1.5869014,0.14820573,0.000000
105,2,0,0,0,0,0.243166,1.5758543,1.9108437,4.4355493,22.7658,-1.6833284,20.122667,0.18449752,0.000000
105,2,0,0,0,0,0.233584,1.5021672,1.8626709,4.223746,-4.177459,-1.255029,16.899492,1.4427245,0.000000
106,2,0,0,0,0,0.756283,1.9515152,2.0841568,4.7506223,-41.33055,-0.7822819,4.1211224,0.17236698,0.000000
106,2,0,0,0,0,0.604003,1.6534891,1.89125,4.2013164,-28.66964,-1.1291924,-1.5151397,0.10106056,0.000000
106,2,0,0,0,0,0.239799,1.577848,1.8988256,4.413541,-18.194971,-2.551629,36.809135,-0.24732545,0.000000
106,2,0,0,0,0,0.219602,1.7988938,2.1732857,5.043258,-61.08137,-0.6813497,1.0214939,0.80190986,0.000000
106,2,0,0,0,0,0.216352,1.5473905,1.9091972,4.3267026,-6.6872764,-1.3111922,16.717863,1.6241604,0.000000
107,2,0,0,0,0,0.566665,2.075248,2.065185,5.0278196,-42.02734,-0.5359036,3.7951412,0.21662745,0.000000
107,2,0,0,0,0,0.521125,1.6925871,1.94639,4.2692995,-28.705612,-1.0263945,-1.5353408,0.076470226,0.000000
107,2,0,0,0,0,0.293356,1.6513138,1.931477,4.625403,42.435978,-2.2626634,24.752563,-0.09994307,0.000000
107,2,0,0,0,0,0.213170,1.6964641,1.9210871,4.46183,56.006344,-1.2618501,31.214005,-0.24487789,0.000000
108,2,0,0,0,0,0.563229,2.0435185,2.0597358,5.037196,-42.033028,-0.5319737,3.6901073,0.16972159,0.000000
108,2,0,0,0,0,0.427968,1.6945184,1.9364514,4.2875667,-28.746181,-0.9550555,-1.5067756,0.14436702,0.000000
108,2,0,0,0,0,0.414180,1.5020895,1.8440834,4.2591925,39.409748,-2.0891395,24.874485,-0.08345303,0.000000
108,2,0,0,0,0,0.403064,1.6491394,1.9572617,4.672193,47.592308,-1.7093353,32.650444,0.020578291,0.000000
108,2,0,0,0,0,0.283028,1.6095779,1.9603701,4.3992743,-11.574273,-1.0841893,16.701252,1.7364606,0.000000
109,2,0,0,0,0,0.692801,2.0446224,2.056521,4.9999523,-42.165302,-0.55451167,3.6742992,0.19488032,0.000000
109,2,0,0,0,0,0.496793,1.6510272,1.8991699,4.1992197,-28.658054,-1.0374951,-1.5251341,0.09738016,0.000000
109,2,0,0,0,0,0.495879,1.5619488,1.9411659,4.7376995,42.289986,-1.8900795,33.556446,-0.08795196,0.000000
109,2,0,0,0,0,0.266401,1.5467983,1.865055,4.3989882,44.58637,-2.143247,23.742579,-0.06186955,0.000000
109,2,0,0,0,0,0.242652,1.5639911,1.9437196,4.310893,-13.842978,-1.0401378,15.660822,1.8350465,0.000000
109,2,0,0,0,0,0.212954,1.5030756,1.9182271,4.643174,18.385712,-1.733672,9.268063,-0.1807768,0.000000
110,2,0,0,0,0,0.779730,1.9001579,2.0284624,4.759777,-42.475067,-0.653371,3.622594,0.18352047,0.000000
110,2,0,0,0,0,0.530273,1.7845099,2.0761802,5.280779,37.6913,-1.6890513,34.034447,-0.13085772,0.000000
110,2,0,0,0,0,0.468490,1.6330891,1.9105448,3.8627925,-28.848366,-1.0298725,-1.7271023,0.16904253,0.000000
110,2,0,0,0,0,0.307972,1.620894,1.9371645,4.3286047,-18.20874,-1.4373043,-15.233222,1.1358516,0.000000
110,2,0,0,0,0,0.304697,1.6038553,1.9296014,4.6651173,42.10841,-1.9709673,24.380648,-0.101333864,0.000000
110,2,0,0,0,0,0.272447,1.573235,1.9703265,4.8376517,16.427765,-1.6318815,9.305448,-0.15589944,0.000000
110,2,0,0,0,0,0.231170,1.5062239,1.9287786,4.2592244,-16.42513,-1.0557779,15.435764,1.8194923,0.000000
110,2,0,0,0,0,0.226394,1.9106312,1.9519626,4.412604,60.421875,-1.0316888,-36.42582,-0.46003816,0.000000
110,2,0,0,0,0,0.214534,1.7837472,2.0252671,4.710133,-31.285656,-1.4644253,-15.201854,0.1314374,0.000000
111,2,0,0,0,0,0.594943,2.032937,2.075896,4.866832,-42.590282,-0.5881543,3.4627767,0.19447806,0.000000
111,2,0,0,0,0,0.465908,1.6209013,1.9245094,3.8650134,-28.854725,-1.02186,-1.7031491,0.15483654,0.000000
111,2,0,0,0,0,0.386716,1.6430186,2.0031064,4.8630085,32.380753,-1.7592149,34.749367,-0.20293319,0.000000
111,2,0,0,0,0,0.229890,1.729196,1.9976841,4.942926,24.70195,-2.6577432,26.918943,-0.24957049,0.000000
111,2,0,0,0,0,0.207454,1.5353055,1.9521246,4.8173466,13.569601,-1.6779613,9.362312,-0.17745298,0.000000
111,2,0,0,0,0,0.204339,1.5024021,1.8712327,4.0263085,-18.674286,-0.9656844,15.253367,1.6926446,0.000000
112,2,0,0,0,0,0.621203,1.5909727,1.9177728,4.4142113,26.5653,-1.8893831,35.293724,-0.15239723,0.000000
112,2,0,0,0,0,0.567161,1.8263786,1.9992356,4.5800915,-42.79648,-0.507887,3.492749,0.15208445,0.000000
112,2,0,0,0,0,0.422681,1.5984318,1.9706285,3.9672487,-28.914747,-0.84986746,-1.7514238,0.17756696,0.000000
112,2,0,0,0,0,0.257561,1.6628302,1.9281701,4.774689,45.94129,-2.5375993,23.2528,-0.113673575,0.000000
112,2,0,0,0,0,0.243176,1.5984505,1.9874463,5.361687,18.582064,-1.792027,9.100633,-0.06468079,0.000000
112,2,0,0,0,0,0.205778,1.9320581,2.264583,5.3031707,-11.852094,-1.2961358,-20.956585,0.04261197,0.000000
112,2,0,0,0,0,0.200372,1.7211046,2.0031264,4.959888,32.755665,-2.5404835,25.350035,-0.19578506,0.000000
113,2,0,0,0,0,0.463077,1.8239274,2.0481987,4.60805,-42.88114,-0.64465,3.217457,0.36792257,0.000000
113,2,0,0,0,0,0.452113,1.6858631,2.0083146,4.5247602,-29.100353,-0.8553742,-1.761631,0.15279639,0.000000
113,2,0,0,0,0,0.360263,1.6685691,1.9699101,4.972543,45.537697,-2.2102573,23.014622,-0.08960317,0.000000
113,2,0,0,0,0,0.332889,1.6311836,1.9813855,4.617868,21.549768,-1.9071579,36.098766,-0.17939164,0.000000
113,2,0,0,0,0,0.214831,1.5991087,1.9966137,5.042793,8.909269,-1.6045835,9.2213745,-0.23698367,0.000000
114,2,0,0,0,0,0.510277,1.5380087,1.9026484,4.5574217,47.44785,-2.192531,22.435795,-0.105827644,0.000000
114,2,0,0,0,0,0.494067,2.0250626,2.0947902,4.6712494,-43.13483,-0.6706548,3.474115,0.14127068,0.000000
114,2,0,0,0,0,0.447310,1.5535564,1.9097531,3.8479373,-28.874214,-1.0701569,-1.7013068,0.2063652,0.000000
114,2,0,0,0,0,0.315182,1.52174,1.9153541,4.580555,7.070924,-1.665714,9.051351,-0.35587558,0.000000
114,2,0,0,0,0,0.293459,1.6820041,2.0187662,4.778843,29.289623,-1.6674829,15.696102,-0.17500074,0.000000
114,2,0,0,0,0,0.239740,1.6908401,1.978296,4.4950314,17.042326,-1.672466,36.345226,0.4653542,0.000000
114,2,0,0,0,0,0.231861,1.6428993,1.9626129,4.385334,-60.35511,-0.52624047,1.8429539,0.1533751,0.000000
115,2,0,0,0,0,0.609778,1.6477242,1.9475429,4.575292,17.005957,-1.6396595,35.41102,-0.14535296,0.000000
115,2,0,0,0,0,0.424606,1.8299346,2.0082958,4.827955,-43.649364,-0.7544291,3.4288173,0.19490573,0.000000
115,2,0,0,0,0,0.391659,1.7237976,1.918335,4.2404,-29.070415,-1.0480533,-1.5095079,0.02263853,0.000000
115,2,0,0,0,0,0.357959,1.5955782,1.914398,4.3203106,-10.424128,-1.8710644,-14.630891,-0.37089774,0.000000
115,2,0,0,0,0,0.256540,1.6204588,1.9595118,4.393667,30.09117,-1.7489849,15.334347,-0.14672464,0.000000
116,2,0,0,0,0,0.593376,1.8112535,2.027616,4.5915565,-43.836815,-0.83906937,3.1311746,0.23882267,0.000000
116,2,0,0,0,0,0.495334,1.8322954,2.0497453,5.005191,11.758419,-1.6894438,35.87036,-0.088300586,0.000000
116,2,0,0,0,0,0.359262,1.8175138,1.971493,4.4837227,-29.128532,-0.99470586,-1.4347291,-0.05179841,0.000000
116,2,0,0,0,0,0.337295,1.6681032,1.9567885,4.6364727,30.80268,-1.7575852,14.786558,-0.20254861,0.000000
116,2,0,0,0,0,0.302423,1.869858,2.0530133,4.560752,47.528122,-1.3844061,-27.495752,-0.5736425,0.000000
116,2,0,0,0,0,0.243206,2.2354596,2.3176436,5.441765,-21.171232,-0.5907749,-21.531712,0.11628784,0.000000
117,2,0,0,0,0,0.537107,1.8182743,2.0395484,4.582301,-43.84816,-0.64379585,3.1293728,0.17499012,0.000000
117,2,0,0,0,0,0.380670,1.641278,1.8888416,4.1123066,-28.755272,-1.1045752,-1.5594008,0.10590647,0.000000
117,2,0,0,0,0,0.248054,1.9673649,2.185392,5.5919294,6.5544486,-1.5582063,36.12953,-0.14129876,0.000000
117,2,0,0,0,0,0.237113,2.0176265,2.0490928,4.6268306,-56.730682,-0.8688787,19.252337,-0.59659696,0.000000
117,2,0,0,0,0,0.215361,1.5826507,1.9510202,4.5301905,31.248383,-1.7365885,14.360178,-0.3663407,0.000000
118,2,0,0,0,0,0.501338,1.833786,2.0614939,4.5614963,-44.109886,-0.7690234,3.1262684,0.15979314,0.000000
118,2,0,0,0,0,0.398773,1.7681785,1.943136,4.3134522,-29.12155,-1.0388397,-1.4897134,0.025342418,0.000000
118,2,0,0,0,0,0.312770,1.6351972,2.0202928,4.7695484,32.366478,-1.5798535,14.259289,-0.11782442,0.000000
118,2,0,0,0,0,0.241715,2.8117738,2.7753143,8.752563,-0.9981594,-1.1254137,36.840675,-0.18675978,0.000000
118,2,0,0,0,0,0.220079,1.8007336,2.088861,5.024248,47.601772,-1.2338729,-15.258727,-0.3991018,0.000000
119,2,0,0,0,0,0.629036,1.848619,2.1027012,4.696903,-44.52109,-0.8916054,2.951645,0.115706764,0.000000
119,2,0,0,0,0,0.423808,1.584944,1.9550478,4.483568,32.996323,-1.690484,13.863924,-0.20758168,0.000000
119,2,0,0,0,0,0.348271,1.6150472,1.876796,4.152771,-28.817825,-1.1878841,-1.6125388,0.04698782,0.000000
119,2,0,0,0,0,0.306533,1.5660081,1.8636621,4.2871113,60.71316,-1.5964919,20.026623,-0.042050388,0.000000
119,2,0,0,0,0,0.302155,1.6468735,1.969408,4.220725,-62.004128,-0.7990216,1.2457383,0.01832341,0.000000
119,2,0,0,0,0,0.202618,2.4222307,2.5642843,7.005249,-6.9039407,-1.0473294,37.154327,-0.19877768,0.000000
120,2,0,0,0,0,0.659973,1.8227487,2.075297,4.6025753,-44.630722,-0.91541004,2.8618548,0.14269294,0.000000
120,2,0,0,0,0,0.499014,1.6240361,1.8722801,4.274682,-28.74613,-1.1768485,-1.5580235,0.024496429,0.000000
120,2,0,0,0,0,0.367378,1.689248,2.0033188,4.7942142,33.979847,-1.6225052,13.733485,-0.113429055,0.000000
120,2,0,0,0,0,0.313120,2.1900642,2.434418,6.1459684,-8.691887,-1.311912,36.91406,-0.116246775,0.000000
120,2,0,0,0,0,0.296696,1.7007873,1.9606621,4.341121,-63.036674,-0.9292879,1.0753484,0.37979335,0.000000
120,2,0,0,0,0,0.220150,1.7542031,2.0054553,4.665381,51.77295,-1.3749725,-8.589247,-0.2822235,0.000000
121,2,0,0,0,0,0.658688,1.7582915,2.0345805,4.470322,-44.71404,-0.8325796,2.8033926,0.1174117,0.000000
121,2,0,0,0,0,0.484153,1.615154,1.9502169,4.541019,34.658363,-1.6589432,13.424843,0.008484849,0.000000
121,2,0,0,0,0,0.468043,1.7312386,1.9809697,4.2297497,-28.792624,-1.0705715,-1.7311523,0.12641507,0.000000
121,2,0,0,0,0,0.225920,1.9390553,2.0988362,4.55364,36.124634,-1.0581594,-26.28586,-0.31711456,0.000000
121,2,0,0,0,0,0.222747,1.939817,2.01727,4.5634074,45.637295,-1.2139397,-18.849648,-0.43026122,0.000000
121,2,0,0,0,0,0.204246,1.8868723,2.0241394,4.457843,47.59353,-1.0818305,-32.9465,-0.43455788,0.000000
122,2,0,0,0,0,0.591413,1.8028104,2.0131903,4.832051,-45.19536,-0.77513456,2.6067505,0.19380824,0.000000
122,2,0,0,0,0,0.565226,1.7587945,1.956175,4.3171372,-28.646309,-1.0709175,-1.5825994,0.059573144,0.000000
122,2,0,0,0,0,0.547663,1.6663722,1.9123622,4.5476418,-26.730078,-2.2018924,29.238087,-0.09819217,0.000000
122,2,0,0,0,0,0.245322,1.6816344,1.978958,4.768711,35.592773,-1.6206112,13.284088,-0.053625282,0.000000
122,2,0,0,0,0,0.238093,2.7533998,2.6742435,8.292311,-20.374657,-0.8170366,37.543396,-0.13218686,0.000000
123,2,0,0,0,0,0.701602,1.9898319,2.0689766,4.7588253,-45.20887,-0.7781739,2.7155902,0.089558125,0.000000
123,2,0,0,0,0,0.534809,1.6843507,1.9143069,4.346884,-28.691393,-1.1408598,-1.5897179,0.077739306,0.000000
123,2,0,0,0,0,0.379127,1.5856063,1.8639205,4.236556,35.826496,-1.5632738,13.173469,0.14114891,0.000000
123,2,0,0,0,0,0.359114,1.5054016,1.8472981,4.281493,-34.27468,-2.1368299,29.705301,-0.17185685,0.000000
123,2,0,0,0,0,0.254778,2.949579,2.8171515,9.847465,-26.210855,-0.79024875,37.791946,-0.097957686,0.000000
124,2,0,0,0,0,0.824690,1.8153361,2.0051696,4.711837,-45.382915,-1.1678753,2.6145039,0.13270858,0.000000
124,2,0,0,0,0,0.528715,1.7218809,1.9411346,4.1883173,-28.842075,-1.3598604,-1.7087519,0.017711673,0.000000
124,2,0,0,0,0,0.333826,1.7322001,2.0052273,4.727177,-63.381115,-1.0854715,1.6143064,-0.17253906,0.000000
124,2,0,0,0,0,0.242668,1.6864408,1.883829,4.2067313,36.442955,-1.3748577,13.182209,0.21432154,0.000000
124,2,0,0,0,0,0.233813,2.7500987,2.5705087,8.286315,-30.970821,-0.8692272,37.715683,-0.096105546,0.000000
125,2,0,0,0,0,0.823468,1.7827504,2.0087705,4.6617694,-45.687145,-1.0420299,2.5117347,0.17147192,0.000000
125,2,0,0,0,0,0.555279,1.7922232,1.9881248,4.30664,-28.604921,-1.1659148,-1.7051116,0.07804907,0.000000
125,2,0,0,0,0,0.342375,1.6674764,1.9927586,4.4513907,37.442284,-1.4372357,12.436307,-0.11533319,0.000000
125,2,0,0,0,0,0.336727,1.5782046,1.9544642,4.7651315,51.98567,-1.5908096,20.517658,-0.16339946,0.000000
125,2,0,0,0,0,0.206516,1.672092,1.9941877,4.582527,-63.423008,-1.0855418,1.0497365,0.01327998,0.000000
126,2,0,0,0,0,0.631873,1.8647164,2.0892913,4.74712,-45.9094,-0.7585763,2.4177752,0.18920942,0.000000
126,2,0,0,0,0,0.560132,1.6922257,1.965186,4.388808,-28.404423,-1.0511585,-1.6243433,0.031594254,0.000000
126,2,0,0,0,0,0.318819,1.6791472,1.9810199,4.384391,38.12971,-1.521222,12.188286,-0.06904826,0.000000
126,2,0,0,0,0,0.240758,3.050492,2.8288343,9.30091,-41.918907,-0.71972096,38.15245,-0.077882715,0.000000
127,2,0,0,0,0,0.630173,1.6940928,1.9916844,4.298166,-28.218513,-1.046621,-1.5377033,-0.025831677,0.000000
127,2,0,0,0,0,0.570871,1.9445169,2.1321583,4.8125424,-45.946186,-0.6946018,2.2330198,0.13420488,0.000000
127,2,0,0,0,0,0.445858,1.7539206,1.9829036,4.577268,39.066494,-1.4488118,11.854898,-0.14405364,0.000000
127,2,0,0,0,0,0.266115,2.829197,2.5327194,8.176484,-46.490486,-0.7204294,37.78481,-0.11597744,0.000000
128,2,0,0,0,0,0.553578,1.7425781,1.9902186,4.3100557,-28.130932,-0.98564506,-1.5282077,-0.01641928,0.000000
128,2,0,0,0,0,0.430960,1.942105,2.1373506,4.804418,-46.14515,-0.64670885,2.2182333,0.10188596,0.000000
128,2,0,0,0,0,0.296361,1.6101904,1.9663743,4.6381755,39.749813,-1.9366395,11.714119,-0.07065803,0.000000
128,2,0,0,0,0,0.231076,2.780767,2.5250459,8.535211,-51.89028,-0.5723698,37.813473,-0.103986524,0.000000
129,2,0,0,0,0,0.635533,1.747962,2.0006056,4.3004217,-28.142159,-0.8960798,-1.7622926,0.07867042,0.000000
129,2,0,0,0,0,0.523930,1.4767473,1.8036945,4.081774,9.143486,-1.7434387,32.510178,0.09025882,0.000000
129,2,0,0,0,0,0.448865,1.8314941,2.048871,4.537718,-46.07176,-0.3727671,2.3198104,0.1228881,0.000000
129,2,0,0,0,0,0.325847,2.7875042,2.3747144,7.432392,-56.229008,-0.5434084,37.736565,-0.018981747,0.000000
129,2,0,0,0,0,0.303632,2.1662996,2.242665,4.9955754,42.78572,-0.99831206,-18.330246,-0.30761573,0.000000
129,2,0,0,0,0,0.224114,1.8466054,2.0455327,4.6552315,58.40538,-1.2979026,-14.675905,-0.56038725,0.000000
129,2,0,0,0,0,0.205083,1.5591447,1.945217,4.1009684,-43.316338,-0.9693786,-16.88472,-0.21330933,0.000000
130,2,0,0,0,0,0.628297,2.011852,2.089932,4.699348,-46.403893,-0.7934556,1.9805887,0.06701066,0.000000
130,2,0,0,0,0,0.576026,1.4773655,1.8259848,4.1783266,3.9602919,-1.7638721,32.434273,-0.00957814,0.000000
130,2,0,0,0,0,0.555397,1.736881,1.9638793,4.2154083,-27.822805,-1.030259,-1.6757935,0.048519872,0.000000
130,2,0,0,0,0,0.345921,1.8234568,1.9357779,4.4054804,55.907627,-1.2429932,-14.268801,-0.19878815,0.000000
130,2,0,0,0,0,0.277136,2.6505637,2.4938927,7.4079013,-61.01218,-0.80101943,37.831417,-0.05911719,0.000000
130,2,0,0,0,0,0.270671,2.4908416,2.594355,5.9366426,40.166626,-0.9115919,-17.214752,1.6301022,0.000000
130,2,0,0,0,0,0.220656,1.8533645,2.0701761,4.657634,-63.71251,-0.7764423,0.7592836,-0.043231964,0.000000
131,2,0,0,0,0,0.611556,1.7851546,1.9637198,4.316663,-27.63723,-1.0611014,-1.7567099,0.08848749,0.000000
131,2,0,0,0,0,0.606963,1.5071515,1.8616953,4.2912145,-1.2044275,-1.6190829,32.521214,-0.119530655,0.000000
131,2,0,0,0,0,0.535775,1.9083806,2.098645,4.5235157,-46.380325,-0.74997234,1.9282951,0.09136232,0.000000
131,2,0,0,0,0,0.435534,1.8598758,1.9825321,4.568807,53.833588,-1.3107986,-14.378771,-0.20340262,0.000000
131,2,0,0,0,0,0.315347,1.8567238,2.2579687,5.241767,-63.601265,-1.2500346,23.056944,-0.5687888,0.000000
131,2,0,0,0,0,0.258062,1.5170711,1.8780849,4.266776,20.32115,-1.655793,5.904681,-0.13031125,0.000000
131,2,0,0,0,0,0.254073,2.639018,2.5897586,7.036831,-66.21602,-0.8077955,37.74256,-0.09255221,0.000000
131,2,0,0,0,0,0.245711,1.6194898,1.8945838,4.1094537,41.46824,-1.610621,10.96393,-0.16115479,0.000000
131,2,0,0,0,0,0.200961,1.789192,2.0170932,4.6654687,-63.644135,-0.85251987,0.40140107,0.020565234,0.000000
132,2,0,0,0,0,0.719713,1.7523289,1.9631433,4.26766,-27.782286,-1.0168804,-1.7593188,0.03479252,0.000000
132,2,0,0,0,0,0.442019,1.9865278,2.0883317,4.9885283,51.83233,-1.2614505,-14.1673565,-0.063284524,0.000000
132,2,0,0,0,0,0.391659,1.5453043,1.8940821,4.388155,-6.118168,-1.4552242,32.647987,-0.293065,0.000000
132,2,0,0,0,0,0.330807,1.8837566,2.1395311,5.0277643,-62.826233,-1.0357065,21.95298,-0.1879215,0.000000
132,2,0,0,0,0,0.301278,1.744343,2.0710397,4.2736,-46.480194,-0.7713448,1.4705684,0.24801238,0.000000
132,2,0,0,0,0,0.250978,1.6680084,1.9200022,4.3250036,42.432926,-1.3974488,11.704392,0.09715626,0.000000
132,2,0,0,0,0,0.209928,1.9600154,2.035374,4.528306,52.625572,-1.1021538,-29.59241,-0.65022373,0.000000
133,2,0,0,0,0,0.725475,1.9528272,2.0494704,4.6243873,-27.577099,-0.95918715,-1.879141,0.08369076,0.000000
133,2,0,0,0,0,0.547838,1.9155755,2.0804431,4.7657,-46.990265,-0.72027457,1.3501344,0.14816421,0.000000
133,2,0,0,0,0,0.532676,2.022523,2.0857852,4.8545523,49.20207,-1.277029,-14.110433,-0.17309347,0.000000
133,2,0,0,0,0,0.378660,1.7403913,1.9938097,4.6979637,-61.811882,-1.1952001,21.739716,-0.3793163,0.000000
133,2,0,0,0,0,0.238322,1.5637305,1.920453,4.3090153,44.531185,-1.8293525,20.19809,-0.004097986,0.000000
133,2,0,0,0,0,0.229266,1.6259618,1.9375057,4.5660753,-11.66406,-1.4123061,32.646393,-0.18639699,0.000000
133,2,0,0,0,0,0.216334,1.6121464,1.971172,4.931409,39.033,-1.9826624,20.83183,-0.10727479,0.000000
134,2,0,0,0,0,0.613396,1.7523949,1.9234486,4.2112365,-27.350906,-1.0456662,-1.9212701,0.01136817,0.000000
134,2,0,0,0,0,0.607219,1.9023893,2.0855176,4.7775335,-47.013,-0.7103404,1.3180335,0.060755704,0.000000
134,2,0,0,0,0,0.333600,2.1821198,2.1908774,5.146897,47.048134,-1.1764033,-13.983276,-0.18529494,0.000000
134,2,0,0,0,0,0.321408,1.9748943,2.2043614,5.105568,-61.375633,-0.93984604,21.352486,-0.4255203,0.000000
134,2,0,0,0,0,0.291226,1.5728011,1.913919,4.319605,-16.57776,-1.1888449,32.82785,-0.3995217,0.000000
134,2,0,0,0,0,0.245087,1.6411686,1.9706962,4.5123687,-32.94708,-1.1450487,-16.981256,0.5662413,0.000000
134,2,0,0,0,0,0.239724,1.610331,1.9847883,5.197758,42.713387,-1.9695106,20.371628,-0.112032875,0.000000
134,2,0,0,0,0,0.205143,1.7137003,2.0108469,4.6870856,43.949104,-1.5277022,10.813779,-0.23850115,0.000000
135,2,0,0,0,0,0.566845,1.6390026,1.9224589,4.203853,-27.344856,-1.1140231,-1.9656701,0.027006209,0.000000
135,2,0,0,0,0,0.552095,1.8810406,2.0474117,4.6270056,-47.10193,-0.69221985,1.2414613,0.016277838,0.000000
135,2,0,0,0,0,0.514068,2.0747726,2.1554832,5.0281672,44.611923,-1.2702308,-13.938974,-0.2188958,0.000000
135,2,0,0,0,0,0.453167,1.6111562,1.9478966,4.313283,-22.08359,-1.1649246,32.78361,-0.2708126,0.000000
135,2,0,0,0,0,0.447218,1.8022661,2.0754452,4.7778144,-60.266357,-0.99966407,20.525368,-0.18187688,0.000000
135,2,0,0,0,0,0.359138,1.6925049,1.9756867,4.3627696,44.555153,-1.4889067,10.698494,-0.12211642,0.000000
136,2,0,0,0,0,0.817425,1.5490384,1.8159981,4.230398,-27.030079,-1.1882216,-2.0915878,0.109975874,0.000000
136,2,0,0,0,0,0.617127,1.8323061,2.0449514,4.5310583,-47.139595,-0.6855954,1.0299922,0.1054418,0.000000
136,2,0,0,0,0,0.514331,1.938725,2.085919,4.876768,42.262215,-1.4346422,-13.713308,-0.16330764,0.000000
136,2,0,0,0,0,0.441891,1.7379756,1.9577042,4.626879,-59.181274,-0.9353888,19.90644,0.010795334,0.000000
136,2,0,0,0,0,0.253096,1.6794388,1.9392055,4.540638,-26.972565,-1.1912528,32.704815,-0.2947182,0.000000
136,2,0,0,0,0,0.212565,1.7212651,2.0108695,4.6895375,45.377937,-1.5131718,10.704062,-0.23712525,0.000000
137,2,0,0,0,0,0.746270,1.8287477,2.025575,4.5218177,-27.056244,-1.0136024,-2.197688,0.09974584,0.000000
137,2,0,0,0,0,0.396924,1.6505127,1.9876082,4.3177466,-58.38599,-0.92589164,19.45832,-0.2889038,0.000000
137,2,0,0,0,0,0.336208,2.2561398,2.2016704,5.174434,39.8002,-1.4043918,-13.87802,-0.30894423,0.000000
137,2,0,0,0,0,0.319203,1.7943027,2.1564143,4.718604,-47.539814,-0.68360317,0.8246909,0.037503466,0.000000
137,2,0,0,0,0,0.217447,1.6472492,1.950071,4.300375,46.04873,-1.6397556,10.52122,-0.1418742,0.000000
138,2,0,0,0,0,0.790929,1.6025133,1.8554614,4.3154855,-26.731213,-1.1767478,-2.2001266,0.12657481,0.000000
138,2,0,0,0,0,0.500969,1.7576559,2.0577824,4.5189047,-57.299385,-0.8189782,18.933273,-0.12622723,0.000000
138,2,0,0,0,0,0.351534,1.5764933,1.905193,4.1454945,46.33431,-1.5935521,10.254499,-0.26740655,0.000000
138,2,0,0,0,0,0.348564,2.28321,2.2691383,5.3554015,37.687553,-1.3025671,-13.757134,-0.3088634,0.000000
138,2,0,0,0,0,0.326726,1.9079523,2.059823,4.6198735,-52.718338,-1.0001285,-24.555847,0.52440935,0.000000
138,2,0,0,0,0,0.321825,1.8858123,2.1618874,4.787815,-47.587585,-0.8024323,0.5144001,0.113446444,0.000000
139,2,0,0,0,0,0.812738,1.7177482,1.939607,4.3629255,-26.705946,-1.1680496,-2.2572494,0.124399565,0.000000
139,2,0,0,0,0,0.644432,1.9464986,2.1293058,4.665475,-47.46826,-0.75385845,0.58589625,-0.07263896,0.000000
139,2,0,0,0,0,0.404363,2.1960812,2.2256315,5.192013,35.095993,-1.3327274,-13.785587,-0.30210254,0.000000
139,2,0,0,0,0,0.387372,1.8837352,1.9908533,4.6720753,-56.710342,-0.9706906,18.418095,-0.13476199,0.000000
139,2,0,0,0,0,0.372275,1.5862991,1.9268668,4.336139,47.20669,-1.6031184,10.279211,-0.15031207,0.000000
139,2,0,0,0,0,0.360251,1.9377699,2.107775,4.5467443,58.89093,-1.0428052,-15.118719,-0.28837442,0.000000
139,2,0,0,0,0,0.313271,2.2974555,2.3394017,5.5604467,39.653263,-1.4279684,-30.217897,-0.499349,0.000000
139,2,0,0,0,0,0.221918,1.6968082,1.9260916,4.492112,53.471462,-1.4553044,19.733429,-0.041219477,0.000000
140,2,0,0,0,0,0.812743,1.6864619,1.9041551,4.3507385,-26.632101,-1.1710441,-2.2853189,0.12809342,0.000000
140,2,0,0,0,0,0.554535,1.9858074,2.1281226,4.6683946,-47.719124,-0.75238013,0.39862168,-0.0037617297,0.000000
140,2,0,0,0,0,0.445411,1.7378427,1.9617784,4.446959,-55.47988,-0.921017,18.078775,-0.14172892,0.000000
140,2,0,0,0,0,0.398556,2.1135888,2.200426,4.9488587,56.940987,-1.0920703,-15.203205,-0.3116567,0.000000
140,2,0,0,0,0,0.370027,2.2569103,2.2614465,5.3463426,32.890755,-1.4091706,-13.589296,-0.21417506,0.000000
140,2,0,0,0,0,0.227485,1.9207923,2.1160922,4.9675803,46.302807,-1.2375072,-31.230429,-0.49965358,0.000000
140,2,0,0,0,0,0.224459,1.6263013,1.9538397,4.2768893,47.82644,-1.5608981,10.437736,0.0057991557,0.000000
141,2,0,0,0,0,0.799400,1.7527132,1.969207,4.5016036,-26.43497,-1.1406865,-2.3233628,0.14160971,0.000000
141,2,0,0,0,0,0.549541,2.0045924,2.1331978,4.6606503,-47.804142,-0.68685865,0.36148325,0.0412924,0.000000
141,2,0,0,0,0,0.392765,1.6315174,1.9511728,4.4674196,48.816307,-1.6093633,10.114381,-0.024836319,0.000000
141,2,0,0,0,0,0.360201,1.8286909,2.0211124,4.482909,-54.94339,-0.8271913,17.679195,0.03598263,0.000000
141,2,0,0,0,0,0.292128,2.3057084,2.2403429,5.204154,54.44864,-0.9756704,-15.22957,-0.23120072,0.000000
141,2,0,0,0,0,0.234190,2.549631,2.2854664,5.6101217,30.493002,-1.4346461,-13.658154,-0.34252802,0.000000
142,2,0,0,0,0,0.790016,1.881269,2.0115619,4.5212274,-26.206062,-1.074734,-2.2872913,0.024771085,0.000000
142,2,0,0,0,0,0.491603,1.808307,2.0837202,4.399237,-47.89488,-0.96111196,0.2085656,0.06885409,0.000000
142,2,0,0,0,0,0.443570,2.5946517,2.389239,5.6379642,52.13081,-0.94464135,-15.062618,-0.23301536,0.000000
142,2,0,0,0,0,0.431760,1.741296,2.0144737,4.746839,-53.920845,-0.96053505,17.768341,-0.38720164,0.000000
142,2,0,0,0,0,0.268377,1.664995,1.9404869,4.3368444,49.322525,-1.4903558,10.3489275,0.14730273,0.000000
142,2,0,0,0,0,0.234006,2.4321136,2.3069212,5.646471,28.336182,-1.3816648,-13.41303,-0.25830168,0.000000
143,2,0,0,0,0,0.814711,1.8161399,1.9815912,4.4852347,-26.00371,-1.1487374,-2.294652,0.06763003,0.000000
143,2,0,0,0,0,0.439241,1.8529474,2.0747013,4.464614,-47.971336,-0.93897873,0.1373508,0.05960942,0.000000
143,2,0,0,0,0,0.412278,1.7126505,1.9987441,4.6323056,-52.83947,-0.9510001,17.115702,-0.11574571,0.000000
143,2,0,0,0,0,0.335985,1.5980215,1.8477042,4.1404185,25.116314,-1.4580884,29.215223,0.024766076,0.000000
143,2,0,0,0,0,0.316014,1.6301055,1.9376359,4.451562,50.17186,-1.612826,10.325655,0.07604159,0.000000
143,2,0,0,0,0,0.266597,2.6198292,2.4330199,5.781705,50.34938,-1.035358,-14.94419,-0.28604203,0.000000
144,2,0,0,0,0,0.667148,1.6509461,1.8917818,4.134828,-25.683498,-1.1164796,-2.2427063,0.11947849,0.000000
144,2,0,0,0,0,0.505666,1.7093925,2.0193703,4.432676,-51.854927,-0.8362851,16.95195,-0.31400087,0.000000
144,2,0,0,0,0,0.435765,1.9310074,2.1344,4.5376515,-48.05019,-0.6974844,-0.20986448,0.1199289,0.000000
144,2,0,0,0,0,0.339717,1.6018267,1.8493519,4.13203,19.778269,-1.3807864,29.288467,0.061734006,0.000000
144,2,0,0,0,0,0.251920,3.165039,2.6204813,6.69049,47.71861,-1.0893507,-15.247494,-0.27708238,0.000000
145,2,0,0,0,0,0.718454,1.6125276,1.8837384,4.3108726,-25.61501,-1.1597328,-2.3069067,0.13994524,0.000000
145,2,0,0,0,0,0.494107,1.8561614,2.0888755,4.445349,-48.00472,-0.7453295,-0.24374071,0.037072137,0.000000
145,2,0,0,0,0,0.453353,1.6683664,1.9622244,4.4287333,-50.81361,-0.87128115,16.562176,-0.028901944,0.000000
145,2,0,0,0,0,0.345664,1.546581,1.8306062,4.1726637,14.033832,-1.3765143,28.712101,-0.027537245,0.000000
146,2,0,0,0,0,0.758902,1.6929343,1.9350591,4.36768,-25.57565,-1.1840284,-2.322334,0.10222016,0.000000
146,2,0,0,0,0,0.466313,1.9543695,2.0863934,4.763959,-50.31791,-0.78743744,16.469807,-0.14903843,0.000000
146,2,0,0,0,0,0.454820,1.8236444,2.0693057,4.747555,-48.447796,-0.8184961,-0.2382225,0.07618505,0.000000
146,2,0,0,0,0,0.307389,1.6451306,1.9171287,4.3855267,52.18667,-1.4722512,10.020117,-0.0044759833,0.000000
146,2,0,0,0,0,0.301100,1.6309286,1.9018852,4.3425307,9.121678,-1.4014075,28.681965,-0.064905055,0.000000
146,2,0,0,0,0,0.274718,1.680335,1.9698327,4.4493155,9.151846,-1.9761565,-14.583458,-0.75672877,0.000000
146,2,0,0,0,0,0.216297,1.6233516,1.9949839,4.5933547,29.77358,-1.6930779,-13.256061,-0.36827403,0.000000
