0,2,0,0,0,0,0.736553,1.9297695,2.055758,4.642247,-41.48542,-0.9421339,-1.3085014,-0.01662837,0.000000
0,2,0,0,0,0,0.732052,1.7675536,2.0096884,4.642099,-2.508932,-1.3123956,3.3338227,0.0392978,0.000000
0,2,0,0,0,0,0.561374,1.639219,1.9480212,4.6013894,-53.48576,-1.1264228,2.2687159,-0.19490084,0.000000
0,2,0,0,0,0,0.518608,2.6197886,2.2647238,5.5881987,27.362762,-1.0638278,8.059454,0.10382047,0.000000
0,2,0,0,0,0,0.447777,1.9350498,2.0673187,4.5756025,-57.683746,-0.9234296,-2.9890893,-0.104280055,0.000000
0,2,0,0,0,0,0.392792,1.7011968,1.9472094,4.5955305,40.588394,-1.6140189,5.0647845,0.104109034,0.000000
0,2,0,0,0,0,0.261766,1.8647981,2.194128,5.225678,-16.32233,-1.0706794,-34.142746,-0.26344568,0.000000
1,2,0,0,0,0,0.701778,1.7877387,2.0363476,4.760806,-2.049237,-1.288682,3.367437,0.012757286,0.000000
1,2,0,0,0,0,0.653834,1.6020722,1.9221462,4.441045,-41.59182,-1.1684233,-1.1862972,-0.15728833,0.000000
1,2,0,0,0,0,0.538976,2.5972486,2.2232301,5.4897895,28.022602,-0.9961884,8.111203,0.10929554,0.000000
1,2,0,0,0,0,0.517308,1.6701705,1.9626222,4.519287,40.86158,-1.5748694,4.718472,-0.23992507,0.000000
1,2,0,0,0,0,0.444643,1.8299396,2.0600016,4.9272037,-53.353294,-1.0262958,2.4831038,-0.24784744,0.000000
1,2,0,0,0,0,0.304046,1.7389927,1.9154983,4.4841337,-57.527138,-1.0756758,-3.0634007,-0.05786942,0.000000
2,2,0,0,0,0,0.657030,1.6972778,1.9498808,4.44369,-41.619774,-1.1063732,-1.3209429,0.011541542,0.000000
2,2,0,0,0,0,0.598154,1.748105,2.009148,4.5774565,-1.824341,-1.2918897,3.355501,0.048258387,0.000000
2,2,0,0,0,0,0.526264,2.4765778,2.2403388,5.3820662,28.770687,-1.0347884,8.079558,0.14192875,0.000000
2,2,0,0,0,0,0.471562,1.7591686,1.9803817,4.649909,-52.748512,-1.0667182,2.536886,-0.29533803,0.000000
2,2,0,0,0,0,0.435896,1.6892548,1.9479597,4.3180847,41.081898,-1.5203849,4.439468,-0.15987153,0.000000
2,2,0,0,0,0,0.379805,1.7140176,1.9558382,4.394506,-57.53672,-1.0744276,-2.9770267,-0.14268224,0.000000
3,2,0,0,0,0,0.712738,1.8558111,2.0118358,4.7141647,-41.51528,-0.9698272,-1.297735,-0.028532073,0.000000
3,2,0,0,0,0,0.566011,2.5851128,2.3633323,5.629882,29.59663,-0.97732204,8.139867,0.11325354,0.000000
3,2,0,0,0,0,0.497064,1.7349943,2.0170217,4.665737,-1.7044625,-1.3098853,3.3301253,0.08075121,0.000000
3,2,0,0,0,0,0.440646,1.754962,2.0384603,4.6850553,-52.24395,-1.0368295,2.841471,-0.46598518,0.000000
3,2,0,0,0,0,0.433961,1.9857848,2.1231732,5.050713,-58.135033,-0.89664423,-2.83644,-0.10024652,0.000000
3,2,0,0,0,0,0.306973,1.9471252,2.061408,4.623184,-70.76949,-0.73595035,5.84995,-0.077266745,0.000000
3,2,0,0,0,0,0.267567,1.6719384,1.9362411,4.2543373,41.44691,-1.4759305,4.4870462,-0.14442417,0.000000
3,2,0,0,0,0,0.230331,1.6589863,1.9407477,4.3602543,55.695404,-1.7156408,-2.1891525,-0.27038383,0.000000
4,2,0,0,0,0,0.712962,1.8700564,1.9931409,4.6633506,-41.573887,-0.9780446,-1.3900572,0.05408328,0.000000
4,2,0,0,0,0,0.653788,1.7500563,1.9794209,4.523795,-1.2757063,-1.3228534,3.327589,0.06382624,0.000000
4,2,0,0,0,0,0.638507,1.7240655,1.9496223,4.5111756,-51.87628,-1.0259334,2.217646,-0.04676006,0.000000
4,2,0,0,0,0,0.547478,2.4401135,2.3646927,5.628433,30.318945,-1.0699699,8.269532,0.113469034,0.000000
4,2,0,0,0,0,0.301064,1.7768271,1.9380177,4.5269833,-57.70886,-1.0249518,-3.0144715,-0.0197516,0.000000
4,2,0,0,0,0,0.258621,1.6137207,1.9758533,4.642339,42.133186,-1.4923176,4.404718,-0.16097406,0.000000
4,2,0,0,0,0,0.247771,1.5753784,1.828793,3.9820755,-13.7553,-1.5225921,-30.179323,-0.40733987,0.000000
4,2,0,0,0,0,0.239236,1.9020422,2.0631843,4.6728373,-69.81471,-0.75377643,5.8572707,-0.0673393,0.000000
5,2,0,0,0,0,0.710615,1.7719226,2.0322187,4.663288,-0.94899386,-1.3099357,3.3453217,0.031642847,0.000000
5,2,0,0,0,0,0.683253,1.7450712,1.9845145,4.494073,-41.595604,-1.0565088,-1.2838283,-0.062037483,0.000000
5,2,0,0,0,0,0.590471,2.4096653,2.3563979,5.676428,31.281893,-1.054034,8.209222,0.10835865,0.000000
5,2,0,0,0,0,0.506719,1.5718348,1.9082446,4.320105,-50.961884,-1.1594467,2.3735576,-0.057776637,0.000000
5,2,0,0,0,0,0.382961,1.7833567,1.9432611,4.5300393,-57.554596,-1.0598353,-2.7804677,-0.06637104,0.000000
5,2,0,0,0,0,0.317912,1.6738758,1.964495,4.524566,56.592827,-1.5693693,-2.6350794,-0.20436278,0.000000
5,2,0,0,0,0,0.219412,1.7005477,2.0023882,4.4876556,41.35562,-1.4700731,4.235688,1.6615258,0.000000
6,2,0,0,0,0,0.729932,1.7760315,1.9855502,4.4433103,-41.621494,-1.0336623,-1.2823353,-0.04727184,0.000000
6,2,0,0,0,0,0.682147,1.766712,2.051251,4.7576647,-0.6172641,-1.2999606,3.3547409,0.021713033,0.000000
6,2,0,0,0,0,0.539499,1.6141827,1.9034951,4.451645,-50.91329,-1.1617372,2.3339524,-0.08612245,0.000000
6,2,0,0,0,0,0.486687,2.4137273,2.3943498,5.690914,32.09465,-1.0993855,8.20914,0.063691854,0.000000
6,2,0,0,0,0,0.437456,1.8800335,2.0508194,4.86349,-58.239555,-0.9349363,-2.7450104,-0.09655826,0.000000
6,2,0,0,0,0,0.327445,1.6643407,1.9560909,4.4276114,42.732338,-1.6114082,4.4842176,-0.17962208,0.000000
6,2,0,0,0,0,0.285955,2.0165594,2.0667205,4.7658157,-68.12205,-0.76941335,5.557199,-0.18765216,0.000000
7,2,0,0,0,0,0.665465,1.8004541,1.9936624,4.567662,-41.585335,-1.0057182,-1.3879827,0.0026394655,0.000000
7,2,0,0,0,0,0.664206,1.7287841,2.0127535,4.7183285,-0.3833596,-1.3207779,3.3385634,0.0044925637,0.000000
7,2,0,0,0,0,0.552551,1.6300797,1.9450922,4.560481,-50.56131,-1.1376517,2.2822514,-0.101267874,0.000000
7,2,0,0,0,0,0.546076,2.6585248,2.4427118,5.8833957,32.96049,-0.9605803,8.25089,0.026819672,0.000000
7,2,0,0,0,0,0.497303,2.0188944,2.0733984,4.886144,-58.197533,-0.86188924,-2.6663713,-0.1300076,0.000000
7,2,0,0,0,0,0.301473,1.6332132,1.8991302,4.2540927,42.988335,-1.5558748,4.2060537,-0.14044194,0.000000
8,2,0,0,0,0,0.621692,2.3652081,2.3504226,5.567796,33.694077,-1.0994937,8.354828,0.021913258,0.000000
8,2,0,0,0,0,0.592385,1.7524028,2.018429,4.36871,-41.593,-1.0673375,-1.3265915,-0.083469145,0.000000
8,2,0,0,0,0,0.568200,1.6925926,1.9751238,4.518069,-0.1954143,-1.3199921,3.3522072,0.02842167,0.000000
8,2,0,0,0,0,0.556840,1.9427924,2.0496333,4.6847005,-58.21669,-0.9106879,-2.5977345,-0.13451768,0.000000
8,2,0,0,0,0,0.543074,1.7303298,1.9792255,4.6365523,-50.324345,-1.0294563,2.3025174,-0.12951227,0.000000
8,2,0,0,0,0,0.227046,1.7201638,2.061366,4.8794,43.712456,-1.5227315,4.476029,-0.12526526,0.000000
9,2,0,0,0,0,0.678945,2.4416773,2.3939714,5.8586807,34.866917,-1.0173056,8.352844,0.036894783,0.000000
9,2,0,0,0,0,0.603770,1.6791172,1.9372668,4.4543343,-41.568775,-1.1050137,-1.3617904,-0.00013703757,0.000000
9,2,0,0,0,0,0.532469,1.9978232,2.0633578,4.805183,-58.319977,-0.88509846,-2.6695762,-0.13236591,0.000000
9,2,0,0,0,0,0.491725,1.828794,2.0489118,4.8496485,-50.217102,-0.9799683,2.3843122,-0.21073398,0.000000
9,2,0,0,0,0,0.479699,1.7025905,1.99352,4.5684156,0.20217752,-1.3175609,3.3461676,0.042945355,0.000000
9,2,0,0,0,0,0.374853,1.8357363,2.0353456,4.475018,-65.50386,-0.8967235,5.920478,-0.07476398,0.000000
9,2,0,0,0,0,0.202211,1.6803665,1.923691,4.4520297,43.783222,-1.517441,5.1216173,-0.10078928,0.000000
10,2,0,0,0,0,0.646816,1.7127585,1.9401357,4.565486,-49.45412,-1.1142877,2.1751523,-0.026040912,0.000000
10,2,0,0,0,0,0.643457,1.6855736,1.97018,4.506344,0.3441207,-1.325384,3.3712502,0.06583156,0.000000
10,2,0,0,0,0,0.572343,2.255742,2.2706127,5.2825775,35.316345,-1.0776901,8.490438,0.06572576,0.000000
10,2,0,0,0,0,0.510994,1.732022,1.9803414,4.311278,-41.660755,-1.0793875,-1.3264378,-0.05585798,0.000000
10,2,0,0,0,0,0.475685,1.9368122,2.0367525,4.7181306,-58.21129,-0.92760074,-2.564662,-0.12103633,0.000000
10,2,0,0,0,0,0.323086,1.7199833,1.9813358,4.7783585,-64.98675,-1.0244919,5.8539743,-0.0025220206,0.000000
10,2,0,0,0,0,0.266175,1.7596819,1.9424999,4.3617396,44.345318,-1.5619794,5.147306,0.17899919,0.000000
11,2,0,0,0,0,0.741244,1.8943163,2.0325286,4.6271944,-49.198116,-0.99950296,2.2185051,-0.07320987,0.000000
11,2,0,0,0,0,0.705839,1.7137477,1.976361,4.5588174,0.7043266,-1.3073753,3.3551917,0.13307554,0.000000
11,2,0,0,0,0,0.677768,2.4840848,2.4548388,6.028769,36.564743,-1.0308222,8.482245,0.083456464,0.000000
11,2,0,0,0,0,0.565267,1.9755025,2.0511951,4.7419963,-58.31014,-0.8910376,-2.5456023,-0.14018749,0.000000
11,2,0,0,0,0,0.539895,1.8688482,2.0585322,4.7835164,-41.985615,-0.9509183,-1.2901136,-0.06621714,0.000000
11,2,0,0,0,0,0.399497,1.9179523,2.0779147,5.084242,-64.73266,-0.91936266,5.578934,-0.08376874,0.000000
11,2,0,0,0,0,0.207652,1.7179546,1.9842161,4.5263667,44.326622,-1.6368446,5.5210204,1.2241764,0.000000
12,2,0,0,0,0,0.697324,1.696175,1.989232,4.632012,0.9191821,-1.3258932,3.3469548,0.072117426,0.000000
12,2,0,0,0,0,0.652087,1.8432889,2.0256777,4.6815357,-42.060932,-0.9764178,-1.3111596,-0.05938746,0.000000
12,2,0,0,0,0,0.633038,1.6643593,1.9517946,4.5649548,-48.656677,-1.036106,2.3091276,-0.12529866,0.000000
12,2,0,0,0,0,0.535047,1.9441463,1.9785316,4.562571,-58.422047,-0.9224391,-2.680449,-0.03645537,0.000000
12,2,0,0,0,0,0.409186,2.421359,2.434856,5.8415155,37.178703,-1.0735455,8.589743,0.07857971,0.000000
12,2,0,0,0,0,0.369773,1.6980356,2.0250566,4.8608403,-63.437813,-0.9629623,5.8195667,0.06767794,0.000000
13,2,0,0,0,0,0.644135,2.4576066,2.3370292,5.6380997,38.04417,-1.023174,8.534964,0.096145235,0.000000
13,2,0,0,0,0,0.629124,1.7475632,2.0203156,4.764209,1.3692522,-1.3495197,3.3388348,0.039485745,0.000000
13,2,0,0,0,0,0.577414,1.7055764,1.9464877,4.545771,-42.055763,-1.0725936,-1.2485518,-0.13572931,0.000000
13,2,0,0,0,0,0.540755,2.1095774,2.2322245,5.4930053,-63.0036,-0.7984811,5.8235483,-0.0303776,0.000000
13,2,0,0,0,0,0.480564,1.8282162,2.054081,4.8974285,-48.55084,-0.97980696,2.4446433,-0.1634278,0.000000
13,2,0,0,0,0,0.299760,1.9601979,2.0716212,4.8369465,-58.348934,-0.9030287,-2.597954,-0.14129218,0.000000
13,2,0,0,0,0,0.220586,1.641017,1.9403476,4.429303,42.33556,-1.5925207,-8.826796,-0.4695633,0.000000
13,2,0,0,0,0,0.214446,1.664657,1.9470277,4.37636,58.916946,-1.7422154,-2.259443,-0.2692839,0.000000
13,2,0,0,0,0,0.212111,1.6839213,1.9664977,4.6985574,38.851517,-1.7932123,-10.81816,-0.1555327,0.000000
14,2,0,0,0,0,0.644919,1.677345,1.932186,4.6351314,-47.858456,-1.114079,2.2773201,-0.0031107264,0.000000
14,2,0,0,0,0,0.558098,1.7049556,1.9640765,4.4853673,1.4893036,-1.359824,3.3432937,0.06265814,0.000000
14,2,0,0,0,0,0.514251,1.704673,1.9517895,4.553743,-42.083977,-1.0697991,-1.253829,-0.074489936,0.000000
14,2,0,0,0,0,0.414778,2.18662,2.3062353,5.6452966,-62.17023,-0.84122956,5.936109,-0.06734043,0.000000
14,2,0,0,0,0,0.394377,2.3531766,2.425025,5.7037477,38.768898,-1.0713522,8.605384,0.06209015,0.000000
14,2,0,0,0,0,0.284621,1.9574399,2.070163,4.7882485,-58.545586,-0.9057126,-2.6148624,-0.11792542,0.000000
14,2,0,0,0,0,0.239461,1.70107,1.9286413,4.375526,55.107292,-1.3608565,-17.397661,-0.32840466,0.000000
15,2,0,0,0,0,0.688323,1.6952727,1.9483497,4.546831,1.8285153,-1.3470098,3.4017458,0.031332824,0.000000
15,2,0,0,0,0,0.631860,2.470947,2.4105635,5.817638,39.798462,-0.97105396,8.591519,0.07535462,0.000000
15,2,0,0,0,0,0.612479,1.7239363,1.9302301,4.4290137,-42.05226,-1.0666926,-1.3354654,-0.08892377,0.000000
15,2,0,0,0,0,0.494187,1.6854205,1.9317393,4.7158704,-47.460693,-1.0474675,2.429379,-0.022865515,0.000000
15,2,0,0,0,0,0.485016,2.003726,2.3431644,5.867351,-61.416718,-0.96917367,5.9282646,-0.044560555,0.000000
15,2,0,0,0,0,0.326519,1.8909674,2.0297132,4.6247478,-58.57861,-0.93970895,-2.3717334,-0.18657902,0.000000
16,2,0,0,0,0,0.743917,1.7325487,1.9802036,4.6355505,2.108212,-1.3436685,3.3344476,0.004337225,0.000000
16,2,0,0,0,0,0.697427,1.7107708,1.9497207,4.383522,-42.082623,-1.0767193,-1.2564608,-0.13064727,0.000000
16,2,0,0,0,0,0.634053,1.7235074,1.9734527,4.5639186,-47.059803,-1.0668215,2.3320942,-0.11432271,0.000000
16,2,0,0,0,0,0.485139,2.0036333,2.2324502,5.3485227,-60.24897,-0.87892675,6.145223,-0.12748462,0.000000
16,2,0,0,0,0,0.439999,2.4214864,2.3183718,5.4272857,40.476242,-0.945668,8.639041,0.019389287,0.000000
16,2,0,0,0,0,0.436241,1.9357158,2.0294235,4.594728,-58.639503,-0.91250974,-2.2843266,-0.16703238,0.000000
16,2,0,0,0,0,0.327639,1.514616,1.8815367,4.588824,31.646162,-2.1030674,-10.904327,-0.05108951,0.000000
16,2,0,0,0,0,0.224742,1.7361932,2.0517998,4.9131184,46.890907,-1.4819543,4.439506,0.076658815,0.000000
16,2,0,0,0,0,0.202948,1.7226498,1.981438,4.418034,50.433884,-1.4136977,-18.58998,-0.35751686,0.000000
16,2,0,0,0,0,0.200931,1.5987473,1.8921317,4.3656483,59.83027,-1.6801263,-2.9001892,-0.2927002,0.000000
17,2,0,0,0,0,0.761715,1.5968568,1.8667414,4.2844305,-42.234875,-1.1829218,-1.2971418,-0.022990648,0.000000
17,2,0,0,0,0,0.749639,1.7421777,1.9676623,4.5852795,2.4056206,-1.3459508,3.3301382,0.012096272,0.000000
17,2,0,0,0,0,0.651595,1.5281522,1.8819802,4.3508115,-46.535553,-1.1979632,2.435968,-0.057564106,0.000000
17,2,0,0,0,0,0.610160,2.4541605,2.4221137,5.842867,41.499714,-1.0117137,8.624021,0.04417884,0.000000
17,2,0,0,0,0,0.369404,1.9745698,2.2723863,5.728211,-59.814316,-1.0679237,6.184248,-0.21343543,0.000000
17,2,0,0,0,0,0.345738,1.7891884,1.9912076,4.4457912,-58.802696,-0.9694691,-2.503933,-0.28420743,0.000000
17,2,0,0,0,0,0.247557,1.5728916,1.9309282,4.4185343,59.995163,-1.6921742,-2.3266764,-0.21395445,0.000000
17,2,0,0,0,0,0.219240,1.6742139,1.9993615,4.6483693,46.979362,-1.4941525,4.3287907,-0.23540032,0.000000
18,2,0,0,0,0,0.785973,1.6752007,1.8970395,4.3576727,2.669044,-1.3621217,3.35282,0.0013045347,0.000000
18,2,0,0,0,0,0.684547,1.7736614,1.995326,4.519263,-42.318966,-1.0492327,-1.3274415,-0.03585957,0.000000
18,2,0,0,0,0,0.590662,1.5057025,1.8506781,4.406304,-46.254044,-1.1699727,2.3417487,0.023026764,0.000000
18,2,0,0,0,0,0.484611,2.527006,2.4450579,5.798858,42.359158,-0.96794784,8.87249,0.023334984,0.000000
18,2,0,0,0,0,0.401654,1.8742294,2.2124743,5.4373374,-58.66905,-1.0070213,5.977292,0.032319445,0.000000
18,2,0,0,0,0,0.317642,1.8045814,1.9750655,4.465461,-58.858585,-0.9946567,-2.7175,-0.21657768,0.000000
18,2,0,0,0,0,0.275744,1.6345482,1.9470878,4.3388476,60.496372,-1.6785877,-2.6160614,-0.15355353,0.000000
19,2,0,0,0,0,0.697297,1.7902799,2.000654,4.5711436,-42.448185,-1.0420989,-1.2196853,-0.10376124,0.000000
19,2,0,0,0,0,0.658971,1.4938593,1.8397573,4.3071384,-45.71694,-1.1732608,2.4811995,-0.067148134,0.000000
19,2,0,0,0,0,0.642467,1.6699836,1.8864256,4.327765,3.041809,-1.3827841,3.3622746,0.057036877,0.000000
19,2,0,0,0,0,0.516823,2.058321,2.425866,6.188109,-58.217407,-0.95643115,5.797964,0.07010493,0.000000
19,2,0,0,0,0,0.511110,2.4318848,2.392198,5.7031274,43.303726,-1.0046926,8.578311,-0.06231267,0.000000
19,2,0,0,0,0,0.284189,1.8606138,2.0257077,4.5285597,-58.822693,-0.9633126,-2.399571,-0.22032319,0.000000
19,2,0,0,0,0,0.248925,1.6565576,1.939905,4.511708,-45.70768,-1.3419007,-36.234528,-0.397556,0.000000
20,2,0,0,0,0,0.695336,1.7117672,1.9455234,4.545521,3.4608412,-1.3996537,3.36552,0.05277466,0.000000
20,2,0,0,0,0,0.692123,1.6062348,1.894688,4.395828,-42.345367,-1.1490885,-1.3677855,-0.03767951,0.000000
20,2,0,0,0,0,0.650322,1.5570865,1.8551395,4.4127207,-45.43325,-1.1343569,2.2886522,0.0032825887,0.000000
20,2,0,0,0,0,0.476627,2.2709067,2.5180402,6.6217594,-57.64296,-0.98418707,5.9991856,0.03403938,0.000000
20,2,0,0,0,0,0.455437,2.5077665,2.4678652,5.975163,44.265778,-1.0117424,8.624927,-0.015782855,0.000000
20,2,0,0,0,0,0.311489,1.934171,2.0421038,4.658648,-58.874187,-0.9269544,-2.4728057,-0.12312798,0.000000
21,2,0,0,0,0,0.776945,1.737911,1.9462194,4.5445957,3.673818,-1.3723716,3.3429346,0.027580278,0.000000
21,2,0,0,0,0,0.702538,1.73966,1.976867,4.55144,-42.412285,-1.0154351,-1.3405185,-0.048613906,0.000000
21,2,0,0,0,0,0.601069,2.4025936,2.3670485,5.6502714,44.94954,-1.0004497,8.529154,-0.030004896,0.000000
21,2,0,0,0,0,0.586853,1.4886892,1.8561279,4.324807,-44.9398,-1.1716937,2.3772883,0.05897841,0.000000
21,2,0,0,0,0,0.489513,2.196972,2.5019214,6.4374113,-56.525177,-0.80229473,5.9829235,0.018690621,0.000000
21,2,0,0,0,0,0.265876,1.9446502,2.0254786,4.5636907,-59.110466,-0.92460036,-2.4905972,-0.15773585,0.000000
21,2,0,0,0,0,0.218862,1.6615281,1.944601,4.5568714,61.34736,-1.7338479,-2.5966988,-0.17002824,0.000000
22,2,0,0,0,0,0.743897,1.7810168,1.9898975,4.6989813,4.0203876,-1.3755059,3.355,0.022246035,0.000000
22,2,0,0,0,0,0.683678,1.8604138,2.0433354,4.606987,-42.63552,-0.96743405,-1.2827666,-0.07169983,0.000000
22,2,0,0,0,0,0.618734,1.5069301,1.855919,4.4326906,-44.614803,-1.111123,2.3351092,0.14649951,0.000000
22,2,0,0,0,0,0.529822,2.6275642,2.5179634,6.039305,45.886765,-0.98327273,8.694915,-0.015959151,0.000000
22,2,0,0,0,0,0.511370,2.1587808,2.2750509,5.530472,-55.60762,-0.74001753,6.0768495,-0.0055133644,0.000000
23,2,0,0,0,0,0.745423,1.7626247,1.9751059,4.633994,4.406242,-1.3770065,3.3855438,0.008197271,0.000000
23,2,0,0,0,0,0.702688,1.6925151,1.970933,4.5207796,-42.80232,-1.0702847,-1.2955947,-0.06442037,0.000000
23,2,0,0,0,0,0.559610,2.410666,2.4440372,5.5618196,46.31642,-0.994091,8.785752,-0.0025240122,0.000000
23,2,0,0,0,0,0.553807,1.4715595,1.8573871,4.4135313,-44.068043,-1.115651,2.3340828,0.15560004,0.000000
23,2,0,0,0,0,0.497875,2.181589,2.47567,6.4435887,-54.91021,-0.8283148,5.8849277,0.065245934,0.000000
23,2,0,0,0,0,0.293682,2.0043333,1.9853898,4.465591,-60.166294,-0.9196321,-2.1722355,-0.25715402,0.000000
23,2,0,0,0,0,0.276288,1.5510669,1.8493252,4.2245793,61.68374,-1.7461932,-2.8677375,-0.046402346,0.000000
23,2,0,0,0,0,0.220536,1.6213242,1.9658232,4.442975,49.17825,-1.632612,4.3546076,-0.31930798,0.000000
24,2,0,0,0,0,0.739691,1.9435678,2.0573022,4.677757,-42.91688,-0.9048383,-1.4017789,-0.008466618,0.000000
24,2,0,0,0,0,0.660107,1.7431903,1.8905889,4.288846,4.6057954,-1.4180641,3.361097,0.028892338,0.000000
24,2,0,0,0,0,0.558906,1.5116043,1.8852915,4.496356,-43.668423,-1.1360327,2.412632,-0.06018028,0.000000
24,2,0,0,0,0,0.500335,2.2251577,2.2862108,5.3576374,47.137405,-1.0955215,8.990583,0.023184447,0.000000
24,2,0,0,0,0,0.489551,2.1854048,2.290942,5.499041,-53.878216,-0.7093003,6.107564,-0.008708589,0.000000
24,2,0,0,0,0,0.287601,1.9556007,2.0776937,4.518944,-59.262856,-0.8697617,-2.4153838,-0.1793627,0.000000
25,2,0,0,0,0,0.686882,1.7240403,1.9156398,4.3512945,5.051642,-1.4069473,3.418962,-0.009253692,0.000000
25,2,0,0,0,0,0.653087,1.9527671,2.1144981,4.681678,-43.03626,-0.89806294,-1.3451874,-0.018531157,0.000000
25,2,0,0,0,0,0.608519,1.5078812,1.8534764,4.353069,-43.232433,-1.1749563,2.3416588,-0.0022425142,0.000000
25,2,0,0,0,0,0.577338,2.0237484,2.173539,4.895262,47.68261,-1.1557646,8.909568,-0.026231304,0.000000
25,2,0,0,0,0,0.512889,2.0864906,2.3324192,5.933005,-53.44073,-0.734581,6.008125,0.033113617,0.000000
25,2,0,0,0,0,0.212205,1.9781892,2.0168223,4.58671,-59.934616,-0.8971803,-2.4215014,-0.25986582,0.000000
26,2,0,0,0,0,0.762311,1.805349,1.9831597,4.6970577,5.4159417,-1.3821895,3.351321,0.0034064264,0.000000
26,2,0,0,0,0,0.672976,1.8676205,2.0545382,4.6072445,-43.054924,-0.9786302,-1.3729036,0.02788422,0.000000
26,2,0,0,0,0,0.655378,1.5275664,1.8766072,4.45594,-42.97784,-1.173961,2.4025424,0.048311256,0.000000
26,2,0,0,0,0,0.550837,2.2607818,2.2875557,5.3110185,48.7463,-1.0444763,9.069187,0.0633139,0.000000
26,2,0,0,0,0,0.433466,2.2946706,2.465469,6.537706,-53.020172,-0.7391517,6.0802774,0.054369334,0.000000
26,2,0,0,0,0,0.227951,1.983062,2.0230546,4.4969893,-60.162186,-0.9160422,-2.3219795,-0.24592824,0.000000
27,2,0,0,0,0,0.752428,1.7959385,1.9881685,4.7204213,5.7075863,-1.4135551,3.3726735,0.004270961,0.000000
27,2,0,0,0,0,0.718960,1.5946221,1.900264,4.5480857,-42.74098,-1.2124535,2.416357,-0.014502197,0.000000
27,2,0,0,0,0,0.668170,1.8186138,2.0033548,4.5900106,-43.07954,-1.0064269,-1.3464882,-0.0121465875,0.000000
27,2,0,0,0,0,0.587838,1.9843332,2.1370947,4.84741,49.21422,-1.2058611,8.968686,0.040664602,0.000000
27,2,0,0,0,0,0.462899,2.0874262,2.3907688,6.101046,-51.891693,-0.7583028,6.100048,0.019837687,0.000000
27,2,0,0,0,0,0.319943,1.9712348,2.0175266,4.5357003,-60.21235,-0.887738,-2.3033648,-0.24178848,0.000000
27,2,0,0,0,0,0.218010,1.643166,1.9726071,4.415598,50.75214,-1.5916908,4.344637,-0.30196851,0.000000
28,2,0,0,0,0,0.721642,1.7958399,1.977451,4.643471,6.0838614,-1.390722,3.3803947,0.011971557,0.000000
28,2,0,0,0,0,0.691487,1.8332586,2.002564,4.5944333,-43.140297,-1.0313393,-1.3447013,-0.0029249294,0.000000
28,2,0,0,0,0,0.628936,1.5437744,1.8856497,4.424657,-42.24649,-1.2179551,2.284998,-0.017333006,0.000000
28,2,0,0,0,0,0.590771,2.3338795,2.3181689,5.452988,50.366966,-1.0953009,9.001756,0.07222813,0.000000
28,2,0,0,0,0,0.429128,2.0989347,2.4164479,6.146957,-51.47736,-0.9514756,6.064802,0.0863799,0.000000
28,2,0,0,0,0,0.271371,1.5846243,1.8608593,4.2612476,63.036434,-1.7651117,-2.9521635,-0.045616094,0.000000
28,2,0,0,0,0,0.232533,1.9658792,2.0069008,4.514159,-60.27976,-0.9300271,-2.4416049,-0.25296783,0.000000
29,2,0,0,0,0,0.644019,1.5837522,1.8927873,4.5657187,-41.998127,-1.2307956,2.330776,-0.03905479,0.000000
29,2,0,0,0,0,0.593339,1.7658426,1.926384,4.340683,6.272278,-1.4052534,3.3722649,0.036127206,0.000000
29,2,0,0,0,0,0.571214,1.8879054,2.0219002,4.517605,-43.192657,-0.944481,-1.3523346,0.004100452,0.000000
29,2,0,0,0,0,0.556310,1.8796399,2.0523977,4.579184,50.660046,-1.2431421,9.258374,0.09259748,0.000000
29,2,0,0,0,0,0.426173,2.0782788,2.3744986,5.9593267,-50.333748,-0.7982098,6.1233997,0.050056774,0.000000
29,2,0,0,0,0,0.326241,1.9654975,2.0042248,4.5147276,-60.531593,-0.9014046,-2.335362,-0.18779336,0.000000
30,2,0,0,0,0,0.755774,1.5789131,1.8760843,4.46591,-41.551365,-1.2497089,2.4113379,0.04328388,0.000000
30,2,0,0,0,0,0.691615,1.7164321,1.8937382,4.282263,6.7023406,-1.3946755,3.3979936,0.024877418,0.000000
30,2,0,0,0,0,0.582814,1.830296,2.0149457,4.7508674,-43.610054,-1.0472661,-1.4136939,-0.017712895,0.000000
30,2,0,0,0,0,0.541244,2.0481362,2.1553414,5.0435104,51.80886,-1.1763937,9.218171,0.17734146,0.000000
30,2,0,0,0,0,0.406382,1.9810658,2.3916116,5.9591565,-50.01155,-1.0278457,5.9488363,0.12255096,0.000000
31,2,0,0,0,0,0.719302,1.558116,1.8843027,4.4190526,-41.093266,-1.1995697,2.3333402,0.108532846,0.000000
31,2,0,0,0,0,0.716120,1.740227,1.8837723,4.2384257,6.9082427,-1.3796647,3.3438969,0.05748172,0.000000
31,2,0,0,0,0,0.546677,1.7487583,1.9908497,4.525475,-43.6022,-1.0393214,-1.4270599,-0.0123911975,0.000000
31,2,0,0,0,0,0.525610,2.0592062,2.1780536,4.943633,52.449467,-1.1185867,9.066565,0.055699613,0.000000
31,2,0,0,0,0,0.441769,1.9375718,2.287614,5.801623,-48.807037,-0.9322516,6.0891943,0.048988987,0.000000
31,2,0,0,0,0,0.227800,1.7737646,2.03085,4.616483,52.396088,-1.670762,5.2697663,0.05994065,0.000000
31,2,0,0,0,0,0.215638,1.6818619,1.9203644,4.2166195,63.731354,-1.611161,-3.5156431,-0.100990325,0.000000
32,2,0,0,0,0,0.795733,1.570981,1.8594944,4.3165574,-40.638912,-1.2942274,2.2306788,0.010357805,0.000000
32,2,0,0,0,0,0.692108,1.8008586,1.9968882,4.5826435,7.4802113,-1.3908043,3.298749,0.026942546,0.000000
32,2,0,0,0,0,0.633449,1.7334173,1.9962298,4.463114,-43.819912,-1.0448158,-1.3515701,0.014762552,0.000000
32,2,0,0,0,0,0.603011,2.0469365,2.1328924,4.864109,53.590385,-1.0665371,9.174441,0.099557854,0.000000
32,2,0,0,0,0,0.284702,1.7628727,2.1160812,4.8863773,-47.437725,-1.059039,6.4018984,-0.1115022,0.000000
33,2,0,0,0,0,0.696910,1.5160503,1.8356193,4.19551,-40.094307,-1.3479042,2.3367722,0.023074182,0.000000
33,2,0,0,0,0,0.644237,1.7589198,1.9145106,4.3275657,7.761265,-1.4238896,3.3565402,0.05345026,0.000000
33,2,0,0,0,0,0.601390,1.786474,2.033932,4.6271214,-43.928402,-1.07009,-1.3051494,-0.09020078,0.000000
33,2,0,0,0,0,0.453713,2.015922,2.1695354,4.8286514,54.33242,-1.0618632,9.166793,0.0272525,0.000000
33,2,0,0,0,0,0.405456,1.9875039,2.3635402,5.890877,-47.341236,-1.0215416,6.1852775,0.01361084,0.000000
33,2,0,0,0,0,0.283125,1.6932368,2.0289276,4.7534766,53.34897,-1.5844747,4.369811,-0.18452094,0.000000
33,2,0,0,0,0,0.200715,1.6449218,1.9223909,4.202342,64.00597,-1.5862591,-3.5746222,-0.06969259,0.000000
34,2,0,0,0,0,0.792490,1.5557761,1.8749695,4.4541416,-39.7445,-1.3342066,2.316213,0.12355763,0.000000
34,2,0,0,0,0,0.659261,2.14816,2.151478,4.980019,55.22853,-0.9756915,9.231635,0.12563953,0.000000
34,2,0,0,0,0,0.626056,1.7117,1.9765804,4.4410014,-44.06054,-1.1240461,-1.3358933,-0.0752415,0.000000
34,2,0,0,0,0,0.587832,1.7178999,1.9234614,4.39924,8.276554,-1.3949335,3.351295,0.062776625,0.000000
34,2,0,0,0,0,0.396681,1.8050818,2.0156446,4.6247644,53.73513,-1.4278791,4.652823,-0.028266361,0.000000
34,2,0,0,0,0,0.313596,1.9998989,2.4412603,5.9250326,-46.772694,-1.043962,6.2279286,0.062942185,0.000000
34,2,0,0,0,0,0.263371,1.7575235,1.9993765,4.6577673,64.67976,-1.4677787,-3.7217474,-0.08309735,0.000000
35,2,0,0,0,0,0.823130,1.5867525,1.8842982,4.402704,-39.35616,-1.3480308,2.35673,0.08747073,0.000000
35,2,0,0,0,0,0.721056,1.8282936,1.9808182,4.603681,8.548,-1.3572838,3.352767,0.06608957,0.000000
35,2,0,0,0,0,0.678348,1.8060718,2.0141385,4.639633,-44.091244,-1.0629525,-1.3425555,-0.054774284,0.000000
35,2,0,0,0,0,0.399560,1.9429798,2.128771,4.7054157,55.941406,-1.1466414,8.880993,-0.10543251,0.000000
35,2,0,0,0,0,0.322690,2.0017378,2.3128307,5.623544,-45.54297,-0.87573373,6.3832054,-0.05219182,0.000000
35,2,0,0,0,0,0.238705,1.662923,1.945431,4.393085,54.038525,-1.7166815,4.431155,-0.26214918,0.000000
36,2,0,0,0,0,0.717307,1.731065,1.9554824,4.58847,8.791063,-1.4082223,3.313457,0.038275663,0.000000
36,2,0,0,0,0,0.706667,1.7661622,2.005975,4.539155,-44.241444,-1.0758544,-1.3965236,0.026260896,0.000000
36,2,0,0,0,0,0.680696,1.4978676,1.8672566,4.4497285,-38.9955,-1.2290225,2.4871962,0.06467338,0.000000
36,2,0,0,0,0,0.676016,2.2002816,2.159425,5.016102,56.84362,-0.9785187,9.137021,0.061489023,0.000000
36,2,0,0,0,0,0.388379,2.0122783,2.410289,5.9851847,-45.12639,-0.9599335,6.0844173,0.11901176,0.000000
36,2,0,0,0,0,0.302804,1.9744177,2.0606892,5.060692,54.851173,-1.426662,4.9669585,0.01894415,0.000000
37,2,0,0,0,0,0.723333,1.6104734,1.8980865,4.356835,-38.506775,-1.2693512,2.5109832,0.043170515,0.000000
37,2,0,0,0,0,0.653895,1.8216858,2.0308206,4.5767097,9.240715,-1.3835025,3.3844032,0.068354286,0.000000
37,2,0,0,0,0,0.653774,1.5915415,1.923035,4.2494555,-44.196,-1.184639,-1.2449306,-0.24352716,0.000000
37,2,0,0,0,0,0.512423,1.9994781,2.150019,4.8199573,57.615852,-1.1494796,9.142255,0.08162534,0.000000
37,2,0,0,0,0,0.371368,1.726227,2.0293186,4.6218534,55.00659,-1.4772807,4.293457,-0.19847363,0.000000
37,2,0,0,0,0,0.334198,1.9848673,2.25309,5.617726,-43.907288,-0.8949245,6.5674257,-0.06808627,0.000000
38,2,0,0,0,0,0.777160,1.7180364,1.9467132,4.4190116,-38.22708,-1.2329736,2.492139,0.018369641,0.000000
38,2,0,0,0,0,0.703411,2.1505089,2.134705,4.989274,58.564133,-1.0504184,9.088018,0.09118118,0.000000
38,2,0,0,0,0,0.580129,1.7081475,1.9011365,4.2398653,9.479068,-1.4212306,3.340189,0.057705283,0.000000
38,2,0,0,0,0,0.563826,1.8247893,2.0756307,4.5675225,-44.636883,-1.089666,-1.420973,0.06444586,0.000000
38,2,0,0,0,0,0.471752,1.9945606,2.1960862,4.875746,-42.817875,-1.0099852,6.628631,-0.00997104,0.000000
38,2,0,0,0,0,0.334723,1.6985434,1.9974749,4.6137724,55.311626,-1.5057869,4.568495,-0.24206364,0.000000
38,2,0,0,0,0,0.314306,1.6052775,1.8752469,4.2869277,64.897064,-1.6500306,-4.6753488,0.004794053,0.000000
39,2,0,0,0,0,0.838163,1.6024266,1.9194866,4.5512037,-37.8294,-1.3072257,2.4844441,0.03794451,0.000000
39,2,0,0,0,0,0.671319,1.7529697,1.953253,4.5629654,10.02848,-1.4013472,3.3851643,0.09431149,0.000000
39,2,0,0,0,0,0.640486,2.0770173,2.14511,4.860248,-44.72072,-0.8697976,-1.3401945,-0.03312289,0.000000
39,2,0,0,0,0,0.465485,2.1219525,2.1768918,4.9724355,59.421593,-1.0774271,9.122167,0.043003477,0.000000
39,2,0,0,0,0,0.450278,2.139647,2.2877834,5.41288,-42.36632,-0.8229197,6.7240047,-0.062131833,0.000000
39,2,0,0,0,0,0.237117,1.704678,1.962287,4.3174767,55.536484,-1.4794443,4.455805,-0.41288948,0.000000
39,2,0,0,0,0,0.233668,1.6840844,1.9086773,4.2751727,65.27023,-1.6969893,-4.560975,0.011715627,0.000000
40,2,0,0,0,0,0.781804,1.5382075,1.8960958,4.606874,-37.26926,-1.2952498,2.5254796,0.010167994,0.000000
40,2,0,0,0,0,0.687484,1.7638752,1.9338807,4.4413652,10.25257,-1.3911577,3.29439,0.04482621,0.000000
40,2,0,0,0,0,0.640579,1.7519763,1.9857283,4.5486765,-44.78993,-1.0412892,-1.3483486,0.029905673,0.000000
40,2,0,0,0,0,0.593495,1.829226,2.0016634,4.555342,59.947136,-1.2995545,9.178547,0.07319652,0.000000
40,2,0,0,0,0,0.363779,1.8828061,2.147225,4.7663393,-41.239136,-0.97002923,6.7236357,-0.020565914,0.000000
41,2,0,0,0,0,0.779403,1.6012301,1.888257,4.344454,-36.85488,-1.2718211,2.534229,0.07565194,0.000000
41,2,0,0,0,0,0.693529,1.7514539,1.9455931,4.5555234,10.587625,-1.4465228,3.283057,0.058098044,0.000000
41,2,0,0,0,0,0.689228,1.8600063,2.0234241,4.5132947,-44.725483,-1.011784,-1.2710726,0.04105732,0.000000
41,2,0,0,0,0,0.463004,1.8447502,2.0153313,4.49575,60.827267,-1.2156438,9.384763,0.23365186,0.000000
41,2,0,0,0,0,0.388627,2.0496192,2.2655258,5.392283,-40.70513,-0.9230361,6.735137,-0.003053831,0.000000
41,2,0,0,0,0,0.295562,1.7530911,1.9407941,4.5233407,56.531967,-1.4997141,4.990631,-0.1335305,0.000000
41,2,0,0,0,0,0.279564,1.7013478,1.9481674,4.3108683,65.54151,-1.578305,-5.151285,-0.1239389,0.000000
41,2,0,0,0,0,0.271342,1.7494762,2.000609,4.539541,47.398026,-1.2043322,-13.706404,1.6394806,0.000000
41,2,0,0,0,0,0.211181,1.9912635,2.003238,4.499817,-63.672173,-0.9130705,-2.0157754,0.013279336,0.000000
42,2,0,0,0,0,0.831690,1.5656421,1.8825899,4.543076,-36.52671,-1.2884746,2.5309477,0.098468676,0.000000
42,2,0,0,0,0,0.566951,1.7281477,1.8870375,4.2799416,11.08195,-1.4674207,3.3244681,0.03454238,0.000000
42,2,0,0,0,0,0.504356,1.7601583,1.9720733,4.3892846,-44.895634,-1.0397809,-1.376006,0.08726853,0.000000
42,2,0,0,0,0,0.483909,1.7750529,1.9651736,4.413981,61.57605,-1.3363676,9.250965,0.14588176,0.000000
42,2,0,0,0,0,0.470025,1.9081037,2.116299,4.5777397,-39.64804,-0.94383633,6.6338053,0.07703579,0.000000
42,2,0,0,0,0,0.360624,1.8884921,2.0601878,4.696493,56.999832,-1.3913168,4.6504226,-0.11718358,0.000000
42,2,0,0,0,0,0.242570,1.7670788,2.1192882,4.9807744,44.553143,-1.1905115,-11.861405,1.8367323,0.000000
43,2,0,0,0,0,0.844641,1.6357832,1.9172745,4.507632,-36.22119,-1.2489448,2.5873947,0.081784174,0.000000
43,2,0,0,0,0,0.629441,1.7408923,1.9148473,4.3668118,11.572283,-1.4553041,3.4687972,0.08052581,0.000000
43,2,0,0,0,0,0.593910,1.9588499,2.034145,4.723948,-45.191704,-0.9076489,-1.3409798,-0.06916215,0.000000
43,2,0,0,0,0,0.402189,2.245925,2.4588575,6.8763204,-40.006844,-0.94566035,7.005249,0.0942315,0.000000
43,2,0,0,0,0,0.329493,1.8209152,2.0279803,4.472788,62.536156,-1.3349701,9.340925,0.17077711,0.000000
43,2,0,0,0,0,0.270937,1.7163213,2.0620377,4.7135,42.760094,-1.3114493,-12.030578,1.5773995,0.000000
43,2,0,0,0,0,0.267116,1.7409298,2.0297325,4.5475564,57.38657,-1.5929476,4.3800926,-0.17398469,0.000000
44,2,0,0,0,0,0.741287,1.5710692,1.8822371,4.4139056,-35.810028,-1.2753532,2.6790953,0.06629533,0.000000
44,2,0,0,0,0,0.705985,1.7129762,1.9451534,4.5964274,11.854744,-1.4532813,3.3071492,0.06940414,0.000000
44,2,0,0,0,0,0.591410,1.8231758,2.0409098,4.840564,-45.41185,-0.9683489,-1.3372742,-0.022902425,0.000000
44,2,0,0,0,0,0.459911,1.9198599,2.0905259,4.626053,63.456196,-1.1990056,9.099284,0.07922641,0.000000
44,2,0,0,0,0,0.426769,2.0886717,2.2615347,4.90731,-38.306053,-0.81252897,6.809505,0.080364086,0.000000
45,2,0,0,0,0,0.800095,1.725889,1.9526324,4.527096,-35.594322,-1.1871232,2.7423785,-0.04192925,0.000000
45,2,0,0,0,0,0.735816,1.7684723,1.9574866,4.606003,12.235487,-1.4386814,3.3198924,0.019864574,0.000000
45,2,0,0,0,0,0.519883,2.045272,2.2325106,5.693488,-37.75389,-0.89093804,6.7754364,0.044953417,0.000000
45,2,0,0,0,0,0.514922,1.7329161,2.0030181,4.7526994,-45.316357,-1.1311235,-1.3744605,0.012770563,0.000000
45,2,0,0,0,0,0.357714,1.8488882,2.0791054,4.934723,58.265144,-1.4529217,4.6711617,-0.022552673,0.000000
45,2,0,0,0,0,0.237234,1.6515617,1.9212521,4.216828,65.68473,-1.6241174,-5.909869,-0.009285323,0.000000
46,2,0,0,0,0,0.774439,1.5859056,1.8647146,4.335997,-35.28996,-1.2391207,2.6465485,0.046859153,0.000000
46,2,0,0,0,0,0.638361,1.7730775,1.9682616,4.4522004,12.667038,-1.4054517,3.3913805,0.029769123,0.000000
46,2,0,0,0,0,0.621692,1.7409732,2.0028663,4.677456,-45.38533,-1.0750358,-1.3059523,-0.058128312,0.000000
46,2,0,0,0,0,0.527759,2.0060177,2.1847312,5.093113,-36.618866,-0.98997283,6.751586,0.043996274,0.000000
46,2,0,0,0,0,0.395142,2.1000323,2.265914,5.005622,65.40289,-1.043071,9.119808,0.0224193,0.000000
46,2,0,0,0,0,0.282222,1.65799,1.9898055,4.5088906,58.44526,-1.4620297,4.5813074,-0.20368311,0.000000
46,2,0,0,0,0,0.227354,1.6362193,1.8866731,4.1532636,65.6425,-1.6230326,-6.115175,-0.002386333,0.000000
47,2,0,0,0,0,0.821466,1.6532416,1.959482,4.6049314,-34.74483,-1.272751,2.779468,-0.06095887,0.000000
47,2,0,0,0,0,0.624736,1.6116781,1.9174712,4.4437385,-45.52701,-1.1656113,-1.2805438,-0.07951179,0.000000
47,2,0,0,0,0,0.554860,1.7138841,1.9505978,4.547133,13.120447,-1.4607549,3.3919992,0.0477503,0.000000
47,2,0,0,0,0,0.532140,2.0685034,2.2395234,5.775418,-36.28482,-0.93614316,6.80113,0.09233301,0.000000
47,2,0,0,0,0,0.433765,2.1519246,2.29803,5.434063,66.5153,-1.0583417,9.123054,0.011814012,0.000000
47,2,0,0,0,0,0.302742,1.668458,1.9113855,4.179763,65.661934,-1.5614114,-6.1200256,0.023330703,0.000000
48,2,0,0,0,0,0.843694,1.5963478,1.8908961,4.377421,-34.441185,-1.231996,2.5717893,0.08957632,0.000000
48,2,0,0,0,0,0.683113,1.7750175,1.9861217,4.732859,13.331014,-1.4332565,3.3741484,0.064487725,0.000000
48,2,0,0,0,0,0.569255,1.9048557,2.072546,4.7106476,-45.82591,-0.9499676,-1.3475292,-0.06393464,0.000000
48,2,0,0,0,0,0.506992,2.1319783,2.2938461,5.1141396,67.0732,-1.0609471,9.034822,0.038374506,0.000000
48,2,0,0,0,0,0.450951,1.913774,2.233904,5.9966006,-35.840946,-0.999961,6.7509365,0.08483178,0.000000
48,2,0,0,0,0,0.214995,1.9731137,2.013415,4.480109,-63.763565,-0.90473706,-1.9536909,-0.115469605,0.000000
49,2,0,0,0,0,0.832730,1.6069767,1.8998222,4.4586945,-34.066216,-1.2111207,2.615294,0.07988734,0.000000
49,2,0,0,0,0,0.664740,1.6808584,1.9388652,4.626831,13.600424,-1.5015929,3.2951965,0.016282205,0.000000
49,2,0,0,0,0,0.617609,1.998848,2.1422315,4.726523,-45.917698,-0.90712583,-1.3661087,-0.056336153,0.000000
49,2,0,0,0,0,0.446049,1.9312756,2.1557004,5.480207,-34.593536,-0.9077698,6.8072786,0.026675366,0.000000
49,2,0,0,0,0,0.290895,1.7819858,1.9743081,4.6461096,59.84346,-1.3420436,4.993618,0.028327929,0.000000
49,2,0,0,0,0,0.253872,2.0889192,2.1916382,5.111822,67.92579,-1.1807067,9.098082,-0.007867842,0.000000
50,2,0,0,0,0,0.721937,1.6476727,1.910007,4.3209953,-33.67984,-1.2086555,2.7026248,-0.008907305,0.000000
50,2,0,0,0,0,0.670334,1.7135491,1.9381621,4.4014,13.9057045,-1.428462,3.3474658,-0.018155348,0.000000
50,2,0,0,0,0,0.664960,1.821249,2.0354195,4.6008615,-46.179695,-1.0068276,-1.4025244,0.03576493,0.000000
50,2,0,0,0,0,0.483096,2.022898,2.2184577,5.2658014,-33.534878,-0.93513334,6.790638,0.04592191,0.000000
50,2,0,0,0,0,0.438414,1.9559333,2.1071026,4.778084,68.393616,-1.270708,8.93084,0.00014874703,0.000000
50,2,0,0,0,0,0.355511,1.5981246,1.954958,4.5257297,-63.591553,-1.485704,8.072246,-0.6033569,0.000000
50,2,0,0,0,0,0.305385,1.9373727,1.9954207,4.570107,60.0349,-1.2694539,4.977705,0.0004386382,0.000000
51,2,0,0,0,0,0.847706,1.6252756,1.8999479,4.42237,-33.301003,-1.175878,2.5822823,0.08511449,0.000000
51,2,0,0,0,0,0.690029,1.8228312,2.08702,4.4863653,-46.018658,-0.9636245,-1.3178821,-0.047949784,0.000000
51,2,0,0,0,0,0.669521,1.9669169,1.9733418,4.477151,14.315952,-1.2633848,3.4840555,0.025588606,0.000000
51,2,0,0,0,0,0.474100,1.953711,2.174944,5.7934833,-32.979427,-0.900877,6.7354584,0.030077338,0.000000
51,2,0,0,0,0,0.417717,2.180556,2.3077753,5.518526,69.83341,-1.0611137,9.183918,0.11148306,0.000000
52,2,0,0,0,0,0.805660,1.6256852,1.9422445,4.438038,-32.89176,-1.2295985,2.7837284,-0.08335852,0.000000
52,2,0,0,0,0,0.750957,1.8334386,2.008248,4.8116846,14.90582,-1.3606333,3.4110796,0.07284541,0.000000
52,2,0,0,0,0,0.703221,1.7991486,2.0126746,4.5776734,-46.177544,-1.0486677,-1.3711021,-0.008425501,0.000000
52,2,0,0,0,0,0.440048,1.9984493,2.1353633,4.745113,70.15549,-1.1390343,9.352185,0.10403025,0.000000
52,2,0,0,0,0,0.420199,2.046556,2.210308,5.4541903,-31.62833,-0.96831965,6.8203936,0.002779271,0.000000
52,2,0,0,0,0,0.289306,1.8282084,1.934054,4.2979536,60.54086,-1.4754884,5.117835,0.114221625,0.000000
53,2,0,0,0,0,0.856382,1.5689981,1.8803823,4.374352,-32.63556,-1.2090539,2.783995,-0.041684642,0.000000
53,2,0,0,0,0,0.756638,1.7835898,1.9639876,4.6490974,15.188589,-1.3919618,3.3904047,0.07045981,0.000000
53,2,0,0,0,0,0.621637,1.7554927,2.0406168,4.5608716,-46.35206,-1.0517545,-1.2299736,-0.070215076,0.000000
53,2,0,0,0,0,0.523378,1.9457574,2.150372,5.761417,-31.30729,-1.0203947,6.667864,0.05330365,0.000000
53,2,0,0,0,0,0.277738,1.7778867,1.9807297,4.7259474,-59.05105,-1.2803133,-12.411877,0.0838123,0.000000
53,2,0,0,0,0,0.275091,1.7170277,1.9545665,4.374672,65.425255,-1.5607525,-7.260353,-0.054551728,0.000000
53,2,0,0,0,0,0.242358,1.883306,1.986329,4.3888354,-66.43812,-0.8099047,-2.0094972,-0.05577146,0.000000
53,2,0,0,0,0,0.213392,2.3254786,2.4121177,5.8151417,71.32937,-1.1197367,9.371698,0.1357991,0.000000
53,2,0,0,0,0,0.205156,1.7132409,2.0044947,4.724365,61.395382,-1.4806544,4.2618384,-0.097906485,0.000000
54,2,0,0,0,0,0.804187,1.6563959,1.9491494,4.6575522,-32.46652,-1.1897932,2.684292,0.056109257,0.000000
54,2,0,0,0,0,0.753088,1.7395582,1.9507886,4.4276185,15.376562,-1.3779128,3.335527,0.03640113,0.000000
54,2,0,0,0,0,0.680664,1.9604824,2.1099918,4.5630894,-46.40224,-0.9142684,-1.3458688,0.037242346,0.000000
54,2,0,0,0,0,0.476447,2.008036,2.2558734,6.030741,-30.904808,-0.8797184,6.8103647,0.049159613,0.000000
54,2,0,0,0,0,0.254965,1.7188102,1.9410689,4.518136,-58.372185,-1.2737327,-12.098114,-0.12797226,0.000000
54,2,0,0,0,0,0.247167,1.7520678,2.0113473,4.4760404,60.818726,-1.3614056,4.1917515,1.8855108,0.000000
54,2,0,0,0,0,0.226886,1.7025617,1.9085336,4.326265,65.312485,-1.5920017,-7.6518764,-0.015253982,0.000000
55,2,0,0,0,0,0.688442,1.644453,1.9468384,4.357165,-31.937634,-1.0799918,2.5486512,0.079912394,0.000000
55,2,0,0,0,0,0.631001,1.7571685,1.9651374,4.4093447,15.850882,-1.3714936,3.458694,0.08388875,0.000000
55,2,0,0,0,0,0.606390,2.0201633,2.1570382,4.6855416,-46.40473,-0.7172978,-1.2373202,-0.053258736,0.000000
55,2,0,0,0,0,0.400162,2.1110706,2.3498073,6.2257605,-29.632755,-0.88686824,6.7789245,0.07472129,0.000000
55,2,0,0,0,0,0.213247,1.9567866,2.064783,4.527527,58.661938,-1.0080361,-32.815228,-0.51490617,0.000000
55,2,0,0,0,0,0.200477,1.7241925,1.9934226,4.4629655,62.01638,-1.5265808,4.3015895,-0.0690216,0.000000
56,2,0,0,0,0,0.878214,1.4977309,1.8518,4.464239,-31.616295,-1.3366306,2.6132855,0.08666861,0.000000
56,2,0,0,0,0,0.650333,1.7652503,1.9712185,4.650272,16.435848,-1.4606447,3.3873067,0.096799314,0.000000
56,2,0,0,0,0,0.521758,2.002304,2.21996,5.5125036,-28.232584,-0.9405854,6.7318206,0.06224731,0.000000
56,2,0,0,0,0,0.481310,1.851362,2.0295677,4.546414,-46.46921,-1.0759772,-1.3911158,-0.0005166752,0.000000
56,2,0,0,0,0,0.262490,1.6575913,1.9522736,4.4239635,-58.95156,-1.098397,9.288228,-0.49891448,0.000000
56,2,0,0,0,0,0.235585,1.5882921,1.8897481,4.3468547,64.81823,-1.8364158,-7.7794857,-0.04030368,0.000000
56,2,0,0,0,0,0.216708,1.896848,1.9647038,4.3923244,62.008488,-1.1614053,-25.47765,-0.05421827,0.000000
57,2,0,0,0,0,0.848812,1.6098952,1.9159865,4.458392,-31.174026,-1.2380883,2.8071551,-0.0064084902,0.000000
57,2,0,0,0,0,0.643003,1.8324909,2.016245,4.743163,16.705734,-1.4546075,3.4058104,0.0718322,0.000000
57,2,0,0,0,0,0.573409,1.9729967,2.0391214,4.721551,-46.75495,-0.8878801,-1.4366465,-0.0051170164,0.000000
57,2,0,0,0,0,0.457603,2.1388314,2.32691,6.0893073,-27.933475,-0.9181268,6.7911253,0.05275052,0.000000
57,2,0,0,0,0,0.231640,1.9507957,2.159509,4.8591447,58.078964,-0.8878206,-25.315407,2.3523202,0.000000
58,2,0,0,0,0,0.796582,1.6119051,1.925029,4.5092254,-30.919764,-1.2034612,2.7283921,0.023427896,0.000000
58,2,0,0,0,0,0.732590,1.8154961,1.9563346,4.444229,16.916405,-1.4176075,3.5120559,0.13406199,0.000000
58,2,0,0,0,0,0.418616,1.9423685,2.064692,4.6753182,-46.748024,-0.8447089,-1.5066161,0.023611829,0.000000
58,2,0,0,0,0,0.406301,2.1595352,2.3233626,5.750807,-26.920803,-0.88584054,6.708435,0.030387215,0.000000
58,2,0,0,0,0,0.245346,1.6245728,1.9309021,4.2632475,7.461116,-1.529247,-35.630524,-0.6052929,0.000000
59,2,0,0,0,0,0.698885,1.7111628,1.975457,4.239896,-30.439066,-1.0289011,2.7347713,0.07534629,0.000000
59,2,0,0,0,0,0.658272,1.7222629,1.9589854,4.4417944,17.443598,-1.5018257,3.5112696,0.0388465,0.000000
59,2,0,0,0,0,0.534820,1.9139245,2.229668,5.6184425,-26.398195,-0.9511417,6.7099056,0.07400606,0.000000
59,2,0,0,0,0,0.467660,2.1166258,2.102611,5.012474,-46.951866,-0.5506625,-1.3602401,0.034234826,0.000000
59,2,0,0,0,0,0.304707,1.8000488,1.9340307,4.376816,63.701538,-1.5978305,5.086926,0.15074113,0.000000
60,2,0,0,0,0,0.851075,1.5569992,1.8798813,4.3781056,-30.278015,-1.3285981,2.7357686,0.017482288,0.000000
60,2,0,0,0,0,0.695412,1.7672782,1.9829307,4.5605097,-47.04132,-1.0683392,-1.3499196,-0.03564267,0.000000
60,2,0,0,0,0,0.660374,1.715872,1.9376671,4.5038767,17.926395,-1.5043212,3.5371456,0.10974097,0.000000
60,2,0,0,0,0,0.379158,2.2337086,2.41275,6.5649085,-25.600248,-0.96493894,6.8063107,0.028572531,0.000000
60,2,0,0,0,0,0.211347,2.3436775,2.385516,5.604419,51.26163,-0.7477393,-24.806425,-0.60967803,0.000000
61,2,0,0,0,0,0.879918,1.5741279,1.8916335,4.4259863,-29.917137,-1.319023,2.702216,0.033467412,0.000000
61,2,0,0,0,0,0.793143,1.7157183,1.9142447,4.3921266,18.167673,-1.416075,3.5837543,0.06781487,0.000000
61,2,0,0,0,0,0.424710,2.0494034,2.3520327,6.2135053,-24.692192,-1.0692188,6.701557,0.035393383,0.000000
61,2,0,0,0,0,0.420826,1.5231436,1.7994647,4.1301126,-46.43102,-1.2521863,-1.4155626,0.04082847,0.000000
62,2,0,0,0,0,0.851498,1.5378561,1.860957,4.3145146,-29.55623,-1.2497373,2.799792,0.017823398,0.000000
62,2,0,0,0,0,0.747565,1.8167856,1.9974492,4.442471,-47.07488,-0.90937483,-1.412543,-0.00052604044,0.000000
62,2,0,0,0,0,0.728344,1.7140687,1.9635125,4.4428363,18.645445,-1.4604083,3.5208287,-0.03111671,0.000000
62,2,0,0,0,0,0.477148,2.0440686,2.3222816,5.827485,-23.29533,-1.0857397,6.734508,0.067761414,0.000000
63,2,0,0,0,0,0.762734,1.6432843,1.9316366,4.4063997,-29.28789,-1.1784518,2.8167725,-0.011893818,0.000000
63,2,0,0,0,0,0.611986,1.739363,2.0022056,4.3694534,-46.942398,-0.8908771,-1.4555007,0.036860816,0.000000
63,2,0,0,0,0,0.574570,1.5946441,1.9006982,4.414422,18.973228,-1.6849741,3.4643931,-0.050832026,0.000000
63,2,0,0,0,0,0.430176,2.0952914,2.3433673,6.208331,-23.125118,-0.9199408,6.7210574,0.048304033,0.000000
63,2,0,0,0,0,0.207686,1.697449,2.0082543,4.895889,-50.596046,-1.2252113,-10.354888,0.005273792,0.000000
64,2,0,0,0,0,0.777665,1.5288289,1.8559991,4.2989135,-28.831512,-1.406952,2.8313055,0.109300494,0.000000
64,2,0,0,0,0,0.760781,1.7859445,1.9972429,4.7573757,19.598412,-1.4532564,3.676674,0.048905097,0.000000
64,2,0,0,0,0,0.702136,2.0167165,2.0542388,4.7471657,-47.21501,-1.0335276,-1.3870773,-0.07925181,0.000000
64,2,0,0,0,0,0.527746,2.1902237,2.4206338,6.402523,-22.454905,-1.116487,6.8180237,0.033112768,0.000000
64,2,0,0,0,0,0.258971,2.0310922,2.4282436,5.717816,1.9941397,-1.0268776,-29.900146,0.93436223,0.000000
65,2,0,0,0,0,0.873657,1.5918765,1.8916283,4.3922005,-28.435804,-1.4318364,2.834318,0.07293369,0.000000
65,2,0,0,0,0,0.765013,2.0062742,1.9865856,4.453175,19.532845,-1.1686084,3.8066103,0.02127022,0.000000
65,2,0,0,0,0,0.721395,1.7326496,1.9272339,4.4135838,-47.33506,-1.2496451,-1.4237635,-0.024618316,0.000000
65,2,0,0,0,0,0.512282,1.967855,2.3740058,6.389523,-21.408358,-1.1664755,6.753171,0.07934785,0.000000
65,2,0,0,0,0,0.465347,1.6546317,1.9611388,4.377681,63.231644,-1.4670167,-10.037305,-0.05742,0.000000
65,2,0,0,0,0,0.386025,1.910436,2.0125494,4.6669154,66.41263,-1.2249,5.318027,0.10739506,0.000000
66,2,0,0,0,0,0.879020,1.6523037,1.9300481,4.534475,-28.202332,-1.2306156,2.9050217,0.07513803,0.000000
66,2,0,0,0,0,0.814434,1.680403,1.9541986,4.421557,20.161913,-1.4539657,3.66817,0.03849475,0.000000
66,2,0,0,0,0,0.654828,1.8990235,2.0794249,4.657183,-47.524143,-1.0316291,-1.4420006,-0.033759028,0.000000
66,2,0,0,0,0,0.538253,2.0510943,2.3279834,5.8533907,-20.279816,-1.0702974,6.713169,0.07111867,0.000000
66,2,0,0,0,0,0.209530,1.5573611,1.9402795,4.312024,-5.6050215,-1.3062725,-26.902777,1.1763641,0.000000
66,2,0,0,0,0,0.204419,1.6486042,1.98926,4.501964,63.03892,-1.5404042,-10.38797,-0.1549096,0.000000
66,2,0,0,0,0,0.204023,1.756835,2.0037196,4.4822755,66.962875,-1.4432435,4.5724583,-0.08473358,0.000000
67,2,0,0,0,0,0.866355,1.6035874,1.8695333,4.3113275,-27.915304,-1.2336028,2.9068005,0.068300664,0.000000
67,2,0,0,0,0,0.787964,1.6330543,1.9272612,4.2233047,20.448359,-1.5366775,3.7569942,0.059353173,0.000000
67,2,0,0,0,0,0.625522,2.034006,2.0958562,4.7787733,-47.617958,-0.90571404,-1.4673733,-0.03505755,0.000000
67,2,0,0,0,0,0.517876,1.9937637,2.398552,6.2581577,-19.8532,-1.0852755,6.783602,0.09068395,0.000000
67,2,0,0,0,0,0.219375,1.7489021,2.0449324,4.7347984,-9.7796955,-0.910293,-26.926777,1.0687598,0.000000
67,2,0,0,0,0,0.200416,1.7380576,1.9413617,4.387435,67.156746,-1.5856707,5.303357,0.14706786,0.000000
68,2,0,0,0,0,0.769151,1.5314445,1.8218023,4.183341,-27.515276,-1.2897831,2.990138,0.024506101,0.000000
68,2,0,0,0,0,0.727222,1.7878467,2.0127985,4.4889526,-47.346863,-0.930806,-1.4619596,0.028832922,0.000000
68,2,0,0,0,0,0.574204,1.7775985,2.0258698,4.7960706,21.087934,-1.4935465,3.8829756,0.10264249,0.000000
68,2,0,0,0,0,0.505685,2.044426,2.4221835,6.443633,-19.175312,-1.095922,6.956887,0.10292047,0.000000
69,2,0,0,0,0,0.773762,1.6169776,1.8847973,4.280191,-27.117764,-1.238646,3.0563598,0.06581728,0.000000
69,2,0,0,0,0,0.675112,1.6382614,1.9244874,4.482768,21.251972,-1.5874221,3.7493083,-0.009995198,0.000000
69,2,0,0,0,0,0.662540,1.8316007,1.9993124,4.545774,-47.573044,-1.0607122,-1.4848864,0.020906582,0.000000
69,2,0,0,0,0,0.458591,2.0809667,2.5000918,6.343603,-18.262764,-1.0001774,6.9154043,0.06338543,0.000000
70,2,0,0,0,0,0.859836,1.6040618,1.8858511,4.3576517,-26.763502,-1.2873038,3.0312345,0.024834124,0.000000
70,2,0,0,0,0,0.801675,1.7180152,1.9686815,4.4559054,21.723824,-1.4552972,3.7543201,-0.024580337,0.000000
70,2,0,0,0,0,0.633511,1.6981688,1.956656,4.585319,-47.82099,-1.1063476,-1.3656976,0.02218835,0.000000
70,2,0,0,0,0,0.539926,2.0525184,2.4369645,6.4556,-17.633245,-1.1015537,6.9616756,0.09836221,0.000000
70,2,0,0,0,0,0.252371,1.572638,1.9407669,4.48405,61.672253,-1.7497697,-11.5321665,-0.22932903,0.000000
70,2,0,0,0,0,0.235455,1.7944672,1.9590647,4.4545608,68.35968,-1.5807511,5.1706114,0.10579082,0.000000
71,2,0,0,0,0,0.845985,1.5132115,1.8221415,4.1985326,-26.2929,-1.2712829,3.0398147,0.041487128,0.000000
71,2,0,0,0,0,0.747959,1.7019979,1.9789677,4.3673134,21.980501,-1.4147325,3.79111,0.035870135,0.000000
71,2,0,0,0,0,0.603743,1.6882353,1.9452597,4.5277667,-47.85144,-1.0836172,-1.3915844,0.008883892,0.000000
71,2,0,0,0,0,0.509991,2.0192428,2.405217,6.4066553,-16.739952,-1.0430832,6.994219,0.0586861,0.000000
71,2,0,0,0,0,0.269347,1.7195561,2.0037122,4.869813,-56.914127,-1.2095848,-10.237934,-0.050479993,0.000000
71,2,0,0,0,0,0.221518,1.6287501,1.9576219,4.5775256,61.45913,-1.6927092,-11.82088,-0.22384486,0.000000
72,2,0,0,0,0,0.762041,1.5434334,1.8748167,4.3832874,-25.974783,-1.2816697,3.043693,0.015241083,0.000000
72,2,0,0,0,0,0.686394,1.7025967,1.9496717,4.548423,-47.83904,-1.0786562,-1.3673382,-0.033013098,0.000000
72,2,0,0,0,0,0.535027,1.8363366,2.0378356,4.820621,22.740463,-1.403193,3.9266052,0.042477664,0.000000
72,2,0,0,0,0,0.534818,2.0444002,2.411738,6.4498267,-15.872869,-1.0824065,7.0415273,0.053980496,0.000000
72,2,0,0,0,0,0.242498,1.9689784,2.0620153,5.003769,69.765686,-1.5449688,5.080318,0.052452255,0.000000
73,2,0,0,0,0,0.737239,1.4979231,1.7842667,4.2252326,-25.727991,-1.2777901,3.0870771,0.030237835,0.000000
73,2,0,0,0,0,0.717138,1.901742,2.2051117,5.648751,-15.247353,-1.1128788,6.9777546,0.03576211,0.000000
73,2,0,0,0,0,0.690245,1.794172,1.988396,4.5681095,22.912422,-1.4350427,3.8940725,0.054370094,0.000000
73,2,0,0,0,0,0.542797,1.8433497,2.0306804,4.6453614,-47.971016,-0.9890696,-1.4786718,0.03153839,0.000000
73,2,0,0,0,0,0.276913,1.9819494,2.107355,4.9776196,70.05939,-1.545521,5.0331526,0.108684696,0.000000
74,2,0,0,0,0,0.834675,1.6431406,1.8791296,4.3401084,-25.419386,-1.1625447,3.0242183,0.041046984,0.000000
74,2,0,0,0,0,0.700685,1.6671345,1.9472687,4.344635,23.196404,-1.500355,3.9013748,0.01725086,0.000000
74,2,0,0,0,0,0.629881,1.7831988,1.998688,4.3831363,-47.924572,-0.8962661,-1.442245,0.039026763,0.000000
74,2,0,0,0,0,0.520450,1.9752173,2.3590455,6.2425447,-14.371443,-1.0434988,7.154143,0.03472185,0.000000
74,2,0,0,0,0,0.281969,1.5935487,1.8775631,4.2366486,60.515182,-1.741684,-12.6853485,-0.10247285,0.000000
74,2,0,0,0,0,0.261351,1.8681383,1.9839249,4.517427,70.36674,-1.4885248,5.3302794,0.11146031,0.000000
75,2,0,0,0,0,0.841238,1.5488169,1.8332819,4.282495,-25.06531,-1.2362766,3.0948553,0.03162699,0.000000
75,2,0,0,0,0,0.677637,1.6671826,1.9766233,4.4507265,23.674393,-1.5673764,3.784925,0.024660625,0.000000
75,2,0,0,0,0,0.669851,1.9750504,2.2925022,5.7686152,-13.676842,-1.0202776,7.111273,0.033929218,0.000000
75,2,0,0,0,0,0.571740,1.8679492,2.0470562,4.628318,-48.049717,-0.9609288,-1.4415061,0.03154654,0.000000
75,2,0,0,0,0,0.209498,1.5936995,1.8690504,4.25782,59.915787,-1.7000971,-12.664106,-0.25167596,0.000000
76,2,0,0,0,0,0.828716,1.5060239,1.8447285,4.266308,-24.73609,-1.3952209,3.034729,0.04882831,0.000000
76,2,0,0,0,0,0.590636,1.7926366,1.994525,4.5369377,-48.010567,-1.0370058,-1.4163706,0.017447252,0.000000
76,2,0,0,0,0,0.589947,1.6617408,1.8992523,4.1529613,23.901268,-1.5223501,3.8207467,-0.007773182,0.000000
76,2,0,0,0,0,0.523396,2.0865085,2.3584042,6.304796,-12.6051,-1.1678307,7.2331133,0.07003772,0.000000
76,2,0,0,0,0,0.201364,1.6691412,1.9809263,4.7137666,59.71276,-1.5908597,-13.652878,-0.25960687,0.000000
77,2,0,0,0,0,0.743256,1.5289953,1.8697627,4.3368597,-24.410719,-1.2895386,3.080385,0.03942207,0.000000
77,2,0,0,0,0,0.719312,1.9683478,2.3019063,5.653697,-12.023512,-1.0824349,7.2214375,0.022949787,0.000000
77,2,0,0,0,0,0.577295,1.6606112,1.8918772,4.18141,24.376871,-1.4713614,3.8434966,0.039649934,0.000000
77,2,0,0,0,0,0.417376,1.9379735,2.0915864,4.957001,-48.45646,-0.9459822,-1.3869915,-0.07170448,0.000000
77,2,0,0,0,0,0.212397,1.6304809,1.91243,4.181798,59.211254,-1.6722655,-13.562691,-0.2526048,0.000000
78,2,0,0,0,0,0.791294,1.4945656,1.8013076,4.273698,-24.060274,-1.2593977,3.1135821,0.012515007,0.000000
78,2,0,0,0,0,0.670628,1.7064714,1.9904765,4.4587593,24.897516,-1.5609523,3.8894818,0.026161063,0.000000
78,2,0,0,0,0,0.645448,2.0203958,2.3932452,6.2143927,-11.2948675,-1.0961173,7.297413,0.06042167,0.000000
78,2,0,0,0,0,0.621529,1.8318919,2.0283937,4.351205,-48.01696,-0.91782236,-1.3853992,0.011254924,0.000000
78,2,0,0,0,0,0.255943,2.1326706,2.17916,5.250625,23.2094,-1.2015243,-15.300363,-0.02427132,0.000000
78,2,0,0,0,0,0.201613,1.6242027,1.9227382,4.3209248,58.683186,-1.6740355,-13.891494,-0.43125117,0.000000
79,2,0,0,0,0,0.843616,1.5607737,1.870353,4.365689,-23.713081,-1.3385057,3.0558956,0.055720106,0.000000
79,2,0,0,0,0,0.664495,1.682235,1.924297,4.2216916,25.202728,-1.4618037,3.7053175,-0.03519021,0.000000
79,2,0,0,0,0,0.558822,1.9653339,2.3872547,5.981614,-10.578556,-1.0850618,7.223403,0.07533522,0.000000
79,2,0,0,0,0,0.504068,1.6525493,1.9224043,4.227838,-48.056545,-1.147192,-1.396329,0.0070260204,0.000000
79,2,0,0,0,0,0.260817,1.593543,1.8972138,4.395811,58.242905,-1.7864966,-14.332478,-0.24264808,0.000000
80,2,0,0,0,0,0.818571,1.6247301,1.87711,4.323292,-23.342209,-1.2039657,3.1157408,0.010157014,0.000000
80,2,0,0,0,0,0.617040,1.6249206,1.9007915,4.1274834,25.391354,-1.4931929,3.8661408,0.055775587,0.000000
80,2,0,0,0,0,0.573438,1.9245868,2.086177,4.4899974,-48.086845,-0.88844156,-1.3806746,-0.038668945,0.000000
80,2,0,0,0,0,0.519700,2.037146,2.4767056,6.474553,-9.859275,-1.0365224,7.315077,0.11734288,0.000000
80,2,0,0,0,0,0.344412,2.1939077,2.2599385,5.106431,68.52127,-1.1439877,-23.25303,-0.1700785,0.000000
80,2,0,0,0,0,0.275792,1.551172,1.8677566,4.1020765,57.703194,-1.7958068,-15.137098,-0.28382513,0.000000
80,2,0,0,0,0,0.238357,2.048698,2.1548378,5.2365723,18.172264,-1.3410859,-15.211525,-0.10788125,0.000000
81,2,0,0,0,0,0.772858,1.5169315,1.8355536,4.1774697,-22.818035,-1.3510944,3.0612354,0.04647762,0.000000
81,2,0,0,0,0,0.545946,1.6605716,1.9288781,4.241562,-48.08317,-1.1364491,-1.3565485,-0.05720809,0.000000
81,2,0,0,0,0,0.541473,1.7517649,1.9408143,4.2872686,26.13461,-1.3828347,3.752557,-0.010732097,0.000000
81,2,0,0,0,0,0.532511,1.9468482,2.3730688,5.89041,-9.006888,-1.044326,7.2638936,0.05788933,0.000000
81,2,0,0,0,0,0.327224,2.3968637,2.3992336,5.763956,66.638016,-1.0070552,-23.328114,-0.18555637,0.000000
81,2,0,0,0,0,0.231196,2.215404,2.3620229,5.33507,-40.41095,-1.0804992,-30.208403,1.1151148,0.000000
81,2,0,0,0,0,0.217154,1.912703,2.1335921,5.465723,15.374027,-1.4875824,-15.167814,-0.099520154,0.000000
82,2,0,0,0,0,0.625761,1.5838788,1.9124892,4.4827533,-22.642715,-1.3629053,3.0611465,0.044067144,0.000000
82,2,0,0,0,0,0.547385,2.1096675,2.539876,6.7735176,-8.3677845,-1.0512842,7.3197975,0.0962913,0.000000
82,2,0,0,0,0,0.545365,1.6955948,1.9430691,4.3584795,26.452808,-1.3124993,3.7321634,0.04303276,0.000000
82,2,0,0,0,0,0.432778,1.6879373,1.9268632,4.3116407,-48.090557,-1.0996492,-1.4700699,0.07358539,0.000000
82,2,0,0,0,0,0.406572,2.1583414,2.305232,5.342672,66.80757,-0.9311638,-8.895727,-0.020815345,0.000000
82,2,0,0,0,0,0.338281,1.517414,1.898519,4.322452,56.76055,-1.804718,-15.686097,-0.33300212,0.000000
82,2,0,0,0,0,0.335524,2.187521,2.2614408,5.087836,63.79007,-1.0628152,-23.262413,-0.1514087,0.000000
82,2,0,0,0,0,0.222857,2.4847784,2.642614,5.925953,-42.89415,-0.93553495,-31.156895,0.9370538,0.000000
83,2,0,0,0,0,0.808127,1.6088483,1.8640488,4.338668,-22.128891,-1.1943493,3.097631,0.049963217,0.000000
83,2,0,0,0,0,0.610745,1.6489362,1.9777453,4.3509226,26.982853,-1.5860701,3.6922102,-0.036382683,0.000000
83,2,0,0,0,0,0.566256,2.0628839,2.424455,6.4603505,-7.89736,-1.0880649,7.4530845,0.065469176,0.000000
83,2,0,0,0,0,0.543123,1.7579051,1.9972767,4.2870727,-48.085526,-0.9293524,-1.3892932,0.08184976,0.000000
83,2,0,0,0,0,0.340770,2.32555,2.3680558,5.7248464,61.712368,-0.9898696,-23.549324,-0.13815871,0.000000
83,2,0,0,0,0,0.328334,2.024208,2.2035093,4.877307,63.94124,-1.1474137,-8.782979,0.017159056,0.000000
84,2,0,0,0,0,0.825948,1.616936,1.8622341,4.3126864,-21.762894,-1.1852095,3.0912151,0.031077877,0.000000
84,2,0,0,0,0,0.632125,1.7691262,2.0013576,4.744722,27.728115,-1.5541778,3.708053,-0.031201161,0.000000
84,2,0,0,0,0,0.566667,1.9652686,2.0362878,4.7783837,-48.557434,-0.6258509,-1.3725529,-0.01927592,0.000000
84,2,0,0,0,0,0.524823,2.0539231,2.4874866,6.4443374,-6.6839366,-0.98982835,7.4356794,0.1151879,0.000000
84,2,0,0,0,0,0.381268,2.0063164,2.1932244,4.92127,58.988983,-1.2313752,-23.45467,-0.23454897,0.000000
84,2,0,0,0,0,0.364495,1.8426944,2.0141501,4.5846987,61.586334,-1.3165231,-9.103928,-0.07699009,0.000000
85,2,0,0,0,0,0.793360,1.5574427,1.8371638,4.192865,-21.42404,-1.2275348,3.1388226,0.05303396,0.000000
85,2,0,0,0,0,0.614617,1.6775359,1.9682175,4.432356,27.840588,-1.5593848,3.6882885,-0.06912732,0.000000
85,2,0,0,0,0,0.568625,2.038903,2.091222,4.796151,-48.4909,-0.76231134,-1.4064589,-0.004760957,0.000000
85,2,0,0,0,0,0.470018,2.0060568,2.4599977,6.2148323,-5.820301,-1.0092988,7.404441,0.10286265,0.000000
85,2,0,0,0,0,0.390927,1.8764553,2.0872653,4.592287,59.030216,-1.2075181,-9.1327095,-0.17848086,0.000000
85,2,0,0,0,0,0.353796,2.3012924,2.3885834,5.852134,57.04265,-1.0327702,-23.640734,-0.17699112,0.000000
85,2,0,0,0,0,0.234963,1.5506202,1.9271185,4.42583,55.16666,-1.8662162,-17.04943,-0.3145866,0.000000
86,2,0,0,0,0,0.743976,1.5396719,1.8521875,4.2551894,-21.13694,-1.3085536,3.064661,0.023305016,0.000000
86,2,0,0,0,0,0.696611,1.9444084,2.0322468,4.6502523,-48.523354,-0.9369216,-1.2990422,-0.04955882,0.000000
86,2,0,0,0,0,0.648869,1.6825132,1.993371,4.545992,28.454037,-1.6033311,3.690921,0.018681264,0.000000
86,2,0,0,0,0,0.604405,2.0680237,2.4290922,6.2602706,-5.1798925,-1.0461323,7.340047,0.118399434,0.000000
86,2,0,0,0,0,0.395628,1.9396749,2.0799491,4.6990504,56.879517,-1.2148438,-9.150873,-0.118843764,0.000000
86,2,0,0,0,0,0.359460,1.9444685,2.1179395,4.6818852,53.893208,-1.2539787,-23.833437,-0.2607423,0.000000
86,2,0,0,0,0,0.223711,1.7296462,1.978677,4.65481,3.5162127,-1.4709762,-15.666596,-0.009353185,0.000000
87,2,0,0,0,0,0.717976,1.5041134,1.829011,4.3426332,-20.862883,-1.3029611,3.0499432,0.07012407,0.000000
87,2,0,0,0,0,0.642086,1.8839238,2.0360565,4.641479,-48.5271,-0.8799883,-1.3501168,-0.038803264,0.000000
87,2,0,0,0,0,0.584902,1.6392878,1.9588542,4.324107,28.61029,-1.6651316,3.8420973,0.00071347365,0.000000
87,2,0,0,0,0,0.484640,2.0123456,2.3980436,6.1320224,-4.2446165,-1.0355064,7.352339,0.09494718,0.000000
87,2,0,0,0,0,0.333862,2.1713376,2.2319953,5.337627,51.92179,-1.3440812,-23.526363,-0.079288214,0.000000
87,2,0,0,0,0,0.301661,1.8370144,2.0527635,4.506978,54.180542,-1.2070115,-9.11687,-0.17370716,0.000000
87,2,0,0,0,0,0.220318,2.017412,2.1220205,5.2145557,0.7410753,-1.3352703,-15.743079,-0.034496948,0.000000
87,2,0,0,0,0,0.204997,1.54497,1.8991306,4.1885757,54.241768,-2.1058793,-17.30334,-0.027129218,0.000000
88,2,0,0,0,0,0.842011,1.5216527,1.830651,4.30617,-20.469002,-1.2467061,3.040625,0.037663713,0.000000
88,2,0,0,0,0,0.669754,2.1035159,2.1226106,4.9120183,-48.648582,-0.80241525,-1.2753153,-0.09767164,0.000000
88,2,0,0,0,0,0.608588,2.124193,2.493748,6.409016,-3.5819225,-1.0142854,7.404712,0.12778255,0.000000
88,2,0,0,0,0,0.588732,1.8434062,2.0388577,4.8757753,29.293604,-1.550235,3.8137922,0.00062492414,0.000000
88,2,0,0,0,0,0.402353,2.1518254,2.2159176,5.038198,49.258923,-1.3681924,-23.698761,-0.22012247,0.000000
88,2,0,0,0,0,0.314924,1.9264542,2.0512164,4.660437,51.975136,-1.281812,-9.214097,-0.1676591,0.000000
88,2,0,0,0,0,0.224472,1.5826688,1.9327042,4.422463,53.91439,-1.7446706,-18.21513,-0.4237481,0.000000
89,2,0,0,0,0,0.806280,1.6561296,1.8990638,4.2934914,-19.967737,-1.2451284,3.0906773,0.05130601,0.000000
89,2,0,0,0,0,0.668361,1.6535801,1.9378928,4.361241,29.449112,-1.547795,3.688832,-0.075959146,0.000000
89,2,0,0,0,0,0.623321,1.8940578,2.0091293,4.577679,-48.522053,-0.9173527,-1.4093462,0.0013430609,0.000000
89,2,0,0,0,0,0.492293,2.0738816,2.39658,6.3493233,-2.8612475,-1.1210868,7.478463,0.12389378,0.000000
89,2,0,0,0,0,0.368454,2.4002857,2.3040838,5.475921,47.201508,-1.383956,-23.583645,-0.14064282,0.000000
89,2,0,0,0,0,0.305425,2.0808067,2.232722,5.0231366,49.585762,-1.1871192,-9.266483,-0.10128997,0.000000
90,2,0,0,0,0,0.736421,1.5043077,1.8412168,4.2089524,-19.613548,-1.4014974,3.0677052,0.058818664,0.000000
90,2,0,0,0,0,0.649344,1.6743643,1.9298668,4.5426116,-48.705772,-1.1895558,-1.4073076,-0.011176475,0.000000
90,2,0,0,0,0,0.635071,1.6863699,1.967019,4.3921614,29.9777,-1.486936,3.6777887,0.00270342,0.000000
90,2,0,0,0,0,0.521344,2.1227326,2.485455,6.4364915,-2.020173,-1.0264852,7.399228,0.08681488,0.000000
90,2,0,0,0,0,0.470041,2.1470106,2.206826,5.042172,47.36344,-1.0707496,-9.307759,-0.08630919,0.000000
90,2,0,0,0,0,0.375044,2.2101994,2.1990516,5.087621,44.385666,-1.5201206,-23.665825,-0.24842899,0.000000
91,2,0,0,0,0,0.688047,1.436703,1.8087144,4.342732,-19.268108,-1.3876536,3.0636525,0.079345316,0.000000
91,2,0,0,0,0,0.634784,1.6878324,1.9319307,4.466168,-48.64164,-1.1645412,-1.361264,-0.061120875,0.000000
91,2,0,0,0,0,0.517961,1.6611141,1.944619,4.1594334,30.266762,-1.4651649,3.96238,0.21420427,0.000000
91,2,0,0,0,0,0.471291,1.9673551,2.3259394,5.8761888,-1.1204193,-1.0649459,7.356331,0.07154356,0.000000
91,2,0,0,0,0,0.313868,1.5625556,1.9407377,4.370909,52.410717,-1.8303852,-19.55871,-0.48955423,0.000000
91,2,0,0,0,0,0.276915,2.3355324,2.2381024,5.2181416,42.273987,-1.3422525,-23.851212,-0.22847725,0.000000
91,2,0,0,0,0,0.268527,1.9489789,2.0539124,5.0403433,-9.191298,-1.3829979,-15.8960495,-0.06888065,0.000000
91,2,0,0,0,0,0.228292,2.0622077,2.1789029,4.928133,44.753864,-1.3030412,-9.48074,-0.16927916,0.000000
92,2,0,0,0,0,0.855637,1.4587443,1.831723,4.3942313,-18.942465,-1.3820769,2.9989176,0.050977822,0.000000
92,2,0,0,0,0,0.623453,1.7415724,1.963027,4.481118,-48.64939,-1.1218745,-1.3794792,-0.032233354,0.000000
92,2,0,0,0,0,0.572344,2.0445168,2.4338539,6.3076587,-0.40909076,-1.049954,7.354862,0.1024271,0.000000
92,2,0,0,0,0,0.551664,1.6476239,1.9424202,4.3502326,30.97111,-1.5008464,3.7702146,-0.028552951,0.000000
92,2,0,0,0,0,0.367376,2.1608343,2.1550171,4.9467487,42.47455,-1.1830509,-9.4605665,-0.16086082,0.000000
92,2,0,0,0,0,0.277390,2.1010208,2.1700284,5.7419314,-11.941822,-1.3200712,-16.032696,-0.032744076,0.000000
93,2,0,0,0,0,0.862628,1.5004494,1.8276184,4.2556415,-18.563969,-1.3551093,3.0247874,0.05019056,0.000000
93,2,0,0,0,0,0.687660,1.7010324,1.9399661,4.4336777,-48.705765,-1.1298136,-1.378,-0.00030711934,0.000000
93,2,0,0,0,0,0.599928,1.7199446,1.9903624,4.4886274,31.498974,-1.425111,3.7519677,-0.03793849,0.000000
93,2,0,0,0,0,0.459586,2.1348848,2.4440317,6.4374557,0.3213858,-1.1250834,7.551621,0.091889136,0.000000
93,2,0,0,0,0,0.339040,2.0897584,2.1559076,5.2470355,-14.205793,-1.3491626,-16.033306,-0.06325434,0.000000
93,2,0,0,0,0,0.207413,2.1697495,2.2848713,5.7647986,-70.67337,-0.95945466,-30.973976,0.23147516,0.000000
94,2,0,0,0,0,0.793172,1.5187376,1.8535355,4.2535496,-18.10441,-1.3782327,3.0392342,0.046086896,0.000000
94,2,0,0,0,0,0.607129,1.79246,1.9735236,4.4439807,-48.749546,-1.1046432,-1.4519382,0.03075391,0.000000
94,2,0,0,0,0,0.542626,2.1213331,2.4848325,6.48254,1.4472907,-0.9992509,7.5014663,0.08965522,0.000000
94,2,0,0,0,0,0.491040,1.6806307,1.9630189,4.3725286,31.785833,-1.4656678,3.8487406,0.019676493,0.000000
94,2,0,0,0,0,0.328487,2.084363,2.1573,5.890401,-16.790976,-1.2509227,-16.10332,-0.07333498,0.000000
94,2,0,0,0,0,0.235986,2.062913,2.1324658,4.9047356,37.683723,-1.3613703,-9.333918,-0.114213035,0.000000
94,2,0,0,0,0,0.232933,2.678501,2.8481553,6.7061367,71.58797,-1.3936899,-33.368618,0.55209625,0.000000
94,2,0,0,0,0,0.204513,1.5643573,1.9453235,4.41366,50.802067,-1.9715278,-20.555822,-0.21149138,0.000000
95,2,0,0,0,0,0.720555,1.4846468,1.8416996,4.3224673,-17.90532,-1.426321,2.9823296,0.091854505,0.000000
95,2,0,0,0,0,0.619681,1.8077831,2.0271926,4.586169,-48.882744,-1.0740366,-1.348397,-0.08060682,0.000000
95,2,0,0,0,0,0.483669,1.99316,2.4174354,6.1111145,2.4298923,-1.0493501,7.4990625,0.082246356,0.000000
95,2,0,0,0,0,0.395905,1.8152833,2.0249758,4.787018,32.42225,-1.413678,3.8484344,0.0007047442,0.000000
95,2,0,0,0,0,0.384141,2.0141463,2.2179158,4.908988,67.24201,-1.4771626,-34.29228,1.5066086,0.000000
95,2,0,0,0,0,0.265159,2.064097,2.1541731,5.3449106,-19.07779,-1.3536665,-16.109562,-0.041152153,0.000000
95,2,0,0,0,0,0.229435,1.5746808,1.9623742,4.525835,50.36055,-1.7762897,-21.13145,-0.48750624,0.000000
96,2,0,0,0,0,0.769651,1.4584146,1.7923682,4.129307,-17.544662,-1.3564228,3.0497026,0.08182396,0.000000
96,2,0,0,0,0,0.703251,1.6702563,1.9222245,4.4065957,-48.758575,-1.1717708,-1.2962332,-0.06349299,0.000000
96,2,0,0,0,0,0.608222,2.0489335,2.4092758,6.240304,2.800126,-1.0953748,7.423326,0.036669403,0.000000
96,2,0,0,0,0,0.511398,1.6583178,1.9543381,4.4579864,32.57939,-1.5436779,3.7580447,-0.008209219,0.000000
96,2,0,0,0,0,0.401128,2.2367425,2.2549286,5.0219755,64.918724,-1.4444368,-33.66614,1.4893409,0.000000
96,2,0,0,0,0,0.309767,1.9928086,2.083533,5.442957,-21.476608,-1.3124677,-16.121191,-0.06062238,0.000000
97,2,0,0,0,0,0.808359,1.5054348,1.8316065,4.2625947,-17.294529,-1.3355268,3.0586157,0.07717788,0.000000
97,2,0,0,0,0,0.670667,1.604739,1.8767036,4.356146,-48.76464,-1.1937017,-1.3855906,-0.04390547,0.000000
97,2,0,0,0,0,0.579789,1.6615301,1.9585781,4.39796,33.06157,-1.4768865,3.6114225,-0.0399229,0.000000
97,2,0,0,0,0,0.530470,1.9799402,2.2725923,5.7004194,3.71696,-1.1162847,7.4147625,0.046280332,0.000000
97,2,0,0,0,0,0.315312,2.040706,2.1344602,4.9095316,62.427715,-1.6178186,-33.62072,1.5055405,0.000000
97,2,0,0,0,0,0.288814,1.876565,2.0343332,4.887767,-23.686031,-1.3676355,-16.097912,-0.04578411,0.000000
97,2,0,0,0,0,0.216409,1.5772085,1.9284172,4.330513,49.348625,-1.9175406,-22.029766,-0.28333208,0.000000
98,2,0,0,0,0,0.804996,1.511936,1.8279285,4.188956,-16.757814,-1.3042778,3.0956721,0.071949005,0.000000
98,2,0,0,0,0,0.700019,2.0228343,2.31014,5.9115562,4.3601613,-1.101958,7.4068494,0.071506694,0.000000
98,2,0,0,0,0,0.693753,1.7715676,1.9987583,4.4634914,-48.899284,-1.062052,-1.3916795,-0.014643103,0.000000
98,2,0,0,0,0,0.511116,1.6645341,1.9442812,4.281171,33.428623,-1.4878117,3.7339573,-0.031456474,0.000000
98,2,0,0,0,0,0.333981,2.2623348,2.354293,5.1678824,60.34764,-1.4590471,-33.501328,1.5614725,0.000000
98,2,0,0,0,0,0.304276,1.8606906,2.0309463,5.2287216,-26.10144,-1.3047105,-16.15657,-0.08260207,0.000000
99,2,0,0,0,0,0.625560,1.4887056,1.8196092,4.1390486,-16.282072,-1.336698,3.0860581,0.06662471,0.000000
99,2,0,0,0,0,0.538361,1.831712,2.0370414,4.529106,-48.96237,-1.072618,-1.4567165,0.0012931895,0.000000
99,2,0,0,0,0,0.452760,2.1248045,2.3893385,6.1944537,5.1964517,-1.171237,7.5851607,0.05193436,0.000000
99,2,0,0,0,0,0.425008,1.7409558,1.9978855,4.6862683,33.93495,-1.4991783,3.8345737,0.0012260355,0.000000
99,2,0,0,0,0,0.363408,1.8415016,1.9833155,4.602312,-28.551373,-1.2802246,-16.16015,-0.025213234,0.000000
99,2,0,0,0,0,0.273903,2.431674,2.5414865,5.538898,57.689777,-1.7289612,-34.740433,1.7998996,0.000000
100,2,0,0,0,0,0.720974,1.8230429,2.0113869,4.5083046,-48.94615,-0.96109843,-1.4502466,0.0053636124,0.000000
100,2,0,0,0,0,0.638808,1.4863863,1.8195186,4.3045087,-16.022142,-1.3085694,3.1196213,0.12724692,0.000000
100,2,0,0,0,0,0.635332,2.0273755,2.3596015,6.0085797,5.961403,-1.215388,7.437457,0.048595954,0.000000
100,2,0,0,0,0,0.578454,1.6336823,1.937206,4.3570995,34.28716,-1.5276425,3.8022423,-0.016288739,0.000000
100,2,0,0,0,0,0.287172,2.0173292,2.306773,5.5937176,-31.409935,-1.1033711,-16.280516,-0.013123097,0.000000
100,2,0,0,0,0,0.240499,2.7479153,2.6246471,5.8910756,55.460342,-1.815907,-34.70206,1.7794533,0.000000
100,2,0,0,0,0,0.226611,1.8808188,2.0678725,4.9057293,69.879456,-1.901667,-35.29993,0.015650626,0.000000
101,2,0,0,0,0,0.807691,1.4717942,1.8060027,4.2875648,-15.7289715,-1.2963119,3.1338654,0.05817604,0.000000
101,2,0,0,0,0,0.701360,1.8327193,2.0137386,4.541514,-48.944553,-1.0210836,-1.4114654,0.06640092,0.000000
101,2,0,0,0,0,0.501406,1.627587,1.9576912,4.419676,34.828476,-1.5571721,3.6914282,-0.015575333,0.000000
101,2,0,0,0,0,0.442511,2.0922008,2.3883522,5.9075437,6.6049385,-1.2086966,7.505464,0.031868458,0.000000
101,2,0,0,0,0,0.436261,2.6424084,2.521096,5.5336175,52.572144,-2.0645118,-34.586052,1.6297507,0.000000
101,2,0,0,0,0,0.277240,1.9189701,2.1472838,4.8617177,-33.578976,-1.0854287,-16.431215,-0.01393948,0.000000
102,2,0,0,0,0,0.778470,1.5028816,1.8612051,4.364852,-15.289063,-1.2945888,3.133019,0.0799757,0.000000
102,2,0,0,0,0,0.722616,1.8477885,2.0756626,4.5504007,-49.131855,-0.9308091,-1.2746853,-0.03972815,0.000000
102,2,0,0,0,0,0.649286,2.0037565,2.3413959,5.9601398,7.6322064,-1.2397394,7.4257994,0.040249538,0.000000
102,2,0,0,0,0,0.379650,1.7897302,2.0132613,4.793108,35.643433,-1.4471397,3.7607298,-0.051771574,0.000000
102,2,0,0,0,0,0.369739,2.0417476,2.2804987,5.5283036,-36.13168,-0.9595957,-16.630447,0.02922013,0.000000
102,2,0,0,0,0,0.300707,2.574339,2.4597328,5.534636,50.482952,-1.9299135,-34.727,1.6927265,0.000000
103,2,0,0,0,0,0.690257,1.5541449,1.8928064,4.342786,-14.847468,-1.2922163,3.1334753,0.09926961,0.000000
103,2,0,0,0,0,0.669544,1.8006334,2.0213926,4.539656,-48.908592,-1.0487742,-1.3976161,0.006026549,0.000000
103,2,0,0,0,0,0.527088,1.9342368,2.242054,5.2991304,8.000832,-1.3372347,7.5093284,-0.00012831725,0.000000
103,2,0,0,0,0,0.481162,1.6332302,1.9655638,4.434457,35.77459,-1.5529542,3.9499078,0.04419852,0.000000
103,2,0,0,0,0,0.279573,1.9703279,2.1636868,4.9899106,-38.384663,-1.0694357,-16.73078,0.08825615,0.000000
103,2,0,0,0,0,0.231326,1.4906392,1.8565193,4.3347964,45.72433,-2.1118221,-25.286928,2.0982552,0.000000
104,2,0,0,0,0,0.636472,2.1137013,2.3145459,5.6023006,8.896813,-1.182997,7.5327253,0.09447204,0.000000
104,2,0,0,0,0,0.549069,1.8451858,2.0458696,4.55062,-49.167934,-1.0330446,-1.4821953,-0.013065318,0.000000
104,2,0,0,0,0,0.523222,1.7033783,1.9812458,4.505677,36.201405,-1.4740179,3.6943674,-0.0712921,0.000000
104,2,0,0,0,0,0.455197,1.4767255,1.8096308,4.23287,-14.41898,-1.3361759,3.153997,0.18614891,0.000000
104,2,0,0,0,0,0.282918,2.3750749,2.336999,5.1868625,45.41264,-1.906913,-34.64207,1.626647,0.000000
104,2,0,0,0,0,0.216265,2.880643,2.7658582,6.567917,67.35135,-1.0846839,-17.04062,-0.074750654,0.000000
105,2,0,0,0,0,0.728234,1.5029697,1.7994895,4.1197395,-14.236285,-1.3233494,3.150943,0.100782864,0.000000
105,2,0,0,0,0,0.584464,1.8158677,2.059513,4.5640726,-49.07495,-1.0507337,-1.3807237,-0.09129236,0.000000
105,2,0,0,0,0,0.532400,2.1112332,2.333492,5.4433575,9.678167,-1.2232025,7.596732,0.11305206,0.000000
105,2,0,0,0,0,0.443413,1.7166297,1.995923,4.4665284,36.583347,-1.5132984,3.8044896,-0.0496627,0.000000
105,2,0,0,0,0,0.334094,2.1657176,2.2933004,4.9105506,42.871983,-2.1996233,-34.69645,1.5849173,0.000000
105,2,0,0,0,0,0.296743,2.13566,2.2447286,5.132433,-43.28697,-0.9635569,-16.62345,0.049716618,0.000000
105,2,0,0,0,0,0.258326,1.5778027,1.8965533,4.476325,44.354973,-2.136404,-26.601627,2.1473188,0.000000
105,2,0,0,0,0,0.214941,1.8277867,2.041243,4.6116705,10.690819,-1.919787,-10.318759,-0.1823372,0.000000
106,2,0,0,0,0,0.706285,1.4866937,1.7868645,4.1524515,-13.861851,-1.3076823,3.16446,0.09463537,0.000000
106,2,0,0,0,0,0.629334,1.7506413,1.995882,4.4832716,-49.12803,-1.0493227,-1.3721943,-0.022736669,0.000000
106,2,0,0,0,0,0.571697,2.0684843,2.394869,5.8805747,10.837826,-1.2415724,7.7225575,0.038233645,0.000000
106,2,0,0,0,0,0.484255,1.7937589,1.9976404,4.7473145,37.21613,-1.500271,3.6803653,-0.06560259,0.000000
106,2,0,0,0,0,0.361809,2.147423,2.2242203,5.554073,-45.924004,-0.97073257,-16.698542,-0.03862389,0.000000
106,2,0,0,0,0,0.330603,2.976437,2.7579503,6.593354,62.404232,-0.9895685,-16.960464,-0.092083395,0.000000
107,2,0,0,0,0,0.721369,1.5359933,1.8212197,4.223954,-13.365145,-1.3599557,3.2238932,0.11180861,0.000000
107,2,0,0,0,0,0.667287,1.7860396,2.0241334,4.5214987,-49.348434,-1.070339,-1.3939865,-0.06409399,0.000000
107,2,0,0,0,0,0.547226,1.6846142,1.9399868,4.478059,37.41955,-1.5747163,3.6542153,-0.099242955,0.000000
107,2,0,0,0,0,0.468054,2.0783682,2.282411,5.826377,11.622768,-1.3049703,7.5958424,0.024788324,0.000000
107,2,0,0,0,0,0.249738,2.0163684,2.166062,5.000895,-47.985214,-0.9936745,-16.821571,-0.06844663,0.000000
107,2,0,0,0,0,0.207760,3.0747452,3.0459218,7.3645577,60.40298,-1.1511507,-17.084618,-0.20142168,0.000000
108,2,0,0,0,0,0.676973,1.8164349,2.0318792,4.6447144,-49.116974,-1.085866,-1.3297431,-0.04149272,0.000000
108,2,0,0,0,0,0.631353,1.5232067,1.8407532,4.3248086,-13.0302925,-1.4176106,3.3097324,0.061017692,0.000000
108,2,0,0,0,0,0.582586,1.6895611,1.9649334,4.4574847,37.81858,-1.4619185,3.7758694,-0.052758858,0.000000
108,2,0,0,0,0,0.507527,2.0411873,2.3561275,5.7805576,12.525656,-1.2532406,7.7215376,0.0054773926,0.000000
108,2,0,0,0,0,0.340704,2.141462,2.2021823,5.452721,-50.75395,-0.98009765,-16.809885,-0.049517643,0.000000
108,2,0,0,0,0,0.264738,2.8619342,2.691042,6.358531,57.776237,-0.90799403,-17.17643,-0.12613732,0.000000
108,2,0,0,0,0,0.204886,1.529213,1.8736602,4.2409396,42.628696,-2.4032874,-26.791897,1.7336115,0.000000
109,2,0,0,0,0,0.728110,1.5097313,1.8507639,4.3717484,-12.660324,-1.423535,3.3033478,0.08761713,0.000000
109,2,0,0,0,0,0.655947,1.8715436,2.0842338,4.626836,-49.311897,-1.0309713,-1.344249,-0.03169595,0.000000
109,2,0,0,0,0,0.510204,2.1885233,2.3579576,5.9711504,13.455759,-1.2165704,7.5234237,-0.011679807,0.000000
109,2,0,0,0,0,0.468133,1.6922846,1.9718134,4.355313,38.246624,-1.50072,3.7188838,-0.058215316,0.000000
109,2,0,0,0,0,0.201226,1.9760871,2.1337452,4.9579787,-52.883,-0.9645157,-17.029537,0.025465563,0.000000
110,2,0,0,0,0,0.803231,1.5614996,1.8443499,4.3149633,-12.2549305,-1.3774681,3.2752788,0.05989017,0.000000
110,2,0,0,0,0,0.708594,1.8656883,2.0595987,4.5791125,-49.324944,-1.0520612,-1.2898185,-0.074345484,0.000000
110,2,0,0,0,0,0.562966,1.9384141,2.1843138,5.3128414,13.776842,-1.294721,7.691249,0.022758313,0.000000
110,2,0,0,0,0,0.485483,1.8199673,2.0229218,4.7991557,38.849777,-1.4589324,3.7451043,-0.052974436,0.000000
110,2,0,0,0,0,0.290107,2.7129378,2.5537605,6.0032783,52.65915,-1.073509,-17.459063,-0.15161219,0.000000
110,2,0,0,0,0,0.250783,2.2304742,2.2954302,5.8115063,-55.911213,-0.9792982,-16.875475,-0.005550583,0.000000
111,2,0,0,0,0,0.829058,1.5659299,1.8365328,4.242276,-11.942649,-1.3483896,3.3131194,0.032947086,0.000000
111,2,0,0,0,0,0.691268,1.7764287,2.0520048,4.391122,-49.45538,-0.980368,-1.1993587,-0.11606963,0.000000
111,2,0,0,0,0,0.593529,1.671739,1.9808056,4.4834,39.133766,-1.5338185,3.9024286,0.00085560867,0.000000
111,2,0,0,0,0,0.557165,1.6164675,1.9450184,4.4794745,14.238006,-1.5578758,7.3934455,-0.009832673,0.000000
111,2,0,0,0,0,0.309813,1.9572773,2.1701736,4.922969,-57.740578,-1.0595846,-16.910198,0.005258245,0.000000
112,2,0,0,0,0,0.745404,1.5808585,1.8418245,4.2100906,-11.517931,-1.3733425,3.3651996,0.011812359,0.000000
112,2,0,0,0,0,0.660363,1.8753967,2.0986612,4.49066,-49.525246,-0.89161634,-1.3052692,0.021525675,0.000000
112,2,0,0,0,0,0.608985,1.5666865,1.9206203,4.611955,14.929987,-1.6540194,7.504767,0.02817627,0.000000
112,2,0,0,0,0,0.593219,1.6295269,1.9579128,4.4339676,39.621,-1.5710329,3.7282577,-0.06488553,0.000000
112,2,0,0,0,0,0.323532,2.1143572,2.1898832,5.310537,-60.488243,-0.8236438,-16.924873,-0.017133994,0.000000
112,2,0,0,0,0,0.226639,2.93193,2.7452955,6.541929,48.012424,-0.9598348,-17.70622,-0.16033275,0.000000
113,2,0,0,0,0,0.752769,1.5209324,1.8158598,4.151427,-11.072662,-1.3723093,3.3982759,0.06401442,0.000000
113,2,0,0,0,0,0.720317,1.9093453,2.100056,4.546138,-49.42254,-0.89238197,-1.1937003,-0.07715892,0.000000
113,2,0,0,0,0,0.464190,1.6450082,1.9594202,4.3001604,39.9016,-1.5718422,3.8390715,-0.0048606107,0.000000
113,2,0,0,0,0,0.385501,1.5400325,1.8723733,4.125967,15.401868,-1.6292138,7.7712126,-0.022765286,0.000000
113,2,0,0,0,0,0.291087,1.4677004,1.7839676,3.924047,20.225431,-1.8033774,6.9681835,-0.04845575,0.000000
114,2,0,0,0,0,0.801591,1.5332239,1.8027931,4.165675,-10.9151325,-1.3579434,3.3248458,0.08001095,0.000000
114,2,0,0,0,0,0.769562,1.9127398,2.0487895,4.6356544,-49.36207,-0.9659519,-1.2604221,-0.04125518,0.000000
114,2,0,0,0,0,0.483627,1.4305006,1.8426621,4.359145,16.356333,-1.749789,7.4751587,-0.020756613,0.000000
114,2,0,0,0,0,0.460593,1.7020888,1.9738678,4.6633334,40.490936,-1.5943129,3.713484,-0.06803212,0.000000
114,2,0,0,0,0,0.332641,1.5572807,1.8982787,4.2481213,21.862383,-1.7023883,7.0837517,-0.0630613,0.000000
115,2,0,0,0,0,0.841380,1.5942883,1.8343351,4.243304,-10.448099,-1.3370324,3.3081043,0.020373445,0.000000
115,2,0,0,0,0,0.696876,2.0638182,2.1447487,4.6921954,-49.484673,-0.7909603,-1.2161974,0.001205407,0.000000
115,2,0,0,0,0,0.572785,1.6231756,2.0452263,5.3137913,18.431166,-1.7001281,7.4123707,-0.0724705,0.000000
115,2,0,0,0,0,0.555967,1.6399612,1.9705023,4.535312,40.854042,-1.6149225,3.8563516,-0.010120621,0.000000
115,2,0,0,0,0,0.293005,1.6415696,1.9219288,4.40493,66.5633,-1.5148066,-7.3638015,-0.14941773,0.000000
115,2,0,0,0,0,0.249305,1.7206271,1.9646308,4.565756,43.86794,-1.5072248,-4.3064537,-0.2570855,0.000000
115,2,0,0,0,0,0.201666,2.2124333,2.253622,5.6513057,-67.97341,-0.65257776,-17.249538,-0.040980965,0.000000
116,2,0,0,0,0,0.819483,1.5457721,1.837506,4.270034,-10.024212,-1.3763702,3.3840575,0.048730996,0.000000
116,2,0,0,0,0,0.703035,1.8594124,2.0350184,4.6460276,-49.466434,-0.9857553,-1.2076774,-0.05286147,0.000000
116,2,0,0,0,0,0.598024,1.5861055,1.9894459,4.642189,18.7853,-1.6273241,7.3934374,-0.004536101,0.000000
116,2,0,0,0,0,0.545075,1.6616673,1.9688348,4.4390864,41.30436,-1.5314397,3.7152345,-0.046685077,0.000000
117,2,0,0,0,0,0.706489,1.9213334,2.0916224,4.6245747,-49.538544,-0.93743384,-1.2749658,-0.028766412,0.000000
117,2,0,0,0,0,0.642189,1.5146112,1.8527181,4.2582583,-9.510242,-1.4207826,3.394641,0.05899396,0.000000
117,2,0,0,0,0,0.544933,1.6726141,2.0127618,4.9681377,19.479206,-1.5813193,7.5892296,0.117529474,0.000000
117,2,0,0,0,0,0.434701,1.8469515,2.04175,4.8674393,42.070084,-1.4437962,3.8791528,-0.046966963,0.000000
117,2,0,0,0,0,0.350464,1.7158732,1.9753182,4.723245,39.295414,-1.595286,-4.5526805,-0.17369276,0.000000
117,2,0,0,0,0,0.231451,1.6138879,1.8951846,4.292236,61.590965,-1.5238681,-7.3171234,-0.14347996,0.000000
118,2,0,0,0,0,0.806012,1.5476391,1.8753388,4.3950543,-9.3972025,-1.4232641,3.382699,0.044324126,0.000000
118,2,0,0,0,0,0.647245,1.7893553,2.0206525,4.61316,20.350521,-1.425043,7.7288465,0.12433668,0.000000
118,2,0,0,0,0,0.619335,1.8722936,2.0707066,4.6213903,-49.619232,-0.9722024,-1.178473,-0.09540109,0.000000
118,2,0,0,0,0,0.474395,1.7147422,1.9865896,4.6214795,42.226387,-1.6009785,3.8006628,-0.06542787,0.000000
118,2,0,0,0,0,0.282844,1.642848,1.9118563,4.1781445,59.14762,-1.5281053,-7.561225,-0.1834849,0.000000
119,2,0,0,0,0,0.835894,1.5856183,1.8871375,4.424864,-9.113829,-1.3876567,3.3548975,0.036125213,0.000000
119,2,0,0,0,0,0.804478,1.8239162,1.9887962,4.5167937,-49.40848,-1.0243539,-1.2407775,-0.009841115,0.000000
119,2,0,0,0,0,0.632379,1.7856549,1.994636,4.6311493,21.279478,-1.4225073,7.7384024,0.17039378,0.000000
119,2,0,0,0,0,0.593180,1.6640773,1.9563302,4.483523,42.658752,-1.5609396,3.7930927,-0.06193558,0.000000
119,2,0,0,0,0,0.386789,1.8407354,2.055458,4.621595,42.704926,-1.3857136,-12.218378,-0.10561206,0.000000
119,2,0,0,0,0,0.257875,1.6292629,1.9396155,4.364025,56.785145,-1.5363958,-7.406358,-0.3170275,0.000000
120,2,0,0,0,0,0.836224,1.576035,1.8612785,4.2934084,-8.708004,-1.3500407,3.398819,0.050664976,0.000000
120,2,0,0,0,0,0.725296,1.7365832,1.9927052,4.401648,-49.530193,-1.0227339,-1.2377021,-0.07227755,0.000000
120,2,0,0,0,0,0.600079,1.6196775,1.9357382,4.344123,22.110195,-1.5851583,7.4851103,0.021745216,0.000000
120,2,0,0,0,0,0.518360,1.652256,1.9508752,4.348162,43.03998,-1.6132922,3.8079085,-0.057282656,0.000000
120,2,0,0,0,0,0.296990,1.631129,1.9095244,4.1635847,54.333153,-1.549785,-7.6143775,-0.15044579,0.000000
120,2,0,0,0,0,0.229946,2.3726196,2.3247552,5.563304,40.663315,-1.0344205,-12.440342,0.14285487,0.000000
121,2,0,0,0,0,0.770202,1.556392,1.8434553,4.2416644,-8.3072,-1.394621,3.4238057,0.057244696,0.000000
121,2,0,0,0,0,0.691975,1.9066281,2.074802,4.6188154,-49.59246,-0.9726093,-1.2072492,-0.07125928,0.000000
121,2,0,0,0,0,0.588374,1.8721297,2.0795956,4.93984,23.033964,-1.3442318,7.764448,0.19985658,0.000000
121,2,0,0,0,0,0.391824,1.7581289,2.0073702,4.7544928,43.63067,-1.499596,3.8739579,-0.052857436,0.000000
121,2,0,0,0,0,0.346559,1.6074853,1.9039309,4.2658224,51.950954,-1.5688999,-7.628473,-0.27224123,0.000000
122,2,0,0,0,0,0.738033,1.9161217,2.0686762,4.6134977,-49.54011,-0.9621023,-1.2343484,-0.04196481,0.000000
122,2,0,0,0,0,0.734435,1.5332086,1.8891076,4.486472,-7.9133797,-1.448405,3.3539748,0.06968751,0.000000
122,2,0,0,0,0,0.519470,1.6175003,1.9576201,4.486222,23.8927,-1.5952111,7.4279428,0.070327856,0.000000
122,2,0,0,0,0,0.516177,1.6345263,1.9563916,4.471599,43.809853,-1.6377573,3.9236448,-0.03543409,0.000000
123,2,0,0,0,0,0.835219,1.5373602,1.866245,4.410634,-7.548789,-1.3961003,3.3908706,0.05355125,0.000000
123,2,0,0,0,0,0.763261,1.8503416,2.0282993,4.5014014,-49.442657,-1.0076967,-1.2259419,-0.017867243,0.000000
123,2,0,0,0,0,0.531141,1.6037215,1.9386522,4.4439683,44.081196,-1.6546073,3.817385,-0.1056585,0.000000
123,2,0,0,0,0,0.481772,1.6014218,2.045292,4.959841,25.361153,-1.6163074,7.5685344,-0.016477488,0.000000
123,2,0,0,0,0,0.237966,1.6437516,1.9064603,4.242694,47.15848,-1.5278437,-7.6333966,-0.3226152,0.000000
124,2,0,0,0,0,0.831401,1.5433391,1.883249,4.45477,-7.0459285,-1.412688,3.3949642,0.03547892,0.000000
124,2,0,0,0,0,0.722874,1.9163605,2.0566654,4.6756635,-49.501377,-0.95733905,-1.2450836,-0.05468268,0.000000
124,2,0,0,0,0,0.529735,2.0200653,2.1032512,4.956613,26.032236,-1.3711061,7.7455387,0.1489828,0.000000
124,2,0,0,0,0,0.461122,1.6570961,1.9604702,4.3463216,44.61502,-1.6020156,3.8299015,-0.044404585,0.000000
125,2,0,0,0,0,0.780382,1.5185885,1.873945,4.5405445,-6.7956314,-1.4136397,3.4247062,0.042256728,0.000000
125,2,0,0,0,0,0.736239,1.903369,2.0553017,4.635237,-49.570984,-0.949595,-1.2073802,-0.03285397,0.000000
125,2,0,0,0,0,0.570871,1.6134179,1.945436,4.3867564,26.643955,-1.6226503,7.7423697,0.10293881,0.000000
125,2,0,0,0,0,0.457045,1.7733042,2.0160372,4.757292,45.230873,-1.5113231,3.9697013,-0.05405516,0.000000
126,2,0,0,0,0,0.743571,1.9233463,2.043154,4.6288333,-49.433212,-0.96569455,-1.2231125,-0.055878177,0.000000
126,2,0,0,0,0,0.643857,1.5363367,1.8913436,4.4881134,-6.3101025,-1.4205556,3.4249961,0.07029545,0.000000
126,2,0,0,0,0,0.553771,1.5879415,1.9303414,4.367508,45.414288,-1.6300261,3.9713638,-0.024938913,0.000000
126,2,0,0,0,0,0.448590,1.7135692,2.030876,4.664766,27.676006,-1.4575559,7.6093225,-0.060365565,0.000000
126,2,0,0,0,0,0.243755,1.7560977,1.9817653,4.4309087,43.876877,-1.2828212,-12.532058,-0.21372703,0.000000
127,2,0,0,0,0,0.798894,1.5230656,1.8956681,4.585299,-6.081007,-1.4496031,3.4238057,0.070429265,0.000000
127,2,0,0,0,0,0.692107,1.8626611,2.0405705,4.627585,-49.59532,-0.9917592,-1.2820249,-0.049927954,0.000000
127,2,0,0,0,0,0.483450,1.6210432,1.9300305,4.3033752,28.266436,-1.519875,7.3639803,-0.014248228,0.000000
127,2,0,0,0,0,0.394524,1.6212751,1.9749401,4.5302706,45.78544,-1.621675,4.044779,0.06748545,0.000000
127,2,0,0,0,0,0.288334,1.7964263,2.0225074,4.4266787,41.115,-1.2680796,-12.001024,-0.008338619,0.000000
128,2,0,0,0,0,0.818944,1.5747914,1.911847,4.5570955,-5.678129,-1.3904712,3.4124527,0.05721028,0.000000
128,2,0,0,0,0,0.772414,1.9452338,2.0695457,4.5656385,-49.48441,-0.918576,-1.1376188,-0.033729844,0.000000
128,2,0,0,0,0,0.414752,1.648175,1.9609072,4.275795,46.30894,-1.5565175,3.9499154,-0.10887684,0.000000
128,2,0,0,0,0,0.313784,1.8227237,1.9765091,4.476118,39.185997,-1.6757972,-11.824324,0.17644715,0.000000
128,2,0,0,0,0,0.290970,1.5702574,1.9195558,4.3878446,29.174084,-1.5065376,7.495116,0.059443757,0.000000
129,2,0,0,0,0,0.798430,1.5655205,1.8855782,4.4212666,-5.2694674,-1.3851396,3.5037026,0.11350712,0.000000
129,2,0,0,0,0,0.659469,1.7749472,2.029889,4.54171,-49.563843,-1.0497264,-1.1472019,-0.063054286,0.000000
129,2,0,0,0,0,0.405068,1.6787686,1.9879318,4.63573,46.912067,-1.6076086,3.8572516,-0.12305203,0.000000
129,2,0,0,0,0,0.372017,1.6112999,1.930113,4.365249,29.594913,-1.5722468,8.647682,1.4688106,0.000000
129,2,0,0,0,0,0.244145,1.9163027,2.078673,4.74777,36.508553,-1.7669435,-11.859544,0.12833028,0.000000
129,2,0,0,0,0,0.204812,1.6251609,1.9218138,4.5804086,-45.647522,-1.9069694,-26.865715,0.19223443,0.000000
130,2,0,0,0,0,0.715020,1.862973,2.0629795,4.4587092,-49.574276,-0.96776783,-1.2107463,-0.05537977,0.000000
130,2,0,0,0,0,0.704537,1.5041736,1.8354306,4.3304696,-4.9593844,-1.4499376,3.4497323,0.08124914,0.000000
130,2,0,0,0,0,0.458359,1.539154,1.9314537,4.3801575,47.07401,-1.6795859,4.0318465,-0.11292136,0.000000
130,2,0,0,0,0,0.306639,1.6222827,1.9927735,4.505175,31.220263,-1.5551436,7.602439,-0.14272782,0.000000
130,2,0,0,0,0,0.254341,1.6237328,1.9557173,4.386621,34.824154,-3.3429964,-15.159375,1.9921526,0.000000
130,2,0,0,0,0,0.254166,2.0478444,2.1258628,4.908582,34.51322,-1.7704134,-12.059391,0.20009649,0.000000
131,2,0,0,0,0,0.803076,1.5221493,1.8961811,4.5584955,-4.6028996,-1.447075,3.4804296,0.07655203,0.000000
131,2,0,0,0,0,0.736223,1.812825,2.0177822,4.4697204,-49.525032,-0.97435343,-1.2604206,-0.015480393,0.000000
131,2,0,0,0,0,0.454468,1.5630484,1.9332166,4.3631554,47.557884,-1.7038522,3.9658377,-0.15235513,0.000000
131,2,0,0,0,0,0.367624,1.6820626,1.9875863,4.627924,32.398552,-1.4678504,7.5673203,-0.22615144,0.000000
131,2,0,0,0,0,0.215921,1.4499521,1.8460534,4.085202,33.158348,-2.8005366,-16.293242,-0.46301547,0.000000
132,2,0,0,0,0,0.818503,1.5475494,1.9023722,4.53612,-4.224667,-1.4004793,3.4696054,0.068021275,0.000000
132,2,0,0,0,0,0.772603,1.9777393,2.0439155,4.641579,-49.45584,-0.9170821,-1.2195315,-0.033065744,0.000000
132,2,0,0,0,0,0.378491,1.5465455,1.9096836,4.1986904,47.94284,-1.7443604,4.035775,-0.089134224,0.000000
132,2,0,0,0,0,0.345515,1.7670134,2.0249946,4.540293,33.36918,-1.5387316,7.6537,-0.265802,0.000000
133,2,0,0,0,0,0.791964,1.4986205,1.8643758,4.489759,-3.6395621,-1.4397156,3.4511433,0.00076475943,0.000000
133,2,0,0,0,0,0.694054,1.8051684,2.0372815,4.526284,-49.62041,-1.0339944,-1.1573071,-0.045224987,0.000000
133,2,0,0,0,0,0.399620,1.6674497,2.0050874,4.656211,48.533436,-1.600894,4.1824074,-0.10083203,0.000000
133,2,0,0,0,0,0.288073,1.8681629,1.9805207,4.4226646,-61.91163,-1.1569736,-11.699897,-0.1553842,0.000000
134,2,0,0,0,0,0.695705,1.5176215,1.8596988,4.4764886,-3.4055865,-1.4243381,3.4664001,0.008070495,0.000000
134,2,0,0,0,0,0.598827,1.7766638,1.9964571,4.5802307,-49.624813,-1.04432,-1.3181902,0.048484594,0.000000
134,2,0,0,0,0,0.428566,1.5400684,1.930889,4.4116373,48.728813,-1.6883836,4.1248465,-0.053412735,0.000000
135,2,0,0,0,0,0.774788,1.5075228,1.8686731,4.3855033,-3.0344017,-1.4442694,3.5008857,0.03089697,0.000000
135,2,0,0,0,0,0.685160,1.8642559,2.0756748,4.592325,-49.568703,-0.9744482,-1.1924078,-0.07079418,0.000000
135,2,0,0,0,0,0.355952,1.686018,1.9777207,4.4173503,49.277016,-1.5940113,4.0800486,-0.13952996,0.000000
135,2,0,0,0,0,0.269440,1.6378357,1.991158,4.492779,36.05466,-1.5325198,7.686555,-0.18617846,0.000000
136,2,0,0,0,0,0.837872,1.5408621,1.8634843,4.3491883,-2.6797347,-1.3943014,3.4669743,0.002934032,0.000000
136,2,0,0,0,0,0.651770,1.7981391,2.0017867,4.5629625,-49.5848,-1.0124741,-1.3853818,0.02836927,0.000000
136,2,0,0,0,0,0.262403,1.6149911,1.9420416,4.270528,49.531788,-1.6718554,4.118661,-0.11416954,0.000000
136,2,0,0,0,0,0.210777,1.6363921,1.9287783,4.438682,66.947044,-1.692765,-9.017317,-0.121442996,0.000000
136,2,0,0,0,0,0.207994,1.6328478,1.960593,4.8343034,35.644447,-1.8159037,-4.5475855,-0.115329295,0.000000
137,2,0,0,0,0,0.834438,1.5102439,1.8361664,4.2528887,-2.1707597,-1.4053383,3.5267897,0.029996775,0.000000
137,2,0,0,0,0,0.711090,1.8459358,2.0437498,4.574355,-49.571663,-1.0036436,-1.2523146,-0.020159248,0.000000
137,2,0,0,0,0,0.428480,1.6639627,1.9938748,4.6368937,50.191723,-1.6260784,4.130466,-0.121078335,0.000000
137,2,0,0,0,0,0.204066,1.7281475,1.9716644,4.250249,13.31451,-1.5696117,-9.772119,-0.46186256,0.000000
138,2,0,0,0,0,0.777470,1.5156666,1.8517038,4.365268,-1.871428,-1.4244473,3.5661588,-0.03378288,0.000000
138,2,0,0,0,0,0.692406,1.8881143,2.0744283,4.601742,-49.55615,-0.9794719,-1.2720039,-0.08791685,0.000000
138,2,0,0,0,0,0.311246,1.6001248,1.9719794,4.557701,50.32073,-1.6953892,4.2312884,-0.13947302,0.000000
138,2,0,0,0,0,0.305157,1.5627246,1.9036528,4.3460674,15.493885,-3.028091,-16.72105,2.0233674,0.000000
138,2,0,0,0,0,0.253004,1.8407621,2.0992424,4.707673,41.014244,-1.5414104,-16.643534,-0.4170318,0.000000
138,2,0,0,0,0,0.243723,1.664221,1.9257053,4.4371157,38.99753,-1.5260775,8.395884,0.11249501,0.000000
139,2,0,0,0,0,0.751765,1.4804311,1.8347546,4.2209826,-1.3876474,-1.4169853,3.6395395,0.060152456,0.000000
139,2,0,0,0,0,0.624515,1.8466291,2.0202994,4.5977583,-49.58113,-0.9956852,-1.4534018,0.043321516,0.000000
139,2,0,0,0,0,0.272841,1.6750412,1.9506202,4.4301033,50.887466,-1.6548953,4.334785,-0.19204567,0.000000
139,2,0,0,0,0,0.201312,1.6845452,1.973017,4.447544,39.532856,-1.6553562,8.71945,1.342632,0.000000
140,2,0,0,0,0,0.817667,1.4905286,1.8287709,4.2211633,-1.0552604,-1.4443537,3.5672784,0.10113941,0.000000
140,2,0,0,0,0,0.708604,1.8018548,2.0331404,4.41376,-49.601765,-0.9653677,-1.2317536,0.019925963,0.000000
140,2,0,0,0,0,0.222402,1.6422405,1.9084313,4.3908362,66.53704,-1.5829436,-7.419999,-0.07759375,0.000000
140,2,0,0,0,0,0.220092,1.6206163,1.9460027,4.2558913,51.12574,-1.6798818,4.0130696,-0.1652286,0.000000
140,2,0,0,0,0,0.209833,1.731369,2.0682952,4.822124,4.8556895,-1.4027524,-10.256105,1.8831086,0.000000
140,2,0,0,0,0,0.203979,1.62353,1.9528425,4.4024014,57.12825,-1.6890142,-9.9478035,-0.5259043,0.000000
140,2,0,0,0,0,0.203353,1.6474762,1.9193927,4.3426433,40.76791,-1.6324649,8.415962,0.06178116,0.000000
141,2,0,0,0,0,0.809328,1.5029593,1.8651981,4.410409,-0.6507797,-1.4632392,3.5394208,0.06836943,0.000000
141,2,0,0,0,0,0.709103,1.9899175,2.1053703,4.623281,-49.54262,-0.8257538,-1.2091746,0.00930403,0.000000
141,2,0,0,0,0,0.240044,1.706112,2.012734,4.783465,51.771233,-1.7592154,4.174297,-0.19860196,0.000000
141,2,0,0,0,0,0.215842,1.6906033,1.9365098,4.5395174,42.09893,-1.4702214,8.487457,-0.15397838,0.000000
141,2,0,0,0,0,0.212713,2.0131404,2.1625333,4.8503637,37.820705,-1.3713387,-15.161606,-0.40838993,0.000000
141,2,0,0,0,0,0.201339,1.6274297,1.8927629,4.166276,63.632046,-1.5698729,-7.611737,-0.0033917236,0.000000
142,2,0,0,0,0,0.756636,1.8949027,2.0690715,4.52488,-49.483467,-0.9462292,-1.1866043,-0.026490865,0.000000
142,2,0,0,0,0,0.717716,1.4790479,1.8179215,4.306898,-0.12000275,-1.4699535,3.5625417,0.0443087,0.000000
142,2,0,0,0,0,0.428168,1.5593605,1.9487667,4.513863,52.039806,-1.7684803,4.130308,-0.11698829,0.000000
142,2,0,0,0,0,0.406934,1.7614803,1.9651872,4.5468764,43.021008,-1.4893107,8.434212,-0.015830785,0.000000
142,2,0,0,0,0,0.290316,1.5573047,1.8351204,4.172529,61.502495,-1.6977255,-7.7322865,-0.17231427,0.000000
143,2,0,0,0,0,0.789018,1.4433763,1.8212668,4.2104783,0.15401411,-1.4581937,3.582964,0.054811593,0.000000
143,2,0,0,0,0,0.678357,1.9032167,2.1096654,4.548093,-49.550816,-0.8428594,-1.220668,-0.016853442,0.000000
143,2,0,0,0,0,0.323977,1.6470169,1.8681941,4.191291,58.81932,-1.5030792,-7.658203,-0.16663943,0.000000
143,2,0,0,0,0,0.237848,1.6820722,1.9594678,4.7350984,36.0591,-1.7364967,-4.420311,-0.1005423,0.000000
143,2,0,0,0,0,0.218599,1.6800256,1.9570936,4.6036515,50.17035,-1.7936113,-9.425928,-0.18109742,0.000000
144,2,0,0,0,0,0.838143,1.4347265,1.7980608,4.1707115,0.31606627,-1.4578369,3.6770487,0.008483553,0.000000
144,2,0,0,0,0,0.690532,1.8178205,2.0275123,4.5724144,-49.597397,-1.0275168,-1.2315032,-0.035283606,0.000000
144,2,0,0,0,0,0.292605,1.6222063,1.9354289,4.3366704,47.60833,-1.7458494,-10.027242,-0.46684858,0.000000
144,2,0,0,0,0,0.281444,1.6644211,1.9016223,4.4218493,56.615158,-1.5623776,-7.744325,-0.14207464,0.000000
144,2,0,0,0,0,0.259318,1.5846448,1.913974,4.1784286,52.81433,-1.6646814,4.244222,-0.18900818,0.000000
144,2,0,0,0,0,0.216922,1.6867042,1.9518247,4.392967,-5.68415,-1.4465483,-10.428487,1.4758039,0.000000
145,2,0,0,0,0,0.860919,1.466398,1.8159112,4.2070775,0.7199843,-1.4553201,3.732841,0.056721784,0.000000
145,2,0,0,0,0,0.716687,1.8315864,2.0500584,4.4228387,-49.561928,-0.91391253,-1.1749462,0.0053434004,0.000000
145,2,0,0,0,0,0.319502,1.620783,1.9764818,4.5810084,53.40158,-1.6191096,4.3320494,-0.13049819,0.000000
145,2,0,0,0,0,0.208374,1.8864098,1.9455805,4.3156915,54.111046,-1.1955473,-7.644337,-0.26265654,0.000000
146,2,0,0,0,0,0.790307,1.4420062,1.8173798,4.3405447,1.4030869,-1.5083995,3.8210096,0.15366516,0.000000
146,2,0,0,0,0,0.673025,1.7829721,2.039384,4.5723763,-49.52266,-1.0333726,-1.0628268,-0.06270919,0.000000
146,2,0,0,0,0,0.252984,1.9201831,2.0634222,4.5684977,52.0047,-1.2869339,-8.4061,-0.46676683,0.000000
146,2,0,0,0,0,0.252801,1.7155108,2.0339937,4.7723956,47.21724,-1.4544755,7.66535,-0.24155578,0.000000
146,2,0,0,0,0,0.248720,1.6357694,1.9563057,4.42696,53.673958,-1.6455843,4.410645,-0.122729234,0.000000
146,2,0,0,0,0,0.231003,1.6007116,1.9493618,4.3970923,42.55238,-1.8011312,-10.260685,-0.4998793,0.000000
147,2,0,0,0,0,0.719422,1.4519693,1.7893184,4.2209935,1.4896989,-1.4725266,3.7297978,0.08316005,0.000000
147,2,0,0,0,0,0.652992,1.753382,2.0267045,4.50029,-49.54568,-1.0610162,-1.1468894,-0.086188175,0.000000
147,2,0,0,0,0,0.239024,1.6775699,1.9484675,4.380271,54.213272,-1.6971774,4.3646555,-0.14932893,0.000000
147,2,0,0,0,0,0.222155,1.5876389,1.9053606,4.2313943,39.932373,-1.8920829,-10.183369,-0.34563503,0.000000
147,2,0,0,0,0,0.220571,1.8159533,2.0779426,5.049797,48.596813,-1.4334025,7.501626,-0.17915286,0.000000
148,2,0,0,0,0,0.701236,1.9148914,2.0836968,4.483766,-49.541336,-0.86548835,-1.1445293,-0.064898565,0.000000
148,2,0,0,0,0,0.641960,1.4455007,1.825461,4.259767,1.732239,-1.4792898,3.7078066,0.024415556,0.000000
148,2,0,0,0,0,0.319765,1.6144814,1.9629412,4.5181613,37.75799,-2.0256963,-10.3077,-0.36184934,0.000000
149,2,0,0,0,0,0.843447,1.4500403,1.8197696,4.24087,1.9526618,-1.4768035,3.6630616,0.013099013,0.000000
149,2,0,0,0,0,0.613916,1.7853179,2.0704217,4.5396357,-49.564632,-1.0348023,-1.1517868,-0.08840491,0.000000
149,2,0,0,0,0,0.271248,1.5799937,1.9643986,4.5656953,55.0945,-1.7357256,4.3587084,-0.15559463,0.000000
149,2,0,0,0,0,0.236332,1.5883483,1.8993024,4.3974304,35.04122,-2.0722375,-15.480711,2.306793,0.000000
149,2,0,0,0,0,0.209753,1.6474085,1.9121205,4.1846304,35.180496,-1.8613505,-10.159564,-0.2724069,0.000000
150,2,0,0,0,0,0.859466,1.4761251,1.8295476,4.255009,2.4848652,-1.4715111,3.6576595,0.019618358,0.000000
150,2,0,0,0,0,0.748189,1.9179144,2.0487452,4.6731753,-49.525734,-0.95809484,-1.2154379,-0.029525146,0.000000
150,2,0,0,0,0,0.282539,1.6536037,1.9358953,4.383308,55.619095,-1.7125769,4.1411104,-0.24362177,0.000000
150,2,0,0,0,0,0.203088,1.7441813,1.978602,4.383621,32.82089,-1.6528127,-10.158943,-0.4263063,0.000000
151,2,0,0,0,0,0.722907,1.9110957,2.0641026,4.666571,-49.41211,-0.9663845,-1.2033217,-0.07243254,0.000000
151,2,0,0,0,0,0.670212,1.4981803,1.8294162,4.372489,3.1246374,-1.4883957,3.6739674,0.003826085,0.000000
151,2,0,0,0,0,0.403081,1.6242199,1.9248732,4.3996916,28.360985,-2.8633928,-19.906118,-0.27390972,0.000000
151,2,0,0,0,0,0.281442,1.659946,1.9031284,4.3166733,39.152706,-1.6919159,-9.26617,-0.2804147,0.000000
151,2,0,0,0,0,0.267794,1.609916,1.9143187,4.1725025,56.034035,-1.7184672,4.3069067,-0.11709077,0.000000
152,2,0,0,0,0,0.815926,1.5334637,1.8812417,4.479225,3.500648,-1.4779831,3.70192,0.023527963,0.000000
152,2,0,0,0,0,0.755313,1.8397965,2.0006258,4.5830483,-49.3642,-0.99078083,-1.1843636,-0.024504943,0.000000
152,2,0,0,0,0,0.288525,1.7132692,1.989773,4.7396092,26.096024,-3.0428472,-20.109943,-0.30164486,0.000000
152,2,0,0,0,0,0.279263,1.663411,2.0095754,4.8181577,56.507755,-1.728539,4.2698092,-0.20860943,0.000000
153,2,0,0,0,0,0.836965,1.5452588,1.8745534,4.4310126,3.8186853,-1.4862661,3.6913486,0.009633609,0.000000
153,2,0,0,0,0,0.705461,1.7526834,1.9839821,4.5337477,-49.204548,-1.0427523,-1.1749003,-0.06538678,0.000000
153,2,0,0,0,0,0.319680,1.5693116,1.9688263,4.5373454,56.80664,-1.7374523,4.431436,-0.15800646,0.000000
154,2,0,0,0,0,0.827969,1.5119929,1.8623389,4.414335,4.269776,-1.53151,3.6954777,-0.014560416,0.000000
154,2,0,0,0,0,0.683932,1.8556175,2.025041,4.658879,-49.28574,-0.97097635,-1.2790362,-0.042928535,0.000000
154,2,0,0,0,0,0.292023,1.7068372,2.0207834,4.671243,32.095974,-1.7400255,-10.113659,-0.5417695,0.000000
155,2,0,0,0,0,0.723891,1.4681878,1.8352116,4.355397,4.525553,-1.6156086,3.6127121,-0.033167057,0.000000
155,2,0,0,0,0,0.713579,1.8084524,2.038964,4.6034675,-49.23182,-1.0101763,-1.1957998,-0.05507005,0.000000
155,2,0,0,0,0,0.246398,1.6164489,1.9146897,4.220805,57.670715,-1.7412441,4.383171,-0.12633245,0.000000
155,2,0,0,0,0,0.234790,2.284387,2.4497294,5.707526,-24.568676,-1.883084,-15.828525,0.77930206,0.000000
156,2,0,0,0,0,0.775296,1.492311,1.8478813,4.3156977,5.020603,-1.5617825,3.7021713,0.033774763,0.000000
156,2,0,0,0,0,0.736410,1.8461411,2.0515637,4.5718107,-49.248016,-1.0194985,-1.2516687,-0.06110428,0.000000
156,2,0,0,0,0,0.262557,1.6051859,1.8955568,4.1854134,55.510155,-1.486367,-5.4199953,-0.40198845,0.000000
156,2,0,0,0,0,0.218646,2.5794592,2.33638,5.6797895,-26.709402,-2.2982364,-15.722567,0.7339394,0.000000
