0,2,0,0,0,0,0.721662,1.8847449,2.0408292,4.5337033,-45.63276,-0.92975557,-0.26810613,-0.0375795,0.000000
0,2,0,0,0,0,0.483191,1.9247495,2.1772614,5.358396,26.237234,-1.3913236,7.9052324,0.035826895,0.000000
0,2,0,0,0,0,0.326246,1.4725485,1.8950438,4.054712,-3.8256502,-1.9300601,-35.144516,1.3916417,0.000000
0,2,0,0,0,0,0.268701,1.7934377,1.9866103,4.617087,68.28643,-1.4561003,3.640037,0.17386474,0.000000
0,2,0,0,0,0,0.220660,1.5722324,1.8700571,4.0991926,39.87015,-1.6538901,5.171089,0.059783205,0.000000
1,2,0,0,0,0,0.710677,1.7873282,2.0179422,4.4768515,-45.489456,-1.0119302,-0.31631342,-0.023707416,0.000000
1,2,0,0,0,0,0.457057,1.9503224,2.181256,5.2312174,26.405672,-1.3770076,7.8816013,0.015361396,0.000000
1,2,0,0,0,0,0.339111,1.6188979,1.9237568,4.5122986,40.50376,-1.6408947,5.216242,0.037441052,0.000000
1,2,0,0,0,0,0.250205,1.612711,1.9763162,4.473368,40.80413,-1.6163363,1.2791684,-0.22013433,0.000000
1,2,0,0,0,0,0.223437,1.6343582,1.9616388,4.4496093,-1.8684239,-1.626901,-34.73032,1.0835853,0.000000
1,2,0,0,0,0,0.223361,1.6379223,1.9574177,4.862508,35.760303,-1.7514906,14.658815,-0.0050599296,0.000000
1,2,0,0,0,0,0.204218,1.6859782,1.9122247,4.35792,62.050743,-1.640081,6.9443665,0.0656988,0.000000
1,2,0,0,0,0,0.201501,3.4816303,2.991662,19.627617,-58.51243,-0.06409502,14.1608,-0.012419949,0.000000
1,2,0,0,0,0,0.200277,1.7710631,1.9872699,4.497647,68.533745,-1.6660162,2.925284,-0.041702956,0.000000
2,2,0,0,0,0,0.669339,1.7807202,2.020273,4.545596,-45.542923,-1.0123408,-0.29478002,-0.11479494,0.000000
2,2,0,0,0,0,0.449788,1.8238571,2.0515385,4.696391,26.827955,-1.4313533,7.961375,-0.023872396,0.000000
2,2,0,0,0,0,0.435768,1.5887946,1.9282807,4.4860163,-14.659931,-2.5022259,-31.327366,1.1195929,0.000000
2,2,0,0,0,0,0.389760,1.5690699,1.8930081,4.3558846,40.844627,-1.65102,5.1481075,0.016212288,0.000000
2,2,0,0,0,0,0.220636,1.6805182,1.9588047,4.432177,41.20988,-1.6327258,1.2760942,-0.3293512,0.000000
2,2,0,0,0,0,0.204136,1.6398101,1.9493839,4.714857,35.67795,-1.75708,14.635055,-0.012939172,0.000000
2,2,0,0,0,0,0.201054,3.4544213,2.980696,19.421722,-58.528114,-0.060932994,14.124218,-0.012030056,0.000000
3,2,0,0,0,0,0.722074,1.8659647,2.0284455,4.5747833,-45.618202,-0.9599327,-0.40548706,-0.09164779,0.000000
3,2,0,0,0,0,0.474200,1.5266738,1.890461,4.351838,-17.520948,-2.4020405,-31.223675,1.4381258,0.000000
3,2,0,0,0,0,0.408360,1.9425507,2.1354153,4.9518275,27.222294,-1.2513865,8.217527,0.14170006,0.000000
3,2,0,0,0,0,0.300545,1.6427863,1.9037889,4.3387284,41.38918,-1.5872866,5.271141,0.057697963,0.000000
3,2,0,0,0,0,0.256215,1.7697616,1.994787,4.642804,63.169224,-1.5097497,6.9767623,0.20707923,0.000000
3,2,0,0,0,0,0.219018,1.6521312,1.9747124,5.1525245,34.510406,-1.7744732,14.656409,-0.02264847,0.000000
4,2,0,0,0,0,0.760489,1.769113,2.002997,4.4360876,-45.513985,-0.9700672,-0.43056798,-0.040947832,0.000000
4,2,0,0,0,0,0.431982,1.9603581,2.0283964,4.8947763,27.65629,-1.2835624,8.132542,0.11212097,0.000000
4,2,0,0,0,0,0.365324,1.5775747,1.9198949,4.408265,-20.523186,-2.461241,-31.293968,1.3858083,0.000000
4,2,0,0,0,0,0.287980,1.7033259,1.973342,4.745192,42.01731,-1.4806364,5.2812233,-0.051364366,0.000000
4,2,0,0,0,0,0.260723,1.664144,1.9162898,4.396225,63.247776,-1.6150744,6.884803,0.19448847,0.000000
4,2,0,0,0,0,0.233738,1.6417665,1.956505,4.9728584,34.20017,-1.7920285,14.611562,-0.0091589615,0.000000
4,2,0,0,0,0,0.216643,1.786129,1.9175735,4.268516,68.39058,-1.5630174,3.4649777,0.1874912,0.000000
5,2,0,0,0,0,0.714390,1.7057004,1.9887261,4.427505,-45.425385,-1.0118079,-0.39926958,-0.0036868695,0.000000
5,2,0,0,0,0,0.445137,1.9445653,2.0459692,4.876233,27.95811,-1.3032982,8.1642275,0.1149448,0.000000
5,2,0,0,0,0,0.349991,1.6674472,1.9449731,4.539153,42.199677,-1.5803485,5.2551727,-0.026530815,0.000000
5,2,0,0,0,0,0.263899,1.5331278,1.9013221,4.39555,-23.6775,-2.4300013,-31.438774,1.3238105,0.000000
5,2,0,0,0,0,0.247470,2.3217978,2.4773273,5.9031363,57.674263,-0.86964536,-21.191807,-0.42811698,0.000000
5,2,0,0,0,0,0.243738,1.7743363,1.9092923,4.242251,68.418106,-1.6478865,3.4572225,0.19445252,0.000000
5,2,0,0,0,0,0.225696,1.6640596,1.9474055,4.376093,42.64114,-1.5664088,1.2969105,-0.34559047,0.000000
5,2,0,0,0,0,0.217527,2.0636048,2.3162436,5.63533,44.51277,-1.2701433,-24.244877,-0.46076593,0.000000
5,2,0,0,0,0,0.201273,1.7411281,1.9619462,4.4627676,63.441597,-1.5714397,6.987999,0.17645481,0.000000
6,2,0,0,0,0,0.725048,1.7693295,1.9974744,4.4414277,-45.435257,-0.97686195,-0.539608,-0.038137496,0.000000
6,2,0,0,0,0,0.433619,1.9417152,2.119151,5.083651,28.508385,-1.3490962,8.17397,0.17036414,0.000000
6,2,0,0,0,0,0.391973,1.7369874,1.9464427,4.24032,58.35869,-1.262775,-21.249615,-0.28150892,0.000000
6,2,0,0,0,0,0.311851,1.5812211,1.9046491,4.370506,42.34102,-1.6445272,5.203198,-0.122558616,0.000000
6,2,0,0,0,0,0.210251,1.795326,1.9313638,4.2718935,68.48311,-1.5433264,3.5188837,0.18779668,0.000000
6,2,0,0,0,0,0.206140,1.7213326,1.8824325,4.193371,63.68647,-1.556365,6.81939,0.2827081,0.000000
7,2,0,0,0,0,0.745788,1.7849511,2.0046258,4.5888968,-45.399597,-0.97975683,-0.5584315,-0.05275733,0.000000
7,2,0,0,0,0,0.389341,1.897665,2.0854788,4.866241,28.831985,-1.3364452,8.299473,0.15034632,0.000000
7,2,0,0,0,0,0.283999,1.6727915,1.9120499,4.31581,42.803135,-1.6507697,5.2271805,-0.018270338,0.000000
7,2,0,0,0,0,0.264866,1.644021,1.9769673,4.416178,-29.429893,-3.0229707,-28.20121,1.6282339,0.000000
8,2,0,0,0,0,0.671495,1.8326843,2.051103,4.8132286,-45.271194,-0.9597509,-0.5238974,-0.09032887,0.000000
8,2,0,0,0,0,0.420905,1.860744,1.9954029,4.880346,29.276413,-1.3226982,8.2195015,0.09253075,0.000000
8,2,0,0,0,0,0.344866,1.6927977,1.964293,4.7022176,43.610435,-1.4884014,5.289815,-0.011188961,0.000000
8,2,0,0,0,0,0.243403,1.5957899,1.9312348,4.3809776,44.15201,-1.6121686,1.3249333,-0.3547978,0.000000
8,2,0,0,0,0,0.218704,1.6191126,1.9548682,5.039317,32.72917,-1.7953289,14.5899725,0.0075803506,0.000000
8,2,0,0,0,0,0.207717,1.5837393,1.9218352,4.399228,-31.47448,-2.8997183,-26.595654,1.3081379,0.000000
9,2,0,0,0,0,0.671101,1.8143971,2.0220904,4.784734,-45.255775,-1.0240207,-0.7387129,0.008009059,0.000000
9,2,0,0,0,0,0.409326,1.9259576,2.0439007,4.8805103,29.65723,-1.3041744,8.216133,0.15811402,0.000000
9,2,0,0,0,0,0.257867,1.5737962,1.9752407,4.5476,-34.89899,-2.6018374,-27.851725,1.3646479,0.000000
9,2,0,0,0,0,0.254048,1.6554914,1.9312388,4.504997,43.65718,-1.5770102,5.0684633,-0.12960017,0.000000
9,2,0,0,0,0,0.237150,1.6212687,1.9513724,4.9720755,32.66745,-1.7818838,14.582596,0.0020346805,0.000000
10,2,0,0,0,0,0.650761,1.8571506,2.1086152,4.9455957,-45.35273,-1.006506,-0.74652016,-0.038989726,0.000000
10,2,0,0,0,0,0.446350,1.9267902,2.1084123,5.0411987,30.094446,-1.3171446,8.265095,0.095028445,0.000000
10,2,0,0,0,0,0.364784,1.5937444,1.9039876,4.396754,43.988518,-1.6192575,5.145892,-0.015562203,0.000000
10,2,0,0,0,0,0.226145,1.885046,1.9414817,4.36247,70.22593,-1.3858782,3.5431588,0.12173622,0.000000
10,2,0,0,0,0,0.209469,1.6833509,2.0229545,4.6699605,45.40876,-1.5342352,1.2749728,-0.31516057,0.000000
10,2,0,0,0,0,0.207397,2.3280306,2.4446254,5.6863236,56.35386,-1.04263,-21.674253,1.3611851,0.000000
11,2,0,0,0,0,0.667153,1.820247,2.0431361,4.7201643,-45.255013,-0.95423573,-0.78986585,-0.0694025,0.000000
11,2,0,0,0,0,0.390859,1.9011993,2.116993,5.011004,30.439255,-1.349621,8.329287,0.13285947,0.000000
11,2,0,0,0,0,0.299488,1.6454272,1.9263693,4.3374305,44.40693,-1.6109374,5.249941,-0.031112563,0.000000
11,2,0,0,0,0,0.263395,1.6575165,1.9527245,4.2232766,-59.136177,-1.6727237,-29.786486,1.5645412,0.000000
11,2,0,0,0,0,0.217097,1.6048284,1.9748092,4.4917355,45.59571,-1.585529,1.3266866,-0.28112262,0.000000
11,2,0,0,0,0,0.210891,3.4300663,2.9914467,19.072784,-59.976852,-0.059339643,14.154888,0.05921137,0.000000
12,2,0,0,0,0,0.645319,1.8455462,2.048438,4.594127,-44.86914,-0.95767534,-0.7613996,-0.07374109,0.000000
12,2,0,0,0,0,0.498610,1.8623815,2.0354629,4.945436,30.91084,-1.3822353,8.347402,0.06954017,0.000000
12,2,0,0,0,0,0.353059,1.7372335,1.9837658,4.715261,45.234016,-1.4542868,5.2886496,-0.03919579,0.000000
13,2,0,0,0,0,0.633476,1.779845,2.0649085,4.4811363,-44.925453,-0.9786749,-0.76537836,-0.14286065,0.000000
13,2,0,0,0,0,0.482538,1.8650067,2.0270984,4.7973814,31.194448,-1.3793702,8.33836,0.13312756,0.000000
13,2,0,0,0,0,0.282756,2.2416687,2.4325652,5.808566,-61.623245,-1.3744292,-30.047054,1.7512236,0.000000
13,2,0,0,0,0,0.269888,1.738865,2.043227,4.588005,-65.02067,-1.4659662,-29.927206,1.455174,0.000000
13,2,0,0,0,0,0.239360,1.6587086,1.9415872,4.554628,45.249035,-1.5588119,5.155999,-0.16503718,0.000000
14,2,0,0,0,0,0.585997,1.8029821,2.070342,4.487238,-44.958096,-0.9690939,-0.7904017,-0.13692981,0.000000
14,2,0,0,0,0,0.536214,1.8537006,2.0706835,4.968918,31.696716,-1.3641558,8.383748,0.11661103,0.000000
14,2,0,0,0,0,0.364017,1.5802715,1.9195259,4.3768554,45.625786,-1.6374552,5.2549295,-0.08419594,0.000000
15,2,0,0,0,0,0.699674,1.7414501,2.0232706,4.480515,-44.60045,-1.1038055,-0.77918756,-0.09456852,0.000000
15,2,0,0,0,0,0.431210,1.9078836,2.077663,4.873668,32.019424,-1.3585266,8.350566,0.11156243,0.000000
15,2,0,0,0,0,0.311217,1.6496098,1.9186336,4.368945,46.102154,-1.6612155,5.18185,0.009033839,0.000000
15,2,0,0,0,0,0.205295,3.4016037,3.1305795,8.384128,-62.59414,-0.5244403,3.0219264,-0.122676805,0.000000
16,2,0,0,0,0,0.621122,1.8170336,2.0587795,4.643559,-44.84981,-0.98967314,-0.7779095,-0.1463518,0.000000
16,2,0,0,0,0,0.545358,1.9060134,2.0664518,5.0667934,32.49103,-1.3530827,8.443256,0.05827286,0.000000
16,2,0,0,0,0,0.303843,1.6156244,1.9805998,4.5251164,-55.062454,-2.172114,-25.02069,1.4151995,0.000000
16,2,0,0,0,0,0.213858,1.6102574,1.903542,4.2149177,46.2531,-1.7444898,5.234251,0.05215331,0.000000
17,2,0,0,0,0,0.654149,1.8814745,2.060278,4.6794825,-44.7977,-0.915529,-0.7360581,-0.09643166,0.000000
17,2,0,0,0,0,0.601208,1.8341789,2.0491977,4.9415684,32.861156,-1.4658638,8.431836,0.10485526,0.000000
17,2,0,0,0,0,0.377205,1.6279886,1.9348056,4.3997474,46.978592,-1.585791,5.247887,-0.14040215,0.000000
17,2,0,0,0,0,0.230124,1.6047834,1.9808936,4.390663,-63.75532,-1.8308346,-28.312965,1.6170497,0.000000
18,2,0,0,0,0,0.706340,1.8536272,2.0608287,4.6097083,-44.72763,-0.92425704,-0.869823,-0.070307,0.000000
18,2,0,0,0,0,0.578810,1.8954389,2.1344576,5.2081137,33.372402,-1.4124367,8.477579,0.06815535,0.000000
18,2,0,0,0,0,0.293044,1.6161026,1.9273583,4.480801,47.15264,-1.646291,5.2159705,-0.10688355,0.000000
19,2,0,0,0,0,0.670068,1.8237151,2.0741305,4.6216555,-44.644352,-0.9543413,-0.75785434,-0.11134357,0.000000
19,2,0,0,0,0,0.422602,1.9615067,2.1126764,4.9489193,33.59803,-1.3747435,8.498196,0.11986385,0.000000
19,2,0,0,0,0,0.274677,1.6394396,1.909441,4.284591,47.575848,-1.6208099,5.245326,-0.03605346,0.000000
20,2,0,0,0,0,0.666123,1.7739514,2.029508,4.5806665,-44.52834,-0.98032826,-0.80926144,-0.04578092,0.000000
20,2,0,0,0,0,0.568960,1.8323638,2.0313618,4.9566593,34.076637,-1.4345735,8.474699,0.05670142,0.000000
20,2,0,0,0,0,0.234650,1.5846057,1.8819997,4.105403,47.867813,-1.7337391,5.1886797,0.026914202,0.000000
20,2,0,0,0,0,0.217934,3.6134868,3.2323377,8.447462,-62.19962,-0.20215204,3.1713,-0.08165808,0.000000
21,2,0,0,0,0,0.754766,1.7951646,2.0245378,4.5030417,-44.43636,-0.9445889,-0.72006893,-0.07829632,0.000000
21,2,0,0,0,0,0.599559,1.8251319,2.0435064,4.9266615,34.40263,-1.5093442,8.482753,0.053520728,0.000000
21,2,0,0,0,0,0.302935,1.6701946,1.946722,4.548947,48.534733,-1.6515193,5.0677776,-0.0953011,0.000000
22,2,0,0,0,0,0.732144,1.8323593,2.0473654,4.570699,-44.52652,-0.925102,-0.74737835,-0.049982913,0.000000
22,2,0,0,0,0,0.591886,1.8068671,2.092402,5.1237206,35.019524,-1.4982641,8.570288,0.13413289,0.000000
22,2,0,0,0,0,0.413544,1.5769758,1.8876601,4.349131,48.834015,-1.6631112,5.088652,-0.05473872,0.000000
23,2,0,0,0,0,0.708674,1.8388879,2.0375683,4.570741,-44.345154,-0.94222057,-0.69910014,-0.0919562,0.000000
23,2,0,0,0,0,0.494788,1.8627095,2.087116,4.9432044,35.203075,-1.4660825,8.497888,0.1179625,0.000000
23,2,0,0,0,0,0.307313,1.6361971,1.910753,4.374928,49.18833,-1.7270148,5.174533,0.023920937,0.000000
23,2,0,0,0,0,0.241026,3.668391,3.1939278,8.324548,-61.86255,-0.1699208,3.1039095,-0.10927336,0.000000
24,2,0,0,0,0,0.693297,1.9832447,2.104413,4.7558813,-44.397385,-0.90302765,-0.7225975,-0.07521337,0.000000
24,2,0,0,0,0,0.537457,1.7981243,2.0332978,5.004148,35.70704,-1.533968,8.518983,0.114144176,0.000000
25,2,0,0,0,0,0.720183,1.853317,2.0500753,4.579698,-44.3638,-0.93232834,-0.6676923,-0.04878536,0.000000
25,2,0,0,0,0,0.607595,1.8093759,2.0677187,5.050845,36.088017,-1.5300126,8.520754,0.087217785,0.000000
25,2,0,0,0,0,0.307420,1.6023316,1.9155502,4.447343,50.12889,-1.7581483,5.040653,-0.088641584,0.000000
25,2,0,0,0,0,0.239459,1.6290112,1.8952025,4.1663637,58.798817,-1.4504981,-21.25797,-0.38481337,0.000000
25,2,0,0,0,0,0.215977,3.807067,3.3686147,8.609899,-61.66501,-0.24779513,3.2229815,-0.11364648,0.000000
26,2,0,0,0,0,0.672204,1.8003345,2.0503585,4.551205,-44.31072,-0.9631517,-0.75248384,-0.074665934,0.000000
26,2,0,0,0,0,0.583763,1.83458,2.1158078,5.1891165,36.586967,-1.5427983,8.579229,0.13368188,0.000000
26,2,0,0,0,0,0.271274,1.579001,1.9024146,4.3786693,50.42078,-1.7404245,5.16196,-0.053720623,0.000000
26,2,0,0,0,0,0.234643,3.4947827,3.1146483,8.167021,-61.460983,-0.20454499,3.3743997,-0.16813417,0.000000
26,2,0,0,0,0,0.217702,1.9090092,2.1213279,4.68401,58.839462,-1.136573,-20.191435,-0.15866911,0.000000
26,2,0,0,0,0,0.209685,1.6158895,1.9800503,4.5585413,52.09476,-1.5918622,1.3805659,-0.3106497,0.000000
27,2,0,0,0,0,0.707432,1.8752882,2.0628421,4.6319203,-44.327816,-0.92500746,-0.67219317,-0.05793401,0.000000
27,2,0,0,0,0,0.439504,1.8228896,2.0879662,5.012154,36.80692,-1.5545046,8.456003,0.12332592,0.000000
27,2,0,0,0,0,0.244916,1.6204462,1.9052287,4.305304,50.81713,-1.8413546,5.190684,0.0077218562,0.000000
27,2,0,0,0,0,0.203512,2.5597553,2.6935418,6.8087754,54.714058,-0.8584213,-21.959759,-0.53253,0.000000
27,2,0,0,0,0,0.203410,1.8435607,2.0143163,4.6093407,70.03661,-1.4303415,1.1761458,-0.05750095,0.000000
28,2,0,0,0,0,0.703790,1.8131127,2.0410447,4.5376697,-44.250267,-0.9395852,-0.6514665,-0.04163418,0.000000
28,2,0,0,0,0,0.513271,1.7904885,2.031671,4.992677,37.296623,-1.4894916,8.449,0.07303828,0.000000
28,2,0,0,0,0,0.244854,3.7156897,3.3594403,8.107334,-61.466434,-0.3567543,3.0890346,0.09124782,0.000000
29,2,0,0,0,0,0.736860,1.711483,2.0201201,4.509175,-44.09681,-1.0118746,-0.6158731,-0.055010736,0.000000
29,2,0,0,0,0,0.511825,1.8189957,2.04794,4.978197,37.646774,-1.4051185,8.329094,0.11051683,0.000000
29,2,0,0,0,0,0.268153,3.9010305,3.4615345,8.111398,-60.777336,-0.25193402,3.343411,-0.06887727,0.000000
29,2,0,0,0,0,0.250034,1.6405436,1.9267975,4.4676995,51.80613,-1.6670873,5.1159806,0.041566722,0.000000
29,2,0,0,0,0,0.232710,1.6616931,1.9182395,4.2692385,65.00764,-1.395128,-19.072706,-0.1469734,0.000000
30,2,0,0,0,0,0.635071,1.5846517,1.9217055,4.400501,-43.995094,-1.1748909,-0.5913627,-0.20370305,0.000000
30,2,0,0,0,0,0.446365,1.897707,2.1665335,5.284542,38.32507,-1.3912759,8.386091,0.15851967,0.000000
30,2,0,0,0,0,0.315459,1.6805706,1.9556937,4.296545,62.24732,-1.398799,-19.506418,-0.48051092,0.000000
30,2,0,0,0,0,0.217408,3.977446,3.4914804,8.464624,-60.70304,0.0037947893,3.3859477,-0.07442179,0.000000
31,2,0,0,0,0,0.741776,1.8182554,2.0137143,4.548078,-44.01661,-1.0009527,-0.85019773,0.08051505,0.000000
31,2,0,0,0,0,0.345715,1.8669472,2.1456501,5.068778,38.541958,-1.5964103,8.32566,0.11396623,0.000000
31,2,0,0,0,0,0.308761,1.846561,2.0141037,4.4249315,59.109833,-1.5359801,-19.43881,-0.4746762,0.000000
31,2,0,0,0,0,0.212036,3.9885025,3.5715835,8.738116,-60.8574,-0.11899638,3.3135822,-0.013046956,0.000000
31,2,0,0,0,0,0.202858,1.6316404,1.8956462,4.2504153,52.423218,-1.7914386,5.217934,0.023006894,0.000000
32,2,0,0,0,0,0.716624,1.8623236,2.0465767,4.5822916,-43.948425,-0.94675016,-0.6833166,-0.106275566,0.000000
32,2,0,0,0,0,0.424781,1.8121271,2.025852,5.0398192,39.0465,-1.3939323,8.3036,0.0964895,0.000000
32,2,0,0,0,0,0.337490,1.8339075,2.0442936,4.5794497,56.763706,-1.3408968,-19.678383,-0.2895801,0.000000
32,2,0,0,0,0,0.214696,4.1534414,3.6352181,8.867252,-60.94005,-0.14414907,3.3970404,-0.1206138,0.000000
33,2,0,0,0,0,0.721089,1.7401872,2.0162473,4.4674444,-44.043148,-1.0389724,-0.8621018,-0.11483075,0.000000
33,2,0,0,0,0,0.482688,1.8013237,1.9969108,4.781894,39.196068,-1.5409125,8.254653,0.12851676,0.000000
33,2,0,0,0,0,0.397543,2.0624857,2.1033607,4.6962724,53.72486,-0.958745,-19.818588,-0.31529906,0.000000
33,2,0,0,0,0,0.257944,4.1166596,3.5511863,8.4903145,-60.458534,-0.11975956,3.3844967,-0.19413781,0.000000
33,2,0,0,0,0,0.203519,1.595779,1.901487,4.1220236,54.41848,-1.6364229,1.1630327,-0.2137658,0.000000
34,2,0,0,0,0,0.731950,1.874173,2.042947,4.5662675,-43.937492,-0.91495466,-0.69575465,-0.09931606,0.000000
34,2,0,0,0,0,0.313809,1.8881345,2.1881385,5.423317,39.828476,-1.4157428,8.240224,0.15402709,0.000000
34,2,0,0,0,0,0.250908,3.9629025,3.4571595,8.396307,-60.228165,-0.16827372,3.4359365,-0.14351329,0.000000
34,2,0,0,0,0,0.224356,1.7571049,1.9711426,4.403424,54.117256,-1.5972875,4.421624,-0.21333814,0.000000
35,2,0,0,0,0,0.666376,1.8538,2.0227132,4.5860157,-44.107616,-0.92230237,-0.9086479,-0.07398133,0.000000
35,2,0,0,0,0,0.376663,1.8613296,2.1120298,4.9515953,40.104202,-1.5360372,8.373907,0.079172045,0.000000
36,2,0,0,0,0,0.726246,1.975152,2.0629144,4.692414,-44.045948,-0.8777442,-0.9298307,0.007106614,0.000000
36,2,0,0,0,0,0.425691,1.8513141,2.0309966,5.040216,40.562542,-1.488986,8.28369,0.069658935,0.000000
36,2,0,0,0,0,0.229577,1.9977951,2.1713943,5.1721997,58.997883,-1.109109,-21.433119,-0.39241245,0.000000
36,2,0,0,0,0,0.226615,1.6096383,1.9415029,4.3509502,55.289787,-1.5838346,0.8536708,-0.34960732,0.000000
36,2,0,0,0,0,0.216331,3.7882411,3.316881,8.858095,-60.51741,-0.16183388,3.1622791,0.00889519,0.000000
37,2,0,0,0,0,0.711018,1.8066843,1.9887016,4.521674,-44.05231,-0.94552314,-0.9204664,-0.08189648,0.000000
37,2,0,0,0,0,0.434409,1.8444941,2.038881,4.9933977,40.69966,-1.4908873,8.191446,0.0842343,0.000000
37,2,0,0,0,0,0.281290,1.6125269,1.909532,4.3578305,55.179756,-1.7704778,5.0693707,0.023149375,0.000000
37,2,0,0,0,0,0.204000,3.6886735,3.2375867,9.00051,-60.509804,-0.2167046,3.119842,0.032393787,0.000000
38,2,0,0,0,0,0.726893,1.6819363,1.9781182,4.401611,-44.07073,-1.0316721,-0.9339457,-0.012341421,0.000000
38,2,0,0,0,0,0.388583,1.803272,2.0401645,4.9536886,41.21195,-1.4622811,8.174562,0.049642242,0.000000
38,2,0,0,0,0,0.263095,1.6668375,1.9195821,4.33023,55.50007,-1.7125871,5.2174177,0.010609317,0.000000
38,2,0,0,0,0,0.258464,4.6129427,3.838029,9.597748,-60.692383,0.022022486,3.13908,-0.07768209,0.000000
39,2,0,0,0,0,0.780177,1.8977914,2.0590396,4.594653,-44.38279,-0.9336715,-1.117419,0.054429978,0.000000
39,2,0,0,0,0,0.379977,1.870056,2.1175308,5.073764,41.508556,-1.4909968,8.2016115,0.14486974,0.000000
39,2,0,0,0,0,0.216256,1.623292,1.8847666,4.1476135,55.82998,-1.8324676,5.1648283,0.054427583,0.000000
40,2,0,0,0,0,0.757103,1.9455328,2.051046,4.7791233,-44.388245,-0.9046533,-1.0571837,-0.041917793,0.000000
40,2,0,0,0,0,0.370268,1.754837,2.0003884,5.0270753,42.14956,-1.4679558,8.227192,0.060142208,0.000000
40,2,0,0,0,0,0.262098,1.6548125,1.9372537,4.513448,56.576305,-1.6865757,5.1070704,-0.14535066,0.000000
41,2,0,0,0,0,0.742116,1.747479,2.0078518,4.558841,-44.340385,-1.0318336,-1.1552479,0.004052562,0.000000
41,2,0,0,0,0,0.436247,1.8071222,2.004192,4.8898396,42.275875,-1.472796,8.182353,0.13957745,0.000000
41,2,0,0,0,0,0.255250,2.1734433,2.2495189,5.0556436,53.97808,-1.0790563,-23.06622,-0.46999562,0.000000
42,2,0,0,0,0,0.798779,1.8029675,1.9942906,4.550513,-44.16417,-1.0088086,-1.1631753,0.015735144,0.000000
42,2,0,0,0,0,0.432131,1.7500618,2.0031726,4.8032517,42.760864,-1.4661336,8.227739,0.12595406,0.000000
42,2,0,0,0,0,0.211946,2.827271,2.8353877,6.9216995,51.25241,-0.7747154,-23.318443,-0.5762598,0.000000
42,2,0,0,0,0,0.209680,4.0008307,3.4411938,9.727048,-59.9899,-0.274766,2.8544512,-0.11178096,0.000000
42,2,0,0,0,0,0.206447,1.6717563,1.9053733,4.272513,57.123306,-1.6186748,5.246202,-0.022345785,0.000000
43,2,0,0,0,0,0.781783,1.9630902,2.0978515,4.625981,-44.505257,-0.9246527,-1.1763119,-0.006175575,0.000000
43,2,0,0,0,0,0.460150,1.7101612,1.9955304,4.77596,42.9937,-1.5372238,8.276852,0.057668038,0.000000
43,2,0,0,0,0,0.213159,1.7566186,1.9464462,4.3385983,70.537605,-1.6485195,0.70564353,0.053207785,0.000000
43,2,0,0,0,0,0.204070,4.200694,3.4948182,10.835818,-60.342606,-0.24979591,3.1084557,-0.17068575,0.000000
44,2,0,0,0,0,0.790279,1.9513904,2.0602415,4.6478534,-44.53101,-0.922427,-1.2379504,-0.0140823275,0.000000
44,2,0,0,0,0,0.334046,1.6994433,2.0223923,4.729886,43.34042,-1.5025849,8.304787,0.21222675,0.000000
44,2,0,0,0,0,0.232404,3.6069584,3.1965032,8.706831,-59.060127,-0.30049226,2.8327963,-0.15414158,0.000000
45,2,0,0,0,0,0.736304,2.0137625,2.0662427,4.764121,-44.627525,-0.87584066,-1.3295534,0.04618548,0.000000
45,2,0,0,0,0,0.430736,1.7701294,1.9899701,4.8595686,43.831367,-1.5260082,8.280386,0.11955052,0.000000
45,2,0,0,0,0,0.233030,3.4563336,3.2185946,10.032625,-59.6305,-0.40167883,2.5597465,-0.014539575,0.000000
46,2,0,0,0,0,0.730754,2.0285044,2.0837848,4.7639465,-44.728546,-0.86625206,-1.2327855,-0.073916614,0.000000
46,2,0,0,0,0,0.431647,1.7498503,2.0667474,4.997142,44.065216,-1.4985471,7.9589977,0.063927405,0.000000
46,2,0,0,0,0,0.220276,3.8365626,3.2335124,10.467249,-59.64682,-0.14114928,2.68225,-0.071337014,0.000000
47,2,0,0,0,0,0.717488,1.9930954,2.049813,4.787123,-44.773117,-0.86859727,-1.3583064,-0.028499207,0.000000
47,2,0,0,0,0,0.452929,1.7116767,2.008331,4.854566,44.457855,-1.5122538,8.264418,0.060992673,0.000000
48,2,0,0,0,0,0.720775,1.9050906,2.056679,4.6923184,-44.76025,-0.9224082,-1.3289382,-0.022991199,0.000000
48,2,0,0,0,0,0.411807,1.7172819,2.0247014,4.801214,44.837963,-1.4603856,8.287723,0.10345547,0.000000
49,2,0,0,0,0,0.603054,1.8721812,2.0573735,4.504257,-44.854774,-0.9427837,-1.4004877,0.02615811,0.000000
49,2,0,0,0,0,0.421641,1.8005655,2.0175092,5.088453,45.44453,-1.4414762,8.140518,0.096634544,0.000000
49,2,0,0,0,0,0.201341,1.6487703,1.9076742,4.353731,60.228134,-1.673837,5.2091146,-0.115730084,0.000000
50,2,0,0,0,0,0.594196,1.768199,2.0084434,4.477222,-44.861668,-1.0111892,-1.3235403,-0.013430135,0.000000
50,2,0,0,0,0,0.436898,1.7526932,2.002571,4.9246597,45.589363,-1.5164832,8.15703,0.1291702,0.000000
51,2,0,0,0,0,0.576816,1.7923195,1.9684641,4.4054623,-44.923195,-0.96843696,-1.4743178,0.085164055,0.000000
51,2,0,0,0,0,0.436657,1.7908077,2.0892801,5.107053,46.225586,-1.4481456,8.235784,0.08373083,0.000000
52,2,0,0,0,0,0.626926,1.9561062,2.0398645,4.748571,-45.226143,-0.8980671,-1.3597133,-0.080061406,0.000000
52,2,0,0,0,0,0.421440,1.6866068,1.9723693,4.6283774,46.429012,-1.5014813,8.253708,0.16237375,0.000000
53,2,0,0,0,0,0.555566,1.8193889,2.0035381,4.636544,-45.30993,-1.0244057,-1.4670599,0.06047942,0.000000
53,2,0,0,0,0,0.440833,1.8000041,2.0116048,4.924697,47.01198,-1.4366689,8.315931,0.09455459,0.000000
54,2,0,0,0,0,0.668893,1.9703228,2.0403802,4.6685586,-45.322975,-0.9016894,-1.4346035,-0.026560761,0.000000
54,2,0,0,0,0,0.468995,1.7500463,2.0153441,4.9551234,47.25218,-1.5745847,8.209213,0.14873274,0.000000
54,2,0,0,0,0,0.239332,3.680952,3.1661973,9.047136,-57.743744,-0.08838144,2.846449,0.06470818,0.000000
55,2,0,0,0,0,0.690157,1.7862544,1.9961214,4.5579414,-45.516613,-1.0032554,-1.4321527,-0.01820369,0.000000
55,2,0,0,0,0,0.480468,1.7319328,2.0231724,4.8707,47.652527,-1.4915109,8.271012,0.1303545,0.000000
56,2,0,0,0,0,0.621333,1.9067055,2.0598981,4.654541,-45.534058,-0.93233687,-1.4173203,0.01599272,0.000000
56,2,0,0,0,0,0.469858,1.7712431,2.0570133,4.9003305,48.032192,-1.4859638,8.374456,0.12914293,0.000000
57,2,0,0,0,0,0.664472,1.8313596,2.0238893,4.6067095,-45.72412,-1.0384573,-1.4721048,-0.0067137657,0.000000
57,2,0,0,0,0,0.451658,1.7444649,1.9895289,4.9981,48.460804,-1.4814615,8.339407,0.121114396,0.000000
58,2,0,0,0,0,0.660946,1.9915282,2.0708377,4.722229,-45.81858,-0.92346054,-1.4533818,-0.064335205,0.000000
58,2,0,0,0,0,0.618132,1.694787,1.9872411,4.8601046,48.722404,-1.6171441,8.377102,0.1337526,0.000000
58,2,0,0,0,0,0.225867,4.0592594,3.4582238,9.165355,-57.641674,-0.10914993,2.8363893,0.062196877,0.000000
59,2,0,0,0,0,0.532257,1.9507982,2.0924547,4.699142,-45.920982,-0.95149755,-1.5043464,-0.01867815,0.000000
59,2,0,0,0,0,0.482088,1.7903279,2.1013696,5.1753235,49.273476,-1.5701866,8.409029,0.18503182,0.000000
60,2,0,0,0,0,0.646240,1.8072221,2.04816,4.5501056,-46.02208,-1.040132,-1.5026546,-0.041941315,0.000000
60,2,0,0,0,0,0.437625,1.7719073,2.0694115,4.99533,49.641888,-1.5819118,8.417676,0.14347424,0.000000
61,2,0,0,0,0,0.489501,1.7521347,2.008019,4.984276,50.088905,-1.518368,8.478622,0.10770334,0.000000
61,2,0,0,0,0,0.452081,2.0173974,2.103929,4.7548113,-46.171024,-0.8614681,-1.7205644,0.029307336,0.000000
62,2,0,0,0,0,0.658636,1.7775447,2.0265932,4.4600043,-46.11199,-1.0192937,-1.4779037,-0.10314992,0.000000
62,2,0,0,0,0,0.537060,1.7514522,2.0057096,4.9055104,50.336243,-1.6745204,8.497887,0.08033292,0.000000
63,2,0,0,0,0,0.531483,1.8367221,2.1127176,5.1606817,50.891052,-1.5645249,8.534282,0.06552057,0.000000
63,2,0,0,0,0,0.487733,1.9163423,2.0871093,4.6150966,-46.271675,-0.9380505,-1.5064998,-0.07969365,0.000000
64,2,0,0,0,0,0.509289,1.8989809,2.0315638,4.7180114,-46.469166,-0.8833312,-1.7631965,-0.013114832,0.000000
64,2,0,0,0,0,0.435999,1.8408561,2.0899763,4.928388,51.247215,-1.5870955,8.526867,0.063237295,0.000000
65,2,0,0,0,0,0.529489,1.766686,1.9971029,4.557247,-46.507156,-1.0040984,-1.8099821,0.012136025,0.000000
65,2,0,0,0,0,0.377210,1.7693611,2.0370288,4.81163,51.298424,-1.4950731,8.486908,0.12092415,0.000000
66,2,0,0,0,0,0.539921,1.7483363,1.9963148,4.4522734,-46.56507,-0.950325,-1.7911868,0.045022056,0.000000
66,2,0,0,0,0,0.488064,1.7840854,2.0239656,4.9211316,51.686527,-1.4929628,8.760479,0.055552598,0.000000
67,2,0,0,0,0,0.580792,1.9842927,2.0979376,4.7946954,-46.874363,-0.9226705,-1.8744715,0.007844798,0.000000
67,2,0,0,0,0,0.575179,1.7409791,1.9911748,4.8524756,51.967705,-1.5854712,8.632517,0.07405503,0.000000
68,2,0,0,0,0,0.565840,1.8142962,2.0811405,4.9894567,52.423847,-1.5104787,9.046374,0.046570763,0.000000
68,2,0,0,0,0,0.562059,1.7593257,1.9923267,4.6140666,-46.85673,-1.041081,-1.8900061,0.06844174,0.000000
69,2,0,0,0,0,0.643854,1.7758029,2.0250125,4.4091763,-46.88178,-0.9230925,-1.9238942,0.016901452,0.000000
69,2,0,0,0,0,0.453603,1.842401,2.088932,5.0243382,53.012974,-1.4419112,8.8813,0.033114534,0.000000
70,2,0,0,0,0,0.750624,1.9378929,2.0546072,4.60329,-47.006413,-0.9043052,-2.0108442,-0.046951827,0.000000
70,2,0,0,0,0,0.525195,1.7511058,2.0105033,4.8688765,53.264668,-1.5197904,9.121304,0.022453075,0.000000
71,2,0,0,0,0,0.760447,1.823911,2.0175102,4.4491377,-47.103607,-0.9194908,-1.9150586,-0.009509583,0.000000
71,2,0,0,0,0,0.500048,1.8440299,2.1000142,5.1299973,53.51732,-1.6060641,9.086032,0.07897943,0.000000
71,2,0,0,0,0,0.208640,1.5446782,1.8946245,4.305689,-3.687252,-1.3901602,-33.285614,1.346447,0.000000
72,2,0,0,0,0,0.756333,1.7689474,2.0084052,4.440583,-47.237892,-1.0155257,-1.9643371,0.04655523,0.000000
72,2,0,0,0,0,0.624876,1.7583088,2.0483425,4.907611,54.048626,-1.496517,9.031045,0.025818827,0.000000
73,2,0,0,0,0,0.635487,1.7934883,2.032411,4.541743,-47.40385,-1.0421784,-1.929035,0.029260453,0.000000
73,2,0,0,0,0,0.418217,1.8597773,2.12835,5.067993,54.48488,-1.487793,9.379781,0.046676677,0.000000
74,2,0,0,0,0,0.660886,1.9130502,2.1071389,4.6063466,-47.600845,-0.96552825,-1.8946278,-0.03353952,0.000000
74,2,0,0,0,0,0.470814,1.7863061,2.0325906,4.921917,54.839344,-1.4521984,9.193665,0.030369498,0.000000
75,2,0,0,0,0,0.562008,1.7005088,1.9989821,4.6536546,-47.628654,-1.0312802,-2.0744886,0.08755214,0.000000
75,2,0,0,0,0,0.524292,1.8354447,2.068448,5.0456033,55.035614,-1.5845529,9.208431,-0.004191141,0.000000
76,2,0,0,0,0,0.638852,1.9044776,2.0900736,4.602308,-47.88058,-0.92581725,-1.9910011,0.04766801,0.000000
76,2,0,0,0,0,0.461851,1.8665892,2.1323283,5.187569,55.566933,-1.5855386,9.330019,0.062180925,0.000000
77,2,0,0,0,0,0.666459,1.8808224,2.090815,4.556247,-47.86305,-0.8679254,-1.9601256,0.031508505,0.000000
77,2,0,0,0,0,0.530423,1.8331991,2.0584946,4.8234663,56.077667,-1.461148,9.249919,-0.00600011,0.000000
78,2,0,0,0,0,0.560821,1.716419,1.96167,4.5773554,-47.966984,-1.0594132,-1.8918636,-0.0141586345,0.000000
78,2,0,0,0,0,0.417965,1.7582073,1.9705622,4.540657,56.15542,-1.6373234,9.308982,-0.023369646,0.000000
79,2,0,0,0,0,0.686503,1.8276689,2.0508866,4.4566965,-48.002953,-0.8927101,-1.9109738,0.06960806,0.000000
79,2,0,0,0,0,0.485101,1.8260988,2.0738451,5.0447426,56.54455,-1.4886329,9.313995,0.014234679,0.000000
80,2,0,0,0,0,0.589854,1.8325511,2.041439,4.4414835,-48.07689,-0.8518028,-1.8522282,0.073449515,0.000000
80,2,0,0,0,0,0.518099,1.7987927,2.0847604,5.060118,56.91307,-1.5436931,9.317227,0.06248375,0.000000
80,2,0,0,0,0,0.226309,1.9320796,2.1279762,4.890844,57.58595,-1.3192186,-19.649635,-0.5618347,0.000000
81,2,0,0,0,0,0.512450,1.7905948,2.093859,4.9685693,57.263916,-1.4561204,9.448161,0.02699869,0.000000
81,2,0,0,0,0,0.507681,1.851074,2.135223,5.0024242,-48.48783,-0.9820682,-1.8440707,-0.009445304,0.000000
81,2,0,0,0,0,0.225268,2.2290502,2.3236547,5.3523097,54.628845,-1.4018071,-19.682331,-0.47048748,0.000000
82,2,0,0,0,0,0.592909,1.728892,2.014822,4.265797,-48.13759,-0.9446409,-1.9486978,0.10184145,0.000000
82,2,0,0,0,0,0.302407,1.8825394,2.0954378,4.8854575,57.745964,-1.4619901,9.352097,-0.027534071,0.000000
83,2,0,0,0,0,0.530988,1.6630714,1.9714711,4.1127462,-48.232243,-0.96034515,-1.8555461,0.018958531,0.000000
83,2,0,0,0,0,0.469235,1.8125944,2.0668788,5.0257144,58.126656,-1.5364093,9.301881,0.029697087,0.000000
84,2,0,0,0,0,0.674304,1.6350545,1.9548054,4.21394,-48.587482,-0.975173,-1.9288918,0.050995972,0.000000
84,2,0,0,0,0,0.413213,1.8515615,2.1224022,5.145046,58.453094,-1.4604743,9.465145,0.011297796,0.000000
85,2,0,0,0,0,0.646069,1.6483223,1.9646564,4.24481,-48.633217,-0.9748968,-1.8405123,0.014774839,0.000000
85,2,0,0,0,0,0.472672,1.7462267,2.0778852,4.9779277,58.803616,-1.5333416,9.355563,0.057941098,0.000000
86,2,0,0,0,0,0.683634,1.8102093,2.022861,4.4399247,-48.80709,-0.9095712,-1.8823231,-0.006893643,0.000000
86,2,0,0,0,0,0.368971,1.8055527,2.0460992,4.72018,59.240932,-1.6610261,9.447853,-0.018980555,0.000000
87,2,0,0,0,0,0.725660,1.8175635,2.018873,4.440865,-48.779102,-0.92626214,-1.8940508,0.06467894,0.000000
87,2,0,0,0,0,0.368284,1.7647388,2.0680811,5.022206,59.799137,-1.4573274,9.501158,-0.010615515,0.000000
88,2,0,0,0,0,0.718863,1.8351247,2.0472393,4.4853315,-48.987923,-0.9169408,-1.8596635,0.023248129,0.000000
88,2,0,0,0,0,0.369278,1.8279948,2.121886,5.1671314,59.96427,-1.6155527,9.637537,0.15144823,0.000000
88,2,0,0,0,0,0.274093,1.6481667,1.9240087,4.2954307,50.875034,-1.6263251,-5.192626,-0.33278126,0.000000
89,2,0,0,0,0,0.672700,1.6848267,1.9984902,4.2891574,-48.997894,-0.9842717,-1.8155406,-0.04130039,0.000000
89,2,0,0,0,0,0.377746,1.8958548,2.0161386,4.7828116,60.231194,-1.3729067,9.848764,0.030270567,0.000000
89,2,0,0,0,0,0.222406,1.6291444,1.8751105,4.260968,47.603073,-1.5997226,-4.5121856,-0.033218216,0.000000
90,2,0,0,0,0,0.590557,1.707557,2.0678096,4.3559265,-49.153023,-0.9796306,-1.8950088,-0.001355331,0.000000
90,2,0,0,0,0,0.381237,1.7550354,2.0006168,4.7186484,60.62189,-1.7124057,9.754164,0.10967755,0.000000
90,2,0,0,0,0,0.206333,1.6137619,1.9563984,4.988593,21.373283,-1.9175317,14.554244,-0.011487909,0.000000
91,2,0,0,0,0,0.649521,1.7137144,2.0420113,4.3336015,-49.40783,-0.8866061,-1.8773685,-0.018789439,0.000000
91,2,0,0,0,0,0.374852,1.5740901,1.9573187,4.573288,42.220383,-1.675672,-5.2167287,-0.17989211,0.000000
91,2,0,0,0,0,0.362736,1.6628209,1.9159987,4.317813,60.86051,-1.5897732,9.415932,0.027200155,0.000000
92,2,0,0,0,0,0.622666,1.6553515,2.0000436,4.2353787,-49.529335,-0.9242012,-1.8308898,0.009874331,0.000000
92,2,0,0,0,0,0.391285,1.868906,2.015257,4.843181,61.4796,-1.4782815,9.8561125,0.04714844,0.000000
92,2,0,0,0,0,0.317656,1.5638925,1.9308484,4.3681517,39.23463,-1.6749372,-5.3523464,-0.3784966,0.000000
93,2,0,0,0,0,0.536913,1.7608316,2.0434575,4.32828,-49.566715,-0.7932426,-1.7551224,-0.05522354,0.000000
93,2,0,0,0,0,0.355533,1.7995824,2.0012417,4.7628255,61.900448,-1.6182632,9.772152,0.06788362,0.000000
93,2,0,0,0,0,0.348783,1.6199203,1.9393265,4.264081,36.48926,-1.6880811,-5.715477,-0.21674351,0.000000
94,2,0,0,0,0,0.523638,1.8158065,2.0557327,4.399921,-49.59928,-0.8276313,-1.7162044,-0.007878007,0.000000
94,2,0,0,0,0,0.341574,1.9013834,2.007502,4.6636953,62.093033,-1.5456438,9.898163,-0.040875234,0.000000
94,2,0,0,0,0,0.282308,1.784203,2.0631409,4.9130135,34.01215,-1.5298203,-5.448995,-0.19936556,0.000000
95,2,0,0,0,0,0.561986,1.7743068,2.029996,4.319987,-49.64074,-0.8601049,-1.7326494,0.012793799,0.000000
95,2,0,0,0,0,0.402540,1.6284366,1.9140447,4.3792067,62.362453,-1.6318855,9.456443,0.020877702,0.000000
95,2,0,0,0,0,0.371895,1.6525893,1.9755691,4.493855,30.941582,-1.6148151,-5.7529087,-0.17129943,0.000000
96,2,0,0,0,0,0.471102,1.7309554,2.03392,4.185403,-49.757996,-0.8498126,-1.6992173,0.014175587,0.000000
96,2,0,0,0,0,0.463864,1.6409553,1.9886445,4.5102305,28.125595,-1.672787,-5.717188,-0.11826946,0.000000
96,2,0,0,0,0,0.308469,1.8165154,1.9895209,4.749669,62.99196,-1.4848431,10.00286,0.24200301,0.000000
97,2,0,0,0,0,0.390215,1.6054246,1.913952,4.2525043,25.182793,-1.6787965,-6.0801024,-0.18495524,0.000000
97,2,0,0,0,0,0.372454,1.6528687,2.0253253,4.146007,-49.72651,-0.93600464,-1.7244394,-0.007163425,0.000000
97,2,0,0,0,0,0.354569,1.819457,2.1041813,5.1023903,63.193855,-1.5617772,9.457129,0.05230164,0.000000
98,2,0,0,0,0,0.584306,1.5714791,1.9009032,4.0682,22.129902,-1.602206,-5.934801,-0.096330136,0.000000
98,2,0,0,0,0,0.441318,1.874374,2.0885553,4.6414347,-49.962116,-0.79916817,-1.7078851,0.03438653,0.000000
98,2,0,0,0,0,0.353215,1.785182,1.9636936,4.5629816,63.53677,-1.4372125,9.861875,-0.020269819,0.000000
99,2,0,0,0,0,0.572489,1.6826305,1.9774439,4.782309,19.690407,-1.7847867,-5.6910644,0.09786084,0.000000
99,2,0,0,0,0,0.395046,1.9460347,2.0945997,4.6431336,-50.040283,-0.8908974,-1.5683973,-0.046904355,0.000000
99,2,0,0,0,0,0.327359,1.7715716,2.0504005,4.8100057,64.10191,-1.5632553,9.354498,0.11091243,0.000000
100,2,0,0,0,0,0.744341,1.5706806,1.9015131,4.555379,16.675062,-1.7585034,-5.7603087,0.12703134,0.000000
100,2,0,0,0,0,0.426708,1.9127263,2.0684967,4.647946,-50.112335,-0.76799285,-1.5249072,-0.027064402,0.000000
101,2,0,0,0,0,0.803095,1.5398206,1.8908207,4.570473,14.035568,-1.7288332,-5.9161296,0.14298713,0.000000
101,2,0,0,0,0,0.487438,1.9807315,2.0864928,4.7495694,-50.26362,-0.74261844,-1.4538088,-0.060528204,0.000000
101,2,0,0,0,0,0.373349,1.8581862,2.1029482,5.142606,64.6853,-1.532789,9.392046,0.052920498,0.000000
102,2,0,0,0,0,0.747866,1.5400045,1.8692988,4.521265,11.069521,-1.7101278,-5.9653916,0.1262807,0.000000
102,2,0,0,0,0,0.470505,1.889399,2.0809252,4.580396,-50.202118,-0.8662019,-1.548598,0.007890741,0.000000
102,2,0,0,0,0,0.405779,1.7191925,2.0335689,4.820599,65.172066,-1.5664356,9.48761,0.05304733,0.000000
103,2,0,0,0,0,0.689176,1.5953406,1.9382354,4.8380947,8.222144,-1.623579,-6.161708,0.11901127,0.000000
103,2,0,0,0,0,0.513735,1.9348899,2.089697,4.6602006,-50.274918,-0.9208911,-1.4985728,-0.01134482,0.000000
103,2,0,0,0,0,0.327592,1.8280993,2.0889153,4.832702,65.713875,-1.5776563,9.411377,0.048891146,0.000000
103,2,0,0,0,0,0.204808,3.5395634,2.9555476,18.31933,-58.335766,-0.082992524,2.1619437,0.077784985,0.000000
104,2,0,0,0,0,0.754275,1.4952582,1.8764162,4.6427855,5.029009,-1.5784259,-6.2423744,0.08340107,0.000000
104,2,0,0,0,0,0.494882,1.7460976,2.0070508,4.5453215,-50.199768,-1.0486355,-1.4993074,0.010099487,0.000000
104,2,0,0,0,0,0.269049,1.8654778,2.1147013,5.060417,66.19989,-1.5264771,9.439887,0.09009737,0.000000
104,2,0,0,0,0,0.209019,1.6039968,1.947628,4.941045,21.393543,-1.9597342,14.546723,-0.009070081,0.000000
104,2,0,0,0,0,0.208935,1.565904,1.9018455,4.280821,23.420765,-1.5189912,-34.279823,-0.46253076,0.000000
105,2,0,0,0,0,0.761552,1.5407243,1.8995844,4.6916084,1.9566181,-1.5615809,-6.2839813,0.05249256,0.000000
105,2,0,0,0,0,0.526611,1.758362,2.030594,4.522406,-50.20688,-1.0032907,-1.5064759,-0.03474742,0.000000
105,2,0,0,0,0,0.248574,1.9676462,2.1063588,4.9938917,66.570885,-1.5625188,9.329532,0.050101597,0.000000
105,2,0,0,0,0,0.224616,3.8920863,3.1095443,19.883844,-57.51091,0.018570185,1.8144476,-0.018590648,0.000000
105,2,0,0,0,0,0.210466,1.5965012,1.9425852,4.941075,21.417606,-1.9647975,14.557838,-0.013044144,0.000000
106,2,0,0,0,0,0.719922,1.5162029,1.8889424,4.546006,-0.97262216,-1.5146841,-6.247756,0.13600494,0.000000
106,2,0,0,0,0,0.584810,1.9723299,2.1070795,4.6802354,-50.50583,-0.7693504,-1.5071526,-0.026124366,0.000000
106,2,0,0,0,0,0.388555,1.7540259,2.0868392,5.010485,66.8921,-1.6660254,9.592842,0.044983126,0.000000
106,2,0,0,0,0,0.247116,1.8205361,1.9964833,4.5265803,45.46988,-2.491199,-18.746756,-0.19361508,0.000000
107,2,0,0,0,0,0.715415,1.5046464,1.9011658,4.6954536,-3.889876,-1.499567,-6.3064747,0.10981796,0.000000
107,2,0,0,0,0,0.642659,1.86082,2.0742626,4.5528946,-50.445595,-0.9995029,-1.4338183,0.012141913,0.000000
107,2,0,0,0,0,0.310179,1.7894258,1.9837427,4.590036,66.9968,-1.588304,9.8508215,0.19168672,0.000000
108,2,0,0,0,0,0.709795,1.5020602,1.8705565,4.536331,-6.8365893,-1.4799378,-6.3171444,0.02977953,0.000000
108,2,0,0,0,0,0.500402,2.0663295,2.1640232,4.8252416,-50.686527,-0.8601116,-1.4813895,-0.04285095,0.000000
108,2,0,0,0,0,0.271257,1.6011131,1.9065711,4.2652617,55.735985,-1.6307535,-18.13847,-0.30672702,0.000000
109,2,0,0,0,0,0.574506,2.0887892,2.1607537,4.828217,-50.889233,-0.75067294,-1.4821298,-0.027857795,0.000000
109,2,0,0,0,0,0.428511,1.5323386,1.9014618,4.4326367,-9.75948,-1.4046075,-6.612914,0.13181397,0.000000
109,2,0,0,0,0,0.394209,1.9374509,2.1686552,5.176471,68.0121,-1.5926116,9.348591,0.08244234,0.000000
110,2,0,0,0,0,0.535213,1.453151,1.7541405,4.1523933,-10.981939,-1.4210391,-6.3831215,0.20446254,0.000000
110,2,0,0,0,0,0.427903,2.0089462,2.1983006,4.7686243,-50.770004,-0.9428481,-1.5065994,-0.05118721,0.000000
110,2,0,0,0,0,0.236320,3.6638324,3.0267632,19.090649,-58.060337,-0.044400334,2.2767806,0.061804615,0.000000
111,2,0,0,0,0,0.470901,1.8817997,2.123201,4.680737,-50.659557,-1.1119137,-1.5288451,-0.027356878,0.000000
111,2,0,0,0,0,0.457587,1.5309829,1.9566213,4.7738714,-13.042973,-1.4303613,-6.6122217,0.13417432,0.000000
112,2,0,0,0,0,0.620391,1.5884478,1.9189097,4.3644085,-15.670109,-1.3431327,-6.5183907,0.03356927,0.000000
112,2,0,0,0,0,0.582566,1.862632,2.0615308,4.616751,-50.64829,-1.0020558,-1.3943447,-0.054266505,0.000000
112,2,0,0,0,0,0.255636,2.0079322,2.1651607,5.0334034,69.72618,-1.6333234,9.442039,0.11980749,0.000000
112,2,0,0,0,0,0.207471,3.8997908,3.3165903,21.631351,-58.407654,0.08800894,2.6420841,0.16941015,0.000000
113,2,0,0,0,0,0.678445,1.562079,1.8945044,4.323285,-18.336182,-1.3858267,-6.5626726,0.027922295,0.000000
113,2,0,0,0,0,0.542227,1.8274715,2.0375183,4.5895767,-50.605595,-1.0613402,-1.4348607,-0.023100305,0.000000
113,2,0,0,0,0,0.238007,3.433732,2.8862655,17.61807,-58.74677,-0.1340568,2.3687196,0.03205817,0.000000
114,2,0,0,0,0,0.751403,1.6806997,1.9405417,4.4106426,-21.196423,-1.2972963,-6.6410418,0.05781764,0.000000
114,2,0,0,0,0,0.558697,1.9711801,2.157332,4.6965055,-50.92261,-0.96221405,-1.4918408,-0.01732253,0.000000
114,2,0,0,0,0,0.242495,3.844773,3.115965,19.903118,-57.607018,-0.010356069,2.2039418,0.031186163,0.000000
114,2,0,0,0,0,0.235811,1.9484577,2.1863148,5.1348624,70.03944,-1.7266886,9.469597,0.039862026,0.000000
115,2,0,0,0,0,0.574712,1.585535,1.8891855,4.094657,-24.055027,-1.258877,-6.6802344,0.05097456,0.000000
115,2,0,0,0,0,0.493868,2.0092294,2.1305966,4.6970553,-50.983517,-0.9011984,-1.5590799,0.03911534,0.000000
115,2,0,0,0,0,0.231029,3.8688626,3.2317004,19.42749,-57.392067,-0.015786648,2.2775335,0.06787946,0.000000
116,2,0,0,0,0,0.694594,1.5967076,1.8879876,4.1916137,-27.156055,-1.2237302,-6.760124,0.06263045,0.000000
116,2,0,0,0,0,0.566801,2.0525067,2.1269286,4.757738,-51.074287,-0.8697659,-1.4957726,0.018803338,0.000000
116,2,0,0,0,0,0.208363,3.5239139,2.949641,18.659222,-58.257057,-0.068124056,2.1288533,0.11009715,0.000000
117,2,0,0,0,0,0.720190,1.6327718,1.9085398,4.333207,-29.93254,-1.2036664,-6.81213,0.023561738,0.000000
117,2,0,0,0,0,0.501362,1.9027467,2.1079059,4.585883,-51.12065,-0.8769164,-1.5130754,0.069254436,0.000000
117,2,0,0,0,0,0.259563,3.83249,3.0946398,20.512346,-57.283466,0.028688908,2.273236,0.10079516,0.000000
117,2,0,0,0,0,0.249501,1.6669831,1.90766,4.443409,51.023045,-2.0691824,-17.184645,0.038318958,0.000000
118,2,0,0,0,0,0.815769,1.5599725,1.8795741,4.3052177,-32.677513,-1.2299228,-6.953946,0.05160998,0.000000
118,2,0,0,0,0,0.441134,1.9524136,2.0988593,4.6519613,-51.16008,-0.9855144,-1.5003561,0.01707514,0.000000
118,2,0,0,0,0,0.220141,3.8926663,3.2417111,20.124311,-57.111984,0.023466706,2.308441,0.0014222679,0.000000
119,2,0,0,0,0,0.703982,1.4927402,1.8297067,4.0706153,-35.65312,-1.1684536,-6.8312216,0.03677273,0.000000
119,2,0,0,0,0,0.583477,2.035609,2.083755,4.681301,-51.20795,-0.8539728,-1.4759316,0.045748554,0.000000
119,2,0,0,0,0,0.242933,3.6251771,2.9108706,18.462112,-56.70028,-0.059109926,2.1724374,0.0069273626,0.000000
120,2,0,0,0,0,0.679905,1.5461862,1.8765023,4.2068224,-38.494972,-1.1908653,-6.955964,0.025561858,0.000000
120,2,0,0,0,0,0.447208,1.9796296,2.1232502,4.6336355,-51.202007,-0.91083145,-1.5260708,0.079003066,0.000000
121,2,0,0,0,0,0.659500,1.6501174,1.9333276,4.454581,-41.345486,-1.1403965,-6.9644847,-0.09616807,0.000000
121,2,0,0,0,0,0.479966,1.8878517,2.0981193,4.509603,-51.197224,-0.9745531,-1.464889,0.05300694,0.000000
121,2,0,0,0,0,0.247865,3.717991,3.0950534,19.157812,-57.745167,-0.052549005,2.2813504,0.05680784,0.000000
122,2,0,0,0,0,0.694091,1.633888,1.9137292,4.492678,-44.362007,-1.1163583,-6.9390736,-0.044818085,0.000000
122,2,0,0,0,0,0.531661,2.100107,2.1067023,4.7564964,-51.21727,-0.771844,-1.5094063,0.046589397,0.000000
122,2,0,0,0,0,0.213621,3.7980485,3.0484176,20.115887,-56.12021,0.012583613,2.3060184,0.019313352,0.000000
123,2,0,0,0,0,0.573986,1.641367,1.926521,4.3452244,-46.988785,-1.1141874,-7.041218,-0.076212704,0.000000
123,2,0,0,0,0,0.451438,1.9735076,2.166087,4.6209784,-51.2096,-0.86100066,-1.423867,-0.044989362,0.000000
123,2,0,0,0,0,0.247113,3.941934,3.1212935,21.634815,-55.687515,0.024391294,2.3275847,0.047406916,0.000000
124,2,0,0,0,0,0.620790,1.588449,1.8977813,4.226499,-49.834732,-1.1834451,-7.1459913,-0.20991217,0.000000
124,2,0,0,0,0,0.375301,1.8194005,2.0999656,4.378594,-51.377228,-0.8064467,-1.7282412,0.013143366,0.000000
124,2,0,0,0,0,0.234297,3.698149,2.9629974,18.94208,-56.338837,-0.040208936,1.9292985,-0.045235652,0.000000
125,2,0,0,0,0,0.709954,1.7134161,1.9674075,4.4512076,-52.825054,-1.1290292,-7.367629,-0.046760485,0.000000
125,2,0,0,0,0,0.334839,1.8781524,2.1497686,4.5334706,-51.385876,-0.8184352,-1.6984022,-0.00044681094,0.000000
125,2,0,0,0,0,0.213528,3.8303242,3.0934625,20.431032,-55.886513,0.014771223,2.0221882,0.02033193,0.000000
126,2,0,0,0,0,0.571834,1.7430043,2.004693,4.5320573,-55.587894,-1.0387702,-7.5125356,0.15920553,0.000000
126,2,0,0,0,0,0.423440,1.8231623,2.1030533,4.44565,-51.3433,-0.82747996,-1.7158082,-0.03250142,0.000000
127,2,0,0,0,0,0.406497,1.8962228,2.1488469,4.5198474,-51.300125,-0.78521323,-1.7646517,0.023881093,0.000000
127,2,0,0,0,0,0.353501,1.677834,1.963164,4.755832,-58.55963,-0.9555285,-7.4019375,0.12442335,0.000000
128,2,0,0,0,0,0.503696,1.7614443,1.9948379,4.6760745,-61.37417,-0.9157165,-7.514264,-0.12565094,0.000000
128,2,0,0,0,0,0.359400,1.8990328,2.1386063,4.500535,-51.42187,-0.8123559,-1.7138016,-0.07880254,0.000000
129,2,0,0,0,0,0.584508,1.6172843,1.9048045,4.4263864,-63.98907,-1.0486782,-7.661684,-0.08253729,0.000000
129,2,0,0,0,0,0.428837,1.8350232,2.1055253,4.452706,-51.323914,-0.79332197,-1.7894495,-0.021868333,0.000000
130,2,0,0,0,0,0.366875,1.9772954,2.170414,5.0010786,-51.680496,-0.7180333,-1.7013677,-0.040399134,0.000000
130,2,0,0,0,0,0.357603,1.7218425,1.9784498,4.6092777,-67.19629,-0.9564544,-7.6604686,-0.15230057,0.000000
131,2,0,0,0,0,0.437128,1.6512706,1.9537368,4.2980957,-51.088516,-1.0500392,-1.8457556,-0.015593244,0.000000
131,2,0,0,0,0,0.359333,1.788594,1.9921318,4.627297,-69.88929,-1.049032,-7.886387,-0.015198059,0.000000
131,2,0,0,0,0,0.267962,3.8226333,3.1513395,20.191956,-57.182278,-0.006352544,2.0171661,0.10067539,0.000000
132,2,0,0,0,0,0.464507,1.8198829,2.1562161,4.94398,-51.60519,-0.9434707,-1.8743566,0.039319895,0.000000
132,2,0,0,0,0,0.229475,3.9402385,3.2684388,21.18284,-56.991264,0.045976877,3.058712,0.16331391,0.000000
