0,2,0,0,0,0,0.613709,1.5647768,1.8370874,4.188313,-15.4329405,-1.3581445,-4.4849844,0.4927373,0.000000
0,2,0,0,0,0,0.532706,2.2375674,2.122662,4.864902,-7.7546005,-1.0460465,-0.96803266,0.36509284,0.000000
0,2,0,0,0,0,0.521826,1.892678,2.1053333,4.892811,-10.892185,-1.1927423,2.1657238,0.40029252,0.000000
0,2,0,0,0,0,0.376043,2.6960287,2.7699778,6.880249,-24.269445,-0.6946063,-7.880992,0.5184145,0.000000
0,2,0,0,0,0,0.332019,2.1278203,2.2921698,4.994535,-51.021618,-0.94683063,-23.74107,0.84954304,0.000000
0,2,0,0,0,0,0.287292,1.9384137,2.080275,4.767874,-70.10296,-1.1673961,-14.833449,-0.31178537,0.000000
1,2,0,0,0,0,0.577276,1.554305,1.8437957,4.2424192,-15.466904,-1.3759189,-4.5315704,0.5130632,0.000000
1,2,0,0,0,0,0.568531,1.9157422,2.0947165,4.8402247,-10.882973,-1.1766263,2.1799467,0.38953757,0.000000
1,2,0,0,0,0,0.513720,2.2463708,2.1263642,4.867402,-7.782238,-1.0370657,-0.98602825,0.36883402,0.000000
1,2,0,0,0,0,0.409708,2.2696135,2.3095894,5.210554,-50.793167,-0.84810257,-23.55257,0.83454865,0.000000
1,2,0,0,0,0,0.342143,1.8741539,2.0692618,4.7040415,-70.26394,-1.2401154,-14.801176,-0.28155786,0.000000
1,2,0,0,0,0,0.324404,2.9548144,2.9162269,7.791101,-24.726513,-0.59413505,-7.89371,0.55272806,0.000000
1,2,0,0,0,0,0.215241,1.9094375,2.0658529,4.693836,47.92829,-1.2056868,31.965199,0.017340712,0.000000
1,2,0,0,0,0,0.200708,1.7735479,1.9599609,4.427408,51.16842,-1.3695801,-33.14872,2.365635,0.000000
2,2,0,0,0,0,0.603425,1.5687523,1.8400396,4.2072988,-15.467424,-1.3758007,-4.5233917,0.49952656,0.000000
2,2,0,0,0,0,0.568194,1.9010122,2.0967894,4.814062,-10.869123,-1.1748469,2.1908948,0.3918066,0.000000
2,2,0,0,0,0,0.551258,2.2403727,2.1215923,4.859815,-7.769599,-1.0576749,-0.9952744,0.3693783,0.000000
2,2,0,0,0,0,0.385076,2.372658,2.364621,5.4477534,-50.767094,-0.8907398,-23.442839,0.8269234,0.000000
2,2,0,0,0,0,0.317501,2.6482832,2.8031013,6.869068,-24.416645,-0.7297615,-7.8709545,0.53155476,0.000000
2,2,0,0,0,0,0.298947,1.8745807,2.0937464,4.752983,-69.93924,-1.2385132,-14.798336,-0.35599074,0.000000
2,2,0,0,0,0,0.218000,1.7636659,2.0024989,4.568811,-33.03944,-1.2807801,-13.314323,0.3719043,0.000000
3,2,0,0,0,0,0.597100,1.5527542,1.841688,4.235413,-15.499233,-1.371908,-4.529805,0.4990731,0.000000
3,2,0,0,0,0,0.563939,1.8995847,2.0912273,4.8254437,-10.872675,-1.1769457,2.1843424,0.38793993,0.000000
3,2,0,0,0,0,0.521778,2.2534094,2.12948,4.879258,-7.807882,-1.0458236,-0.98240876,0.3700897,0.000000
3,2,0,0,0,0,0.420447,2.3845668,2.3232367,5.3681808,-50.681515,-0.8474171,-23.374008,0.8141286,0.000000
3,2,0,0,0,0,0.327167,1.8205156,2.047916,4.632843,-69.8236,-1.265896,-14.82572,-0.32775635,0.000000
3,2,0,0,0,0,0.325725,2.7326546,2.7980819,6.9177256,-24.327728,-0.6583843,-7.7900047,0.5285552,0.000000
4,2,0,0,0,0,0.603066,1.5619435,1.8440646,4.2345786,-15.505098,-1.3778474,-4.5138826,0.49627423,0.000000
4,2,0,0,0,0,0.569928,2.2278774,2.1170397,4.847565,-7.7397165,-1.0383538,-0.9681814,0.36418334,0.000000
4,2,0,0,0,0,0.554564,1.9154334,2.1051488,4.855873,-10.877688,-1.1721444,2.1983426,0.39746678,0.000000
4,2,0,0,0,0,0.364189,2.4496953,2.4227035,5.6571207,-50.694572,-0.8253876,-23.450008,0.8011971,0.000000
4,2,0,0,0,0,0.350493,2.6527257,2.7691755,6.7334394,-24.358978,-0.6960449,-7.845126,0.5340415,0.000000
4,2,0,0,0,0,0.319467,1.8644733,2.063826,4.6765885,-69.931625,-1.2139163,-14.841034,-0.30575624,0.000000
4,2,0,0,0,0,0.232323,1.6088213,1.8897312,4.1790457,50.983788,-1.4739053,-32.7305,-0.5622145,0.000000
5,2,0,0,0,0,0.612456,1.5601916,1.8420287,4.227845,-15.5054,-1.3744718,-4.5068903,0.48827994,0.000000
5,2,0,0,0,0,0.588341,2.2127123,2.1076388,4.81415,-7.7407565,-1.0425568,-0.9557977,0.36321297,0.000000
5,2,0,0,0,0,0.551697,1.9055198,2.1006289,4.8635736,-10.874862,-1.1808746,2.1839046,0.39637735,0.000000
5,2,0,0,0,0,0.414979,2.530404,2.398621,5.7083263,-50.573746,-0.8265345,-23.238308,0.83259004,0.000000
5,2,0,0,0,0,0.377117,1.8587892,2.089346,4.7251883,-70.024994,-1.2748555,-14.879289,-0.2016616,0.000000
5,2,0,0,0,0,0.361134,2.6573088,2.8057113,6.837646,-24.289553,-0.7279748,-7.81781,0.5148593,0.000000
5,2,0,0,0,0,0.205825,1.7340856,1.9866757,4.484025,-32.994267,-1.282108,-13.24811,0.3937597,0.000000
6,2,0,0,0,0,0.602655,1.5581298,1.843162,4.230421,-15.448732,-1.3860648,-4.4939528,0.49682003,0.000000
6,2,0,0,0,0,0.569722,2.2070804,2.1041448,4.795571,-7.7374735,-1.0044053,-0.97680855,0.36742657,0.000000
6,2,0,0,0,0,0.543142,1.895173,2.0952697,4.870553,-10.873466,-1.1890454,2.195442,0.39781672,0.000000
6,2,0,0,0,0,0.358055,1.9677848,2.0988963,4.85969,-69.91791,-1.1532912,-15.08012,-0.122744024,0.000000
6,2,0,0,0,0,0.352393,2.7301598,2.8124466,6.8759117,-24.32543,-0.6901169,-7.805929,0.53030515,0.000000
6,2,0,0,0,0,0.349295,2.546379,2.4705791,5.903351,-50.507683,-0.85831904,-23.314373,0.7749062,0.000000
7,2,0,0,0,0,0.578640,1.550035,1.8410351,4.2315226,-15.475412,-1.3766289,-4.517471,0.5170979,0.000000
7,2,0,0,0,0,0.548980,1.9078977,2.09754,4.8391805,-10.886213,-1.1707267,2.1818304,0.39751756,0.000000
7,2,0,0,0,0,0.541056,2.2683325,2.128508,4.8612204,-7.7942133,-1.0168183,-0.9672279,0.3672733,0.000000
7,2,0,0,0,0,0.366780,2.602085,2.5481858,6.246496,-50.238342,-0.7808087,-23.129044,0.7190937,0.000000
7,2,0,0,0,0,0.356766,1.8408732,2.0527868,4.635188,-69.68375,-1.2436001,-14.926186,-0.29360306,0.000000
7,2,0,0,0,0,0.347697,2.6656218,2.7695522,6.7903852,-24.371515,-0.7224312,-7.8688116,0.5376097,0.000000
7,2,0,0,0,0,0.247993,2.0161638,2.091156,4.631786,45.713566,-1.2675014,-24.529919,-0.49995402,0.000000
7,2,0,0,0,0,0.203026,1.8812599,2.1124022,4.6637187,47.66548,-1.3085417,30.470362,0.5133271,0.000000
8,2,0,0,0,0,0.639442,1.5515416,1.8464036,4.243885,-15.499639,-1.3933645,-4.483302,0.45519346,0.000000
8,2,0,0,0,0,0.580131,2.2176242,2.1095757,4.8174295,-7.7329516,-1.0202591,-0.9562476,0.36673397,0.000000
8,2,0,0,0,0,0.561813,1.9120178,2.099772,4.823166,-10.883883,-1.1694597,2.2095995,0.40403143,0.000000
8,2,0,0,0,0,0.387231,1.8877945,2.0646086,4.678534,-69.691635,-1.2481205,-14.975949,-0.20431393,0.000000
8,2,0,0,0,0,0.382120,2.6974468,2.7454567,6.6210723,-24.370972,-0.7307358,-7.795831,0.5344321,0.000000
8,2,0,0,0,0,0.338414,2.6722505,2.5680292,6.2277975,-50.23826,-0.7883574,-23.003853,0.7712876,0.000000
9,2,0,0,0,0,0.627966,1.5621057,1.8429545,4.2225366,-15.481565,-1.3864877,-4.5033264,0.47159308,0.000000
9,2,0,0,0,0,0.573644,2.2115817,2.1088662,4.8238416,-7.694625,-1.0396011,-0.9647684,0.35942954,0.000000
9,2,0,0,0,0,0.542083,1.914386,2.1152112,4.861279,-10.899073,-1.1689115,2.2075608,0.40340242,0.000000
9,2,0,0,0,0,0.353389,2.6758993,2.5668912,6.3465133,-50.075943,-0.7915765,-22.990917,0.7495494,0.000000
9,2,0,0,0,0,0.348156,1.8596048,2.0263422,4.574483,-69.64557,-1.1911235,-15.014757,-0.15947843,0.000000
9,2,0,0,0,0,0.323188,2.804036,2.8219948,6.9710393,-24.37061,-0.6628095,-7.8535833,0.52653563,0.000000
9,2,0,0,0,0,0.243168,2.0194635,2.062969,4.6326613,45.532433,-1.3054867,-24.38441,-0.5527061,0.000000
10,2,0,0,0,0,0.598595,1.5625248,1.840503,4.2131615,-15.427535,-1.374213,-4.4988003,0.50620824,0.000000
10,2,0,0,0,0,0.571477,2.2365603,2.1192222,4.8556204,-7.731086,-1.035032,-0.9675908,0.3547486,0.000000
10,2,0,0,0,0,0.568171,1.906307,2.0899816,4.82473,-10.874103,-1.1768702,2.1836202,0.3943389,0.000000
10,2,0,0,0,0,0.364768,2.6989791,2.7959251,6.7391067,-24.323727,-0.6965517,-7.8199496,0.511956,0.000000
10,2,0,0,0,0,0.328210,2.581089,2.4116216,5.830787,-49.284744,-0.8902931,-21.916553,0.98312193,0.000000
10,2,0,0,0,0,0.289902,1.881366,2.056593,4.646261,-69.59433,-1.161626,-14.97864,-0.29338315,0.000000
10,2,0,0,0,0,0.207484,1.7339737,2.0187366,4.6785946,-32.916237,-1.2681519,-13.487283,0.42713422,0.000000
10,2,0,0,0,0,0.200937,1.613859,1.8959912,4.3820972,50.92772,-1.5007358,-33.186695,2.397187,0.000000
11,2,0,0,0,0,0.593106,1.5667949,1.8424478,4.222804,-15.484286,-1.3832039,-4.5326276,0.5057668,0.000000
11,2,0,0,0,0,0.552362,1.9085073,2.0997143,4.8588,-10.870979,-1.182138,2.1988463,0.3995384,0.000000
11,2,0,0,0,0,0.539493,2.2793427,2.134759,4.877867,-7.7950554,-1.0255461,-0.97806275,0.3563738,0.000000
11,2,0,0,0,0,0.378555,2.5894737,2.7866893,6.6651363,-24.184792,-0.7987156,-7.8301506,0.52876705,0.000000
11,2,0,0,0,0,0.318008,1.9474361,2.0772197,4.7468176,-69.60679,-1.1301029,-15.037052,-0.25723198,0.000000
11,2,0,0,0,0,0.307848,2.6219332,2.4132886,6.015347,-49.277443,-0.88238084,-22.047497,0.946662,0.000000
11,2,0,0,0,0,0.232420,1.8756775,2.158341,4.7967505,47.861267,-1.3954632,30.55075,0.5285125,0.000000
12,2,0,0,0,0,0.598360,1.5471075,1.8351965,4.2213516,-15.496725,-1.3929204,-4.541347,0.50788283,0.000000
12,2,0,0,0,0,0.582999,2.229669,2.1143599,4.8346424,-7.746464,-1.0399768,-0.96567255,0.36052606,0.000000
12,2,0,0,0,0,0.571749,1.9071257,2.094483,4.849856,-10.866653,-1.179051,2.175916,0.389853,0.000000
12,2,0,0,0,0,0.346483,2.572742,2.4456558,5.907406,-49.210182,-0.89878654,-21.931194,0.94099075,0.000000
12,2,0,0,0,0,0.318560,1.9699905,2.0924568,4.801512,-69.63507,-1.1632947,-15.10174,-0.22434075,0.000000
12,2,0,0,0,0,0.311946,2.7765822,2.8076024,6.622876,-24.31963,-0.6735208,-7.7491474,0.5421176,0.000000
12,2,0,0,0,0,0.219016,1.8053284,2.084045,4.6360645,47.773685,-1.4153037,30.381218,0.58375025,0.000000
13,2,0,0,0,0,0.610169,1.571012,1.844897,4.2303896,-15.495445,-1.3785489,-4.515527,0.49255782,0.000000
13,2,0,0,0,0,0.571926,2.2264915,2.11617,4.8402233,-7.7474575,-1.0465114,-0.97609913,0.36160076,0.000000
13,2,0,0,0,0,0.556366,1.9026146,2.1005104,4.8474817,-10.874609,-1.1770277,2.1773195,0.39297816,0.000000
13,2,0,0,0,0,0.384250,1.9490639,2.0762267,4.7700133,-69.656815,-1.1707666,-15.105367,-0.12317866,0.000000
13,2,0,0,0,0,0.378082,2.685767,2.757722,6.660616,-24.279354,-0.7155453,-7.762597,0.5376965,0.000000
13,2,0,0,0,0,0.368269,2.5233448,2.4646845,5.9305005,-49.05761,-0.8616017,-21.841196,0.9224308,0.000000
13,2,0,0,0,0,0.230584,1.9022112,2.192214,4.8842993,47.805553,-1.3944039,30.711899,0.60513496,0.000000
14,2,0,0,0,0,0.593441,1.5648024,1.8444073,4.2352886,-15.485464,-1.3903444,-4.5297265,0.49747637,0.000000
14,2,0,0,0,0,0.546679,1.9031074,2.0990472,4.8618636,-10.877321,-1.182805,2.1781108,0.39681455,0.000000
14,2,0,0,0,0,0.532789,2.2489314,2.125688,4.8674073,-7.7646217,-1.0490153,-0.9787054,0.36751613,0.000000
14,2,0,0,0,0,0.386004,2.5478983,2.4495482,5.971611,-48.96154,-0.9186611,-21.78357,0.91258025,0.000000
14,2,0,0,0,0,0.381657,1.9222775,2.057834,4.7067156,-69.5883,-1.187127,-15.075636,-0.20152268,0.000000
14,2,0,0,0,0,0.314232,2.8218524,2.7884429,6.892725,-24.379292,-0.63282406,-7.8136125,0.53370106,0.000000
14,2,0,0,0,0,0.209035,1.805937,2.074388,4.5792475,47.71756,-1.3927809,30.38619,0.5496228,0.000000
15,2,0,0,0,0,0.598634,1.5508721,1.843777,4.247427,-15.499794,-1.389827,-4.5090146,0.5011982,0.000000
15,2,0,0,0,0,0.549799,1.9055963,2.096531,4.8478208,-10.881403,-1.178408,2.179262,0.39925173,0.000000
15,2,0,0,0,0,0.548705,2.2445006,2.1237786,4.867886,-7.7614317,-1.029319,-0.98913884,0.355956,0.000000
15,2,0,0,0,0,0.404315,2.5895338,2.4631627,6.0640655,-48.744987,-0.8506963,-21.55289,0.89927906,0.000000
15,2,0,0,0,0,0.332820,2.6733103,2.7937264,6.8732257,-24.367016,-0.6885967,-7.8229017,0.5406387,0.000000
15,2,0,0,0,0,0.320996,1.8793162,2.0455003,4.706478,-69.50589,-1.2129807,-15.111479,-0.18766089,0.000000
15,2,0,0,0,0,0.207005,1.8222677,2.0086143,4.5067935,-33.170452,-1.2664442,-13.219997,0.4224999,0.000000
16,2,0,0,0,0,0.575687,1.5559521,1.8493181,4.2752438,-15.544329,-1.3713951,-4.521349,0.5043732,0.000000
16,2,0,0,0,0,0.564418,1.9099185,2.0946264,4.8318715,-10.872266,-1.1755031,2.194858,0.39610445,0.000000
16,2,0,0,0,0,0.524752,2.2669168,2.1331382,4.8808303,-7.784401,-1.00828,-0.97369736,0.36487398,0.000000
16,2,0,0,0,0,0.398867,2.6517675,2.4192224,6.0054703,-48.777687,-0.90527856,-21.687658,0.9448235,0.000000
16,2,0,0,0,0,0.381442,2.5773942,2.709988,6.4670887,-24.24456,-0.76918805,-7.869708,0.50495577,0.000000
16,2,0,0,0,0,0.284175,1.8305421,2.0263715,4.3889265,-69.07786,-1.2089641,-15.160782,-0.315881,0.000000
17,2,0,0,0,0,0.621391,1.5564375,1.8448151,4.2406607,-15.500704,-1.3837101,-4.491959,0.47518608,0.000000
17,2,0,0,0,0,0.565581,1.8939776,2.0840926,4.81846,-10.871655,-1.1855134,2.1838744,0.39431745,0.000000
17,2,0,0,0,0,0.564917,2.2209249,2.1107662,4.817342,-7.67873,-1.0149686,-0.94692373,0.35854515,0.000000
17,2,0,0,0,0,0.453848,2.4674752,2.3098948,5.602245,-48.927937,-0.9646204,-21.958252,0.92888415,0.000000
17,2,0,0,0,0,0.366436,2.6725016,2.7891715,6.715824,-24.379519,-0.6929283,-7.848241,0.53149414,0.000000
17,2,0,0,0,0,0.352195,1.9491271,2.0479715,4.6898155,-69.45091,-1.1494431,-15.158815,-0.2384197,0.000000
18,2,0,0,0,0,0.618565,1.5634406,1.8480202,4.241666,-15.468612,-1.3853171,-4.470827,0.47760415,0.000000
18,2,0,0,0,0,0.566398,2.202025,2.1044023,4.803302,-7.7267914,-1.0207112,-0.9748117,0.36675227,0.000000
18,2,0,0,0,0,0.553014,1.912355,2.102424,4.8399425,-10.875269,-1.1770904,2.2046895,0.40002906,0.000000
18,2,0,0,0,0,0.424112,2.5494988,2.4267385,5.9867673,-48.606354,-0.92555314,-21.622295,0.88636714,0.000000
18,2,0,0,0,0,0.356776,2.6938295,2.8061192,6.840079,-24.25721,-0.6813464,-7.766045,0.53544325,0.000000
18,2,0,0,0,0,0.347420,1.7853184,1.991572,4.2657185,-69.084946,-1.2326659,-15.182646,-0.3049542,0.000000
18,2,0,0,0,0,0.242087,1.6181366,1.9842938,4.5417595,39.073822,-1.265401,-4.02181,1.6634827,0.000000
19,2,0,0,0,0,0.602696,1.5618436,1.8387088,4.1981044,-15.43044,-1.3611873,-4.493146,0.5005453,0.000000
19,2,0,0,0,0,0.571721,1.9084098,2.0883994,4.8377314,-10.877506,-1.1837101,2.1985717,0.39137173,0.000000
19,2,0,0,0,0,0.528249,2.243864,2.1266515,4.8683424,-7.746814,-1.0275431,-0.97149837,0.36048418,0.000000
19,2,0,0,0,0,0.426785,2.700491,2.3980722,5.9058757,-48.74302,-0.8598075,-21.703678,0.88748497,0.000000
19,2,0,0,0,0,0.379592,2.6390667,2.730124,6.642338,-24.160418,-0.71390843,-7.7935205,0.5230775,0.000000
19,2,0,0,0,0,0.324489,1.7540545,1.9677737,4.261775,-69.0784,-1.2495015,-15.177013,-0.37185448,0.000000
20,2,0,0,0,0,0.586372,1.5739741,1.8423371,4.2156353,-15.470798,-1.3706682,-4.527094,0.50566286,0.000000
20,2,0,0,0,0,0.571496,2.2286716,2.1182036,4.847473,-7.726611,-1.0443614,-0.97185564,0.3621511,0.000000
20,2,0,0,0,0,0.570959,1.8940253,2.084269,4.819575,-10.870902,-1.1793168,2.187595,0.39374757,0.000000
20,2,0,0,0,0,0.427951,1.7627834,1.9757203,4.28329,-69.08551,-1.2397115,-15.203634,-0.3058892,0.000000
20,2,0,0,0,0,0.390879,2.626669,2.490284,6.2357554,-48.598465,-0.9013958,-21.612164,0.86626434,0.000000
20,2,0,0,0,0,0.334763,2.7346635,2.8004723,6.717749,-24.333979,-0.6795325,-7.7633286,0.53715485,0.000000
20,2,0,0,0,0,0.238347,1.7605793,2.0120585,4.6049404,-33.194855,-1.3211557,-13.260183,0.37018526,0.000000
21,2,0,0,0,0,0.605115,1.562508,1.8461988,4.2401185,-15.513895,-1.363796,-4.4910145,0.49178988,0.000000
21,2,0,0,0,0,0.569436,2.252441,2.1273646,4.8696775,-7.75659,-1.0215614,-0.9631481,0.3550642,0.000000
21,2,0,0,0,0,0.545747,1.902178,2.102428,4.843068,-10.876816,-1.1770879,2.1746154,0.39583,0.000000
21,2,0,0,0,0,0.466880,1.8012226,1.9723021,4.4105864,-69.02398,-1.2685063,-15.216915,-0.27327594,0.000000
21,2,0,0,0,0,0.385722,2.599957,2.503482,6.204357,-48.50206,-0.95143884,-21.396103,0.8654935,0.000000
21,2,0,0,0,0,0.329136,2.9817533,2.9463122,7.852016,-24.7327,-0.5849695,-7.8998685,0.53128695,0.000000
22,2,0,0,0,0,0.616128,1.5643826,1.8478259,4.2453766,-15.510646,-1.384461,-4.494069,0.48603132,0.000000
22,2,0,0,0,0,0.568625,2.2509422,2.1272554,4.873104,-7.726219,-1.0321317,-0.96249294,0.3585372,0.000000
22,2,0,0,0,0,0.542199,1.9122314,2.1052809,4.8778124,-10.881136,-1.1828098,2.1841023,0.40219635,0.000000
22,2,0,0,0,0,0.470006,1.8452641,1.9878963,4.5490866,-68.97949,-1.3357446,-15.369133,-0.31253743,0.000000
22,2,0,0,0,0,0.386166,2.599543,2.531283,6.252671,-48.506554,-0.9215804,-21.370958,0.84954226,0.000000
22,2,0,0,0,0,0.386079,2.6445482,2.7533624,6.710489,-24.274605,-0.7420186,-7.8335085,0.5045722,0.000000
23,2,0,0,0,0,0.612679,1.558595,1.8422736,4.2272105,-15.468533,-1.3956602,-4.5015016,0.49353084,0.000000
23,2,0,0,0,0,0.573659,2.228098,2.1165597,4.8418875,-7.7146363,-1.0416279,-0.95702267,0.35842136,0.000000
23,2,0,0,0,0,0.543683,1.9143125,2.1087065,4.8659844,-10.86997,-1.1800227,2.1855092,0.4005437,0.000000
23,2,0,0,0,0,0.471030,1.8021336,1.9687762,4.468283,-68.9805,-1.2902281,-15.298853,-0.3437845,0.000000
23,2,0,0,0,0,0.370550,2.5990384,2.4819114,6.114811,-48.450554,-0.9393166,-21.362831,0.86012906,0.000000
23,2,0,0,0,0,0.350811,2.9598892,2.947854,7.754134,-24.748386,-0.6050061,-7.815707,0.5786089,0.000000
23,2,0,0,0,0,0.209004,1.6162567,1.9020444,4.4506836,51.06141,-1.5612427,-33.188522,2.3637495,0.000000
24,2,0,0,0,0,0.608651,1.583924,1.848356,4.21266,-15.432888,-1.3560894,-4.470962,0.47696927,0.000000
24,2,0,0,0,0,0.564808,2.2499113,2.1243362,4.84935,-7.7633066,-1.0070105,-0.9694561,0.36329234,0.000000
24,2,0,0,0,0,0.556193,1.9076704,2.1086068,4.8372116,-10.867737,-1.1795552,2.1864944,0.3970242,0.000000
24,2,0,0,0,0,0.480771,1.855362,1.9890063,4.5365963,-68.92531,-1.3007054,-15.32328,-0.34424317,0.000000
24,2,0,0,0,0,0.378477,2.6015892,2.511721,6.229678,-48.410713,-0.94025135,-21.366205,0.8492446,0.000000
24,2,0,0,0,0,0.347689,3.0080993,2.9565306,7.8863106,-24.737228,-0.53781307,-7.8363276,0.5572196,0.000000
24,2,0,0,0,0,0.217807,1.5932765,1.8890657,4.3916264,50.942703,-1.5634135,-33.191246,2.3647783,0.000000
25,2,0,0,0,0,0.615120,1.5619656,1.8448288,4.230899,-15.45472,-1.392967,-4.495585,0.4901918,0.000000
25,2,0,0,0,0,0.584002,2.2240708,2.1096811,4.808611,-7.7597833,-0.99984944,-0.9593721,0.3680883,0.000000
25,2,0,0,0,0,0.540732,1.8967421,2.093801,4.841421,-10.890153,-1.1785733,2.1992009,0.40740323,0.000000
25,2,0,0,0,0,0.436211,1.877948,2.0121477,4.690468,-68.63679,-1.3186074,-15.469688,-0.31791735,0.000000
25,2,0,0,0,0,0.346898,2.6125638,2.5612018,6.40151,-48.261875,-0.95667064,-21.333864,0.8432547,0.000000
25,2,0,0,0,0,0.329784,2.9506285,2.9407027,7.7935367,-24.762148,-0.5811871,-7.82291,0.54573995,0.000000
25,2,0,0,0,0,0.224500,1.8821372,2.183534,4.8588,47.81108,-1.4049301,30.58812,0.6073623,0.000000
26,2,0,0,0,0,0.614731,1.5566247,1.8407156,4.219969,-15.480154,-1.3739511,-4.500642,0.48009974,0.000000
26,2,0,0,0,0,0.569794,2.2239733,2.113587,4.8217726,-7.706148,-1.0033402,-0.94299203,0.35845384,0.000000
26,2,0,0,0,0,0.557305,1.9005995,2.0920053,4.837189,-10.87804,-1.1802963,2.204949,0.40079325,0.000000
26,2,0,0,0,0,0.480876,1.9264092,2.0861902,4.817325,-68.599884,-1.3151139,-15.391941,-0.28071114,0.000000
26,2,0,0,0,0,0.359141,2.5875247,2.544968,6.3594346,-48.290802,-0.94492275,-21.379435,0.8425386,0.000000
26,2,0,0,0,0,0.328813,2.9375124,2.9209268,7.7167673,-24.778564,-0.57812977,-7.8859406,0.53437054,0.000000
26,2,0,0,0,0,0.252809,1.9959295,1.9989175,4.5406394,45.48525,-1.3151724,-23.894073,-0.080256164,0.000000
27,2,0,0,0,0,0.624314,1.5626059,1.8464653,4.236676,-15.477637,-1.380329,-4.490857,0.47342086,0.000000
27,2,0,0,0,0,0.584415,2.211697,2.107022,4.8171334,-7.726513,-1.0372908,-0.96142465,0.35572544,0.000000
27,2,0,0,0,0,0.562264,1.9062614,2.1001792,4.8531513,-10.86844,-1.1791453,2.198672,0.3974291,0.000000
27,2,0,0,0,0,0.530658,2.0104072,2.085002,4.9096847,-68.29994,-1.221723,-15.473022,-0.2767283,0.000000
27,2,0,0,0,0,0.352288,2.944581,2.9242947,7.723169,-24.768131,-0.62788296,-7.9053493,0.5108782,0.000000
27,2,0,0,0,0,0.351773,2.6101325,2.573786,6.4534802,-48.2623,-0.9003051,-21.336462,0.837765,0.000000
28,2,0,0,0,0,0.602530,1.5696759,1.8360254,4.1842327,-15.455776,-1.3614316,-4.4988008,0.50772,0.000000
28,2,0,0,0,0,0.557794,1.907336,2.0925035,4.8419476,-10.882221,-1.1834805,2.180333,0.39210716,0.000000
28,2,0,0,0,0,0.528966,2.225571,2.1181197,4.8441267,-7.7555947,-1.0454847,-0.96899986,0.3613147,0.000000
28,2,0,0,0,0,0.507887,1.9343433,2.0618556,4.812822,-68.18758,-1.2698547,-15.427839,-0.31817865,0.000000
28,2,0,0,0,0,0.365199,2.66176,2.5768573,6.475144,-48.2519,-0.9209029,-21.312191,0.82716507,0.000000
28,2,0,0,0,0,0.364229,2.959329,2.9181895,7.773857,-24.743866,-0.5777744,-7.91203,0.5240498,0.000000
29,2,0,0,0,0,0.624194,1.5676996,1.8483754,4.2225876,-15.455088,-1.3712263,-4.460783,0.47732523,0.000000
29,2,0,0,0,0,0.583902,2.1907778,2.1016283,4.7994175,-7.6943417,-1.0163331,-0.9691217,0.36492676,0.000000
29,2,0,0,0,0,0.537531,1.9089544,2.0997312,4.8580356,-10.89933,-1.1821989,2.1991463,0.40670633,0.000000
29,2,0,0,0,0,0.444674,1.9555565,2.1214814,4.9729757,-68.14039,-1.2215889,-15.584083,-0.26387057,0.000000
29,2,0,0,0,0,0.336830,2.9322438,2.9148676,7.7855806,-24.723595,-0.57966924,-7.88138,0.523301,0.000000
29,2,0,0,0,0,0.330682,2.4445539,2.5844972,6.420885,-48.152218,-0.9233589,-20.789156,0.85658205,0.000000
30,2,0,0,0,0,0.613603,1.5628892,1.8445272,4.233023,-15.495972,-1.3696012,-4.4972825,0.4880263,0.000000
30,2,0,0,0,0,0.579704,2.2214851,2.1129384,4.831235,-7.7296767,-1.0350747,-0.96690077,0.35897887,0.000000
30,2,0,0,0,0,0.550206,1.9105196,2.1043618,4.8751154,-10.880116,-1.178304,2.1866643,0.39639422,0.000000
30,2,0,0,0,0,0.492522,1.8717356,2.0599363,4.860405,-67.883446,-1.3025489,-15.681968,-0.29057428,0.000000
30,2,0,0,0,0,0.362101,2.651095,2.7708287,6.683402,-24.318499,-0.705281,-7.837268,0.523698,0.000000
30,2,0,0,0,0,0.331272,2.5969114,2.6036243,6.5634513,-48.18469,-0.93031454,-21.296118,0.8261391,0.000000
31,2,0,0,0,0,0.602512,1.5556784,1.8427831,4.2245126,-15.456354,-1.3817263,-4.4883432,0.5009833,0.000000
31,2,0,0,0,0,0.571184,2.2205253,2.111919,4.8353815,-7.721359,-1.0431962,-0.9618526,0.36353773,0.000000
31,2,0,0,0,0,0.570321,1.901587,2.0864272,4.8296046,-10.8799715,-1.1813586,2.2018597,0.3958069,0.000000
31,2,0,0,0,0,0.393460,2.7277498,2.7852776,6.6915193,-24.275793,-0.69860125,-7.7939873,0.5386235,0.000000
31,2,0,0,0,0,0.365243,1.8293204,2.0286508,4.8304157,-67.77289,-1.2870406,-15.726729,-0.33405545,0.000000
31,2,0,0,0,0,0.346855,2.4659758,2.6138566,6.6248784,-48.061535,-0.94057465,-20.69935,0.83324045,0.000000
31,2,0,0,0,0,0.211438,1.6301842,1.9124924,4.435614,50.967514,-1.4944295,-33.175354,2.3614304,0.000000
32,2,0,0,0,0,0.626845,1.5622478,1.8415742,4.203203,-15.443735,-1.3733557,-4.4845476,0.47787333,0.000000
32,2,0,0,0,0,0.569752,2.1895292,2.0968664,4.77212,-7.7226863,-1.0117624,-0.9622631,0.36606538,0.000000
32,2,0,0,0,0,0.547511,1.904696,2.0979757,4.8552966,-10.886287,-1.1838046,2.1918263,0.3977461,0.000000
32,2,0,0,0,0,0.412293,1.9003836,2.0606549,4.773002,-67.26036,-1.2831719,-15.81287,-0.35786825,0.000000
32,2,0,0,0,0,0.346643,2.4832838,2.3119342,5.8419166,-47.66121,-0.9800803,-20.62708,0.9348396,0.000000
32,2,0,0,0,0,0.342811,2.7907343,2.7868176,6.887266,-24.431812,-0.6819086,-7.8801413,0.5164166,0.000000
33,2,0,0,0,0,0.606220,1.5725116,1.8476158,4.225531,-15.43889,-1.3732386,-4.4626513,0.48532367,0.000000
33,2,0,0,0,0,0.574066,2.1875582,2.097693,4.7796164,-7.7264996,-1.01859,-0.96170956,0.36622238,0.000000
33,2,0,0,0,0,0.533655,1.8953106,2.0922875,4.8528056,-10.891929,-1.1876788,2.194431,0.4071741,0.000000
33,2,0,0,0,0,0.464050,1.9139466,2.0643673,4.8007536,-67.021484,-1.3010168,-15.978952,-0.29242742,0.000000
33,2,0,0,0,0,0.380613,2.614945,2.8154795,7.0160985,-24.303528,-0.7482655,-7.960805,0.52479833,0.000000
33,2,0,0,0,0,0.330431,2.5092509,2.6655755,6.724941,-48.054966,-0.91996396,-20.647844,0.83510333,0.000000
33,2,0,0,0,0,0.202617,1.6046184,1.8925673,4.1880956,50.907887,-1.4610889,-32.831806,-0.62360936,0.000000
34,2,0,0,0,0,0.612721,1.5744306,1.8439678,4.208781,-15.442759,-1.3749561,-4.491906,0.49186802,0.000000
34,2,0,0,0,0,0.566873,2.2563448,2.1273983,4.8632803,-7.734519,-1.0044713,-0.95868015,0.3568555,0.000000
34,2,0,0,0,0,0.539288,1.9090414,2.1028707,4.8719025,-10.876672,-1.1767783,2.195314,0.39991558,0.000000
34,2,0,0,0,0,0.426679,1.9055912,2.0796356,4.8752975,-66.87064,-1.2264123,-15.976032,-0.26862422,0.000000
34,2,0,0,0,0,0.345058,3.0003576,2.9541674,7.8437943,-24.725183,-0.56861734,-7.8150764,0.5822365,0.000000
34,2,0,0,0,0,0.319542,2.546228,2.6816342,6.8790116,-48.006245,-0.90801406,-20.703114,0.81670916,0.000000
34,2,0,0,0,0,0.222235,1.8207717,2.115828,4.7197857,47.740578,-1.4029129,30.544044,0.6284522,0.000000
34,2,0,0,0,0,0.201341,1.6653275,1.9632109,4.4229164,-33.06218,-1.3519151,-13.164479,0.4591545,0.000000
34,2,0,0,0,0,0.201232,1.6158694,2.0025468,4.570812,39.00645,-1.2372708,-5.1763115,1.52166,0.000000
35,2,0,0,0,0,0.595318,1.5563886,1.8418742,4.2315617,-15.490749,-1.3820499,-4.523858,0.5040353,0.000000
35,2,0,0,0,0,0.551335,1.8952572,2.0879812,4.8502407,-10.880957,-1.1789052,2.1870177,0.4037338,0.000000
35,2,0,0,0,0,0.543488,2.2470527,2.1269126,4.86967,-7.7680283,-1.0270553,-0.98560077,0.3636745,0.000000
35,2,0,0,0,0,0.342142,2.7243762,2.7700167,6.8860345,-24.273834,-0.67796516,-7.8360224,0.5317968,0.000000
35,2,0,0,0,0,0.340164,2.4685073,2.3567362,6.0249195,-47.632095,-1.0295284,-20.589855,0.91763604,0.000000
35,2,0,0,0,0,0.326111,1.7991652,2.013363,4.715671,-66.410194,-1.2492259,-15.953077,-0.26565182,0.000000
35,2,0,0,0,0,0.260155,1.9527836,1.9666597,4.4265156,45.358658,-1.272964,-23.86539,-0.26391307,0.000000
36,2,0,0,0,0,0.619187,1.5682542,1.8467004,4.23378,-15.4915085,-1.3817327,-4.490446,0.4788302,0.000000
36,2,0,0,0,0,0.550350,1.8999461,2.0965548,4.8428354,-10.896791,-1.1737757,2.1953754,0.398252,0.000000
36,2,0,0,0,0,0.550047,2.2421453,2.1205485,4.833698,-7.7198744,-0.99164283,-0.9628918,0.36371693,0.000000
36,2,0,0,0,0,0.430749,2.549764,2.7072861,6.5970483,-24.29705,-0.7727395,-7.891844,0.5311933,0.000000
36,2,0,0,0,0,0.357638,1.8582754,2.1081994,4.873929,-66.19494,-1.2017497,-16.203857,-0.29648384,0.000000
36,2,0,0,0,0,0.315985,2.6363623,2.4038942,6.1695867,-47.595177,-0.9779717,-20.493908,0.909618,0.000000
36,2,0,0,0,0,0.201938,1.5843458,1.8986908,4.2388506,50.932137,-1.5026149,-32.794228,-0.6054026,0.000000
37,2,0,0,0,0,0.629354,1.5709977,1.854831,4.2635126,-15.497076,-1.3670813,-4.4778576,0.4519577,0.000000
37,2,0,0,0,0,0.576469,2.2040591,2.1044407,4.8056946,-7.748596,-1.0317338,-0.9653847,0.3643227,0.000000
37,2,0,0,0,0,0.554996,1.9046986,2.1025043,4.8426313,-10.870307,-1.180893,2.1804059,0.39597526,0.000000
37,2,0,0,0,0,0.450303,1.9028356,2.0508196,4.556116,-65.58061,-1.252938,-16.393124,-0.28262568,0.000000
37,2,0,0,0,0,0.331162,2.5781763,2.6962678,6.8557596,-47.977104,-0.91065633,-20.588472,0.83033186,0.000000
37,2,0,0,0,0,0.318111,2.990522,2.9437416,7.8139095,-24.733116,-0.5577247,-7.809388,0.5734887,0.000000
37,2,0,0,0,0,0.201428,1.7926266,2.100999,4.695191,47.793503,-1.4444896,30.320354,0.37400904,0.000000
38,2,0,0,0,0,0.592026,1.5723625,1.8430285,4.209545,-15.457097,-1.3671329,-4.50243,0.5015464,0.000000
38,2,0,0,0,0,0.576602,2.2622037,2.1305408,4.8801503,-7.725692,-1.0018437,-0.9597591,0.34501177,0.000000
38,2,0,0,0,0,0.556797,1.9126952,2.10264,4.8638077,-10.877578,-1.1772609,2.2018538,0.40065184,0.000000
38,2,0,0,0,0,0.516611,1.8298519,2.0050726,4.518916,-65.22992,-1.2543988,-16.344425,-0.31653398,0.000000
38,2,0,0,0,0,0.374216,2.7149744,2.7633624,6.634036,-24.27192,-0.6872678,-7.757704,0.5380315,0.000000
38,2,0,0,0,0,0.344102,2.5683503,2.6733477,6.8219295,-47.97937,-0.88529325,-20.633965,0.83538145,0.000000
39,2,0,0,0,0,0.603731,1.5512099,1.8380902,4.2140074,-15.460955,-1.380583,-4.509775,0.5023873,0.000000
39,2,0,0,0,0,0.578792,1.9108618,2.0918865,4.823176,-10.8664055,-1.1793213,2.201832,0.38701928,0.000000
39,2,0,0,0,0,0.542175,2.2204137,2.11369,4.8446336,-7.7435474,-1.0598724,-0.99202275,0.36685768,0.000000
39,2,0,0,0,0,0.489972,1.7918029,1.9669409,4.302498,-64.84924,-1.2727675,-16.413475,-0.27826858,0.000000
39,2,0,0,0,0,0.348847,2.7368474,2.7644272,6.8039,-24.394081,-0.689729,-7.8964996,0.5323266,0.000000
39,2,0,0,0,0,0.330383,2.589252,2.3947897,6.1755266,-47.575928,-0.98939586,-20.515759,0.91026366,0.000000
39,2,0,0,0,0,0.242202,1.5464363,1.8817703,4.1794834,50.773064,-1.5416725,-32.93731,-0.63575643,0.000000
40,2,0,0,0,0,0.612480,1.5675696,1.8456936,4.222749,-15.444191,-1.3838019,-4.479298,0.49405617,0.000000
40,2,0,0,0,0,0.579648,2.1880603,2.0953836,4.777957,-7.73324,-1.0325842,-0.9773758,0.37094694,0.000000
40,2,0,0,0,0,0.540480,1.9077542,2.1027598,4.858344,-10.887529,-1.1794935,2.201997,0.4043422,0.000000
40,2,0,0,0,0,0.513368,1.7876592,1.9665142,4.3633375,-64.68879,-1.3152152,-16.345594,-0.260526,0.000000
40,2,0,0,0,0,0.369692,2.5926313,2.7736626,6.924005,-24.352192,-0.74382615,-7.9393196,0.5233876,0.000000
40,2,0,0,0,0,0.319074,2.5728235,2.404945,6.164305,-47.565773,-0.99493456,-20.46792,0.916957,0.000000
41,2,0,0,0,0,0.605433,1.5660961,1.8429809,4.222676,-15.482803,-1.3815936,-4.5170994,0.490726,0.000000
41,2,0,0,0,0,0.580806,2.209775,2.1076756,4.813631,-7.7176466,-1.035181,-0.95277,0.3639468,0.000000
41,2,0,0,0,0,0.568058,1.9034202,2.0909913,4.83736,-10.869024,-1.1799293,2.1805816,0.3927936,0.000000
41,2,0,0,0,0,0.351772,1.7852268,1.938104,4.265477,-64.57218,-1.2406068,-16.349678,-0.30335864,0.000000
41,2,0,0,0,0,0.342673,2.659718,2.7697248,6.826559,-24.349497,-0.7289262,-7.867052,0.5091247,0.000000
41,2,0,0,0,0,0.339833,2.4939213,2.6266448,6.6616955,-48.01139,-0.9316077,-20.703638,0.8300764,0.000000
42,2,0,0,0,0,0.615072,1.56058,1.8467472,4.246228,-15.490581,-1.3849874,-4.493244,0.4837058,0.000000
42,2,0,0,0,0,0.558509,2.2011366,2.1065757,4.8080482,-7.6952868,-1.0245571,-0.95606726,0.3628603,0.000000
42,2,0,0,0,0,0.557134,1.9086862,2.096795,4.832138,-10.876542,-1.1807041,2.2015626,0.40150106,0.000000
42,2,0,0,0,0,0.368781,2.7076957,2.8210366,6.8928785,-24.38541,-0.70486796,-7.91541,0.5133792,0.000000
42,2,0,0,0,0,0.323708,2.5682354,2.420366,6.188492,-47.61151,-0.9831384,-20.492245,0.9193665,0.000000
42,2,0,0,0,0,0.263002,1.7720971,1.9837263,4.320694,-63.8854,-1.2442585,-16.501854,-0.20789862,0.000000
42,2,0,0,0,0,0.230711,1.6637002,1.9738216,4.4826837,-33.26664,-1.3324671,-13.184732,0.4348759,0.000000
42,2,0,0,0,0,0.205227,1.617351,1.9111568,4.229353,50.895393,-1.4802568,-32.698666,-0.5834157,0.000000
43,2,0,0,0,0,0.613050,1.5712419,1.8458433,4.221712,-15.454432,-1.3780468,-4.4875684,0.48845333,0.000000
43,2,0,0,0,0,0.569901,2.2291732,2.1164353,4.8358784,-7.7199507,-1.0244298,-0.9628122,0.3613628,0.000000
43,2,0,0,0,0,0.551000,1.9075398,2.108656,4.841833,-10.885397,-1.1702726,2.1876593,0.40121078,0.000000
43,2,0,0,0,0,0.333087,2.926598,2.9108963,7.6837893,-24.776445,-0.60926557,-7.9344115,0.5271344,0.000000
43,2,0,0,0,0,0.326707,2.5538597,2.6531208,6.7293944,-48.025223,-0.9157009,-20.677368,0.84151953,0.000000
43,2,0,0,0,0,0.252844,1.70416,1.9527775,4.268327,-63.72666,-1.2086582,-16.521175,-0.18517226,0.000000
43,2,0,0,0,0,0.210839,1.6402096,1.9061401,4.3873854,51.074257,-1.460212,-33.174885,2.3785605,0.000000
44,2,0,0,0,0,0.622872,1.5592008,1.8444219,4.226692,-15.458184,-1.3806007,-4.477667,0.48289934,0.000000
44,2,0,0,0,0,0.559460,1.9037764,2.094273,4.822988,-10.882735,-1.1783473,2.2047179,0.40046823,0.000000
44,2,0,0,0,0,0.557107,2.2315989,2.1164165,4.8199415,-7.7163224,-0.9818432,-0.95934844,0.36358094,0.000000
44,2,0,0,0,0,0.343572,2.7694159,2.826427,7.033326,-24.337515,-0.6581807,-7.8708897,0.5199766,0.000000
44,2,0,0,0,0,0.333703,2.5757027,2.695987,6.963948,-47.890358,-0.90669155,-20.580032,0.83145416,0.000000
44,2,0,0,0,0,0.213287,1.6829894,1.921905,4.2213902,-63.395573,-1.3005483,-16.475075,-0.22513375,0.000000
45,2,0,0,0,0,0.615088,1.5552852,1.8415016,4.226915,-15.491514,-1.3735088,-4.493764,0.4897715,0.000000
45,2,0,0,0,0,0.570816,2.2285438,2.114516,4.8296742,-7.727165,-1.0338037,-0.9435787,0.3631364,0.000000
45,2,0,0,0,0,0.556339,1.912939,2.1044579,4.865506,-10.875496,-1.1785493,2.1866796,0.39735103,0.000000
45,2,0,0,0,0,0.359665,2.6196914,2.7488897,6.6234393,-24.263283,-0.7332823,-7.854226,0.50950044,0.000000
45,2,0,0,0,0,0.352143,2.5473394,2.6392913,6.6989136,-47.99231,-0.90792036,-20.658455,0.8309641,0.000000
46,2,0,0,0,0,0.625993,1.5796031,1.8491397,4.2212844,-15.449348,-1.377264,-4.4786067,0.48128167,0.000000
46,2,0,0,0,0,0.560491,2.2045434,2.1065028,4.802928,-7.713598,-1.0128685,-0.960626,0.36354175,0.000000
46,2,0,0,0,0,0.550029,1.9032542,2.0891895,4.8568587,-10.889351,-1.1817968,2.1951292,0.40112263,0.000000
46,2,0,0,0,0,0.368218,2.688805,2.8118002,6.968941,-24.320415,-0.6880226,-7.8805943,0.51578826,0.000000
46,2,0,0,0,0,0.323438,2.5987353,2.705707,7.0072565,-47.937958,-0.89340186,-20.615036,0.82879186,0.000000
47,2,0,0,0,0,0.591607,1.5678859,1.8422277,4.2145185,-15.477098,-1.3699539,-4.5138774,0.5067879,0.000000
47,2,0,0,0,0,0.564060,1.9026654,2.0862813,4.8378997,-10.883212,-1.1810424,2.177425,0.39312196,0.000000
47,2,0,0,0,0,0.492167,2.2781706,2.1425514,4.913096,-7.7753143,-1.0147834,-0.9910585,0.3679407,0.000000
47,2,0,0,0,0,0.337306,2.7207315,2.7690368,6.9317307,-24.353683,-0.6723751,-7.852326,0.52768403,0.000000
47,2,0,0,0,0,0.326281,2.5776012,2.6915014,6.9631524,-47.891415,-0.8799046,-20.630173,0.82940114,0.000000
48,2,0,0,0,0,0.618459,1.5652528,1.8413358,4.2013903,-15.427635,-1.381029,-4.4783936,0.48752433,0.000000
48,2,0,0,0,0,0.580840,2.2003753,2.1025789,4.8036795,-7.749502,-1.0468329,-0.9662087,0.3573752,0.000000
48,2,0,0,0,0,0.549013,1.9072561,2.1039205,4.860836,-10.87159,-1.1824203,2.1927361,0.40104944,0.000000
48,2,0,0,0,0,0.356780,2.6360736,2.79548,6.9616218,-24.366924,-0.71774244,-7.795873,0.54436475,0.000000
48,2,0,0,0,0,0.344258,2.5623438,2.7112243,6.982083,-47.937466,-0.93200713,-20.569767,0.82935095,0.000000
49,2,0,0,0,0,0.608458,1.5613508,1.845862,4.237926,-15.48822,-1.3806882,-4.489244,0.48274562,0.000000
49,2,0,0,0,0,0.550172,2.2249346,2.117474,4.8374996,-7.694826,-1.0137012,-0.95999336,0.3630402,0.000000
49,2,0,0,0,0,0.543949,1.9003366,2.0933533,4.861016,-10.88537,-1.1833627,2.1772976,0.40301254,0.000000
49,2,0,0,0,0,0.349475,2.8180058,2.8189602,6.958835,-24.327797,-0.6610905,-7.8105984,0.5311231,0.000000
49,2,0,0,0,0,0.333963,2.5798385,2.6994326,6.9074435,-47.91063,-0.8889662,-20.59927,0.8206611,0.000000
49,2,0,0,0,0,0.225579,1.7736261,1.9647732,4.3888793,51.05894,-1.3161902,-33.219265,2.3392437,0.000000
50,2,0,0,0,0,0.583549,1.5682278,1.8420987,4.2190375,-15.498594,-1.374858,-4.5187645,0.52177846,0.000000
50,2,0,0,0,0,0.541378,1.9114857,2.0946946,4.8665643,-10.903645,-1.1784835,2.1794782,0.401424,0.000000
50,2,0,0,0,0,0.531912,2.270894,2.1293569,4.862509,-7.7651415,-1.0150509,-0.96793264,0.36774045,0.000000
50,2,0,0,0,0,0.367542,2.5813713,2.7290921,6.6095076,-24.289179,-0.7454424,-7.910655,0.5228678,0.000000
50,2,0,0,0,0,0.323537,2.532812,2.3741968,6.082528,-47.595554,-1.0123696,-20.539375,0.9066318,0.000000
50,2,0,0,0,0,0.208503,1.7400846,1.9470747,4.4796,-33.98593,-1.1917453,-12.567398,0.3361204,0.000000
50,2,0,0,0,0,0.201646,1.5991908,1.8721557,4.0841446,50.843903,-1.4902759,-32.77607,-0.5755989,0.000000
51,2,0,0,0,0,0.588834,1.5603584,1.8389668,4.221099,-15.487448,-1.3842056,-4.549869,0.51436174,0.000000
51,2,0,0,0,0,0.576035,2.223542,2.1160176,4.838901,-7.735208,-1.034775,-0.9679898,0.36202198,0.000000
51,2,0,0,0,0,0.545002,1.8988173,2.0987978,4.848858,-10.881433,-1.1777807,2.1723354,0.4002266,0.000000
51,2,0,0,0,0,0.334128,2.695745,2.7977703,6.7797904,-24.371473,-0.700562,-7.854291,0.50884175,0.000000
51,2,0,0,0,0,0.332892,2.5700064,2.728956,7.015041,-47.881355,-0.8965578,-20.5572,0.82279384,0.000000
52,2,0,0,0,0,0.612709,1.5658166,1.8500848,4.241853,-15.472939,-1.366761,-4.469985,0.48695874,0.000000
52,2,0,0,0,0,0.567300,2.2389772,2.122499,4.856861,-7.726089,-1.0111864,-0.96188617,0.35629398,0.000000
52,2,0,0,0,0,0.552703,1.9171891,2.1107502,4.8590403,-10.876843,-1.1721826,2.18772,0.40244794,0.000000
52,2,0,0,0,0,0.338626,2.7064037,2.7917516,6.8419766,-24.3627,-0.6866405,-7.794306,0.53256434,0.000000
52,2,0,0,0,0,0.331416,2.6483116,2.393206,6.1779385,-47.558792,-0.9684129,-20.46343,0.91797554,0.000000
53,2,0,0,0,0,0.609264,1.5578778,1.8380492,4.1969943,-15.411756,-1.3836446,-4.498107,0.49970424,0.000000
53,2,0,0,0,0,0.564535,2.211261,2.108737,4.8057513,-7.717661,-0.9965731,-0.9700494,0.3663968,0.000000
53,2,0,0,0,0,0.530484,1.906106,2.0993807,4.8624816,-10.893499,-1.1858674,2.1767967,0.40262184,0.000000
53,2,0,0,0,0,0.366736,2.6466517,2.790362,7.015087,-24.28843,-0.74492526,-7.9110956,0.52314806,0.000000
53,2,0,0,0,0,0.337075,2.5988822,2.3828838,6.173908,-47.56642,-1.0091908,-20.47662,0.9191225,0.000000
54,2,0,0,0,0,0.613291,1.5729204,1.8466405,4.223224,-15.473461,-1.3631189,-4.4820337,0.47542757,0.000000
54,2,0,0,0,0,0.581222,2.2195506,2.1093292,4.82239,-7.757082,-1.0451815,-0.96124864,0.36189824,0.000000
54,2,0,0,0,0,0.543883,1.903893,2.0986674,4.8532314,-10.87569,-1.1808981,2.1810358,0.40136108,0.000000
54,2,0,0,0,0,0.356863,2.9172482,2.910187,7.752276,-24.733624,-0.6321609,-7.8929257,0.53245896,0.000000
54,2,0,0,0,0,0.339580,2.5810015,2.6958272,6.9334173,-47.934273,-0.91239065,-20.577938,0.8304159,0.000000
54,2,0,0,0,0,0.234789,1.8921244,2.1907463,4.879409,47.837906,-1.3878013,30.59499,0.57952166,0.000000
55,2,0,0,0,0,0.581592,1.5565708,1.8432684,4.243948,-15.496512,-1.3808434,-4.536128,0.5125853,0.000000
55,2,0,0,0,0,0.553239,1.9039236,2.095903,4.842234,-10.878458,-1.1771343,2.1847746,0.40077743,0.000000
55,2,0,0,0,0,0.509524,2.2534397,2.132755,4.885579,-7.7783804,-1.0294293,-0.9942353,0.36682296,0.000000
55,2,0,0,0,0,0.331393,2.4955876,2.64103,6.7133346,-48.013653,-0.89966047,-20.70569,0.82861626,0.000000
55,2,0,0,0,0,0.328813,2.9528294,2.9417648,7.7092113,-24.805285,-0.56595755,-7.9098334,0.5506046,0.000000
55,2,0,0,0,0,0.222833,1.8788195,2.1114352,4.683401,47.697605,-1.3027802,30.397556,0.4491677,0.000000
55,2,0,0,0,0,0.205368,1.9793019,1.9881817,4.4335985,45.38945,-1.2690346,-23.861069,-0.30822766,0.000000
56,2,0,0,0,0,0.613788,1.5643711,1.8485411,4.2526817,-15.497557,-1.3827701,-4.5026455,0.48204863,0.000000
56,2,0,0,0,0,0.576806,1.9004374,2.088768,4.825889,-10.8676605,-1.1825337,2.2092726,0.39057797,0.000000
56,2,0,0,0,0,0.576153,2.2310567,2.1179588,4.841443,-7.687579,-1.015693,-0.9605062,0.35687014,0.000000
56,2,0,0,0,0,0.349287,2.729289,2.77612,6.7540655,-24.289957,-0.66575456,-7.8242283,0.5329193,0.000000
56,2,0,0,0,0,0.324503,2.584879,2.4284039,6.158556,-47.606895,-0.9730406,-20.479607,0.9131615,0.000000
57,2,0,0,0,0,0.623954,1.569011,1.846666,4.2245708,-15.451926,-1.3757012,-4.468279,0.47879577,0.000000
57,2,0,0,0,0,0.575263,2.1998112,2.1024203,4.7940407,-7.726543,-1.0146854,-0.96988976,0.36832824,0.000000
57,2,0,0,0,0,0.547082,1.8998933,2.095107,4.836584,-10.893386,-1.1807828,2.195842,0.4047705,0.000000
57,2,0,0,0,0,0.380862,2.633224,2.8191943,6.9749384,-24.228077,-0.72592044,-7.91199,0.50197005,0.000000
57,2,0,0,0,0,0.326953,2.5952055,2.6967676,6.947174,-47.93277,-0.87626684,-20.63066,0.81643957,0.000000
57,2,0,0,0,0,0.247939,1.6378012,1.8887982,4.261606,51.113594,-1.4891171,-33.196644,2.3963645,0.000000
58,2,0,0,0,0,0.612440,1.5595313,1.8420591,4.228494,-15.50401,-1.377614,-4.516541,0.482211,0.000000
58,2,0,0,0,0,0.573149,2.2277122,2.1140952,4.836252,-7.7339554,-1.0372307,-0.9764378,0.36093438,0.000000
58,2,0,0,0,0,0.556845,1.9066911,2.1012068,4.844635,-10.879403,-1.1805044,2.1838996,0.39814758,0.000000
58,2,0,0,0,0,0.357679,2.7390327,2.7564454,6.718584,-24.381615,-0.6915698,-7.871003,0.5188548,0.000000
58,2,0,0,0,0,0.343196,2.487249,2.3830729,6.1161923,-47.617954,-1.0418108,-20.545496,0.92836356,0.000000
59,2,0,0,0,0,0.617268,1.5692353,1.8487748,4.242388,-15.485721,-1.3774804,-4.48404,0.4709486,0.000000
59,2,0,0,0,0,0.582087,1.9033325,2.0839343,4.8018274,-10.866344,-1.1791527,2.215595,0.39690435,0.000000
59,2,0,0,0,0,0.568012,2.2260206,2.114762,4.8295937,-7.705328,-1.0103434,-0.9601177,0.3663211,0.000000
59,2,0,0,0,0,0.421666,2.553959,2.733781,6.7774534,-24.295046,-0.77632666,-7.932144,0.5259133,0.000000
59,2,0,0,0,0,0.334514,2.5740676,2.405675,6.1174555,-47.605247,-0.99419236,-20.487888,0.9188944,0.000000
60,2,0,0,0,0,0.611462,1.5712408,1.8462304,4.218664,-15.433691,-1.3718975,-4.47519,0.48647928,0.000000
60,2,0,0,0,0,0.563535,2.1752372,2.0894532,4.7582445,-7.727586,-1.0411799,-0.9690747,0.36908245,0.000000
60,2,0,0,0,0,0.550995,1.9033834,2.0939863,4.855133,-10.879627,-1.1840096,2.2004666,0.39902368,0.000000
60,2,0,0,0,0,0.375982,2.5868819,2.8152373,6.9960756,-24.31034,-0.7630209,-7.9118466,0.53281355,0.000000
60,2,0,0,0,0,0.336876,2.561544,2.397989,6.1425395,-47.557182,-1.0014837,-20.478798,0.9217323,0.000000
60,2,0,0,0,0,0.239067,1.7526515,1.9536701,4.3849797,51.128223,-1.3472263,-33.207634,2.315303,0.000000
60,2,0,0,0,0,0.202541,1.7167711,1.9209764,4.2784076,-70.63046,-1.5375156,-14.87841,0.09395615,0.000000
61,2,0,0,0,0,0.620142,1.5689622,1.8445628,4.2258954,-15.489907,-1.3727808,-4.503538,0.48477563,0.000000
61,2,0,0,0,0,0.587600,2.236418,2.1184866,4.8551235,-7.7436852,-1.0486078,-0.9675357,0.36073536,0.000000
61,2,0,0,0,0,0.549770,1.9037714,2.1022987,4.8413434,-10.876902,-1.1822361,2.1702065,0.3966086,0.000000
61,2,0,0,0,0,0.362343,2.9230282,2.9082398,7.69348,-24.777212,-0.6402863,-7.9250946,0.5171483,0.000000
61,2,0,0,0,0,0.325484,2.5844235,2.6864572,6.8303895,-47.98816,-0.8969457,-20.63366,0.838063,0.000000
61,2,0,0,0,0,0.244561,1.8433392,2.1477365,4.787319,47.873802,-1.3897166,30.511112,0.53165495,0.000000
62,2,0,0,0,0,0.593199,1.5695872,1.8343148,4.1683974,-15.378152,-1.3523533,-4.490894,0.5130991,0.000000
62,2,0,0,0,0,0.571227,1.9102664,2.0917776,4.841543,-10.875715,-1.1807868,2.195414,0.39296558,0.000000
62,2,0,0,0,0,0.531657,2.2612097,2.1268342,4.8597164,-7.7796617,-1.022155,-0.9680867,0.36546543,0.000000
62,2,0,0,0,0,0.348379,2.7254953,2.7823148,6.8623686,-24.31125,-0.6793189,-7.8318663,0.51123035,0.000000
62,2,0,0,0,0,0.332760,2.5987375,2.3856702,6.136231,-47.574364,-0.9806376,-20.495773,0.91991156,0.000000
62,2,0,0,0,0,0.273858,1.6838044,1.9243096,4.405074,-52.80405,-1.3251886,-7.2945275,0.21721672,0.000000
63,2,0,0,0,0,0.620981,1.5574919,1.8412473,4.2140255,-15.45673,-1.3856866,-4.487379,0.488647,0.000000
63,2,0,0,0,0,0.576631,2.2047486,2.1036553,4.79842,-7.72566,-1.0056913,-0.9749637,0.37012857,0.000000
63,2,0,0,0,0,0.565296,1.8980901,2.0946317,4.844048,-10.876099,-1.1767747,2.1887567,0.40162098,0.000000
63,2,0,0,0,0,0.339738,2.719128,2.808333,6.95618,-24.380178,-0.6834773,-7.856092,0.54191285,0.000000
63,2,0,0,0,0,0.329657,2.580236,2.3985846,6.1754394,-47.575165,-0.9821842,-20.461525,0.91286355,0.000000
63,2,0,0,0,0,0.233604,1.7378254,1.9349107,4.275756,-70.60749,-1.4798546,-14.90867,0.11996411,0.000000
64,2,0,0,0,0,0.599602,1.5609227,1.8414822,4.2238955,-15.483854,-1.3752899,-4.5222425,0.49969733,0.000000
64,2,0,0,0,0,0.564132,2.2431905,2.121797,4.8501425,-7.701059,-1.0354354,-0.9590115,0.3638688,0.000000
64,2,0,0,0,0,0.552473,1.9107351,2.0992432,4.8711977,-10.878272,-1.1828477,2.1965384,0.39639127,0.000000
64,2,0,0,0,0,0.421263,2.565197,2.7359443,6.6452255,-24.160292,-0.7732618,-7.7900944,0.5461619,0.000000
64,2,0,0,0,0,0.328928,2.5483537,2.3978586,6.1333547,-47.598362,-1.0128968,-20.465681,0.9328698,0.000000
64,2,0,0,0,0,0.201858,1.7553587,1.9883671,4.516494,50.98125,-1.3392798,-33.137215,2.301916,0.000000
65,2,0,0,0,0,0.608023,1.5557084,1.8469367,4.248826,-15.496497,-1.3828785,-4.5018167,0.483098,0.000000
65,2,0,0,0,0,0.566110,2.1820054,2.0938718,4.7683115,-7.7376184,-1.0184853,-0.9682543,0.37297934,0.000000
65,2,0,0,0,0,0.537700,1.8986106,2.0979972,4.8487716,-10.879269,-1.1865661,2.1941304,0.40362877,0.000000
65,2,0,0,0,0,0.347700,2.7177372,2.815574,6.9450817,-24.372147,-0.69680357,-7.899538,0.52046037,0.000000
65,2,0,0,0,0,0.330904,2.5447807,2.418834,6.194408,-47.55335,-0.9889329,-20.444975,0.9054983,0.000000
65,2,0,0,0,0,0.245077,1.7423991,1.9365315,4.2986536,-70.71657,-1.4625864,-15.0042925,0.09467244,0.000000
66,2,0,0,0,0,0.593770,1.5727683,1.8412156,4.2115827,-15.477196,-1.3750515,-4.527701,0.5096285,0.000000
66,2,0,0,0,0,0.567072,1.9049892,2.0914674,4.8330603,-10.884607,-1.1789088,2.181175,0.39040446,0.000000
66,2,0,0,0,0,0.520258,2.2405143,2.1207328,4.854974,-7.754803,-1.0408401,-0.9902812,0.36991662,0.000000
66,2,0,0,0,0,0.346128,2.6950383,2.746804,6.846172,-24.283058,-0.69845223,-7.8390083,0.5430901,0.000000
66,2,0,0,0,0,0.334163,2.556154,2.686939,6.978689,-47.927628,-0.89938223,-20.614786,0.82314223,0.000000
66,2,0,0,0,0,0.270818,1.6991899,1.9247794,4.3051224,-70.744446,-1.4725978,-15.067646,0.16625881,0.000000
66,2,0,0,0,0,0.203763,1.8920879,2.1332989,4.987258,47.12212,-1.2929884,31.350056,1.2351322,0.000000
67,2,0,0,0,0,0.609575,1.5737624,1.8444586,4.2059097,-15.428461,-1.3768277,-4.464181,0.4879117,0.000000
67,2,0,0,0,0,0.579652,2.1951027,2.0990114,4.7903214,-7.7460256,-1.0351923,-0.97495997,0.36910284,0.000000
67,2,0,0,0,0,0.552902,1.9043171,2.099053,4.844958,-10.882099,-1.1833029,2.1988707,0.40256703,0.000000
67,2,0,0,0,0,0.360322,2.6737423,2.7899008,6.8205633,-24.257748,-0.71508026,-7.7584076,0.55102587,0.000000
67,2,0,0,0,0,0.328521,2.6062028,2.7023702,6.9121876,-47.960873,-0.8801261,-20.59525,0.827946,0.000000
67,2,0,0,0,0,0.235662,1.9467877,2.2488093,5.0333433,47.851578,-1.3563871,30.856358,0.63664705,0.000000
67,2,0,0,0,0,0.230033,1.7298073,1.9392416,4.270112,-70.69223,-1.4457719,-15.03401,0.06307871,0.000000
67,2,0,0,0,0,0.207206,1.5934474,1.9496083,4.436654,39.0848,-1.2250075,-4.0602326,1.6246932,0.000000
67,2,0,0,0,0,0.204306,1.6328906,1.890211,4.3718815,51.14166,-1.4901314,-33.261524,2.439226,0.000000
68,2,0,0,0,0,0.600885,1.5537097,1.8380444,4.21855,-15.4708,-1.3723936,-4.5203266,0.5035716,0.000000
68,2,0,0,0,0,0.574140,1.900475,2.0892663,4.821026,-10.87019,-1.1793975,2.1902304,0.38819894,0.000000
68,2,0,0,0,0,0.514928,2.2398844,2.1229408,4.849926,-7.7588587,-1.0183997,-0.97808933,0.36515388,0.000000
68,2,0,0,0,0,0.330305,2.5251045,2.340984,6.018605,-47.593224,-1.003058,-20.589497,0.9152228,0.000000
68,2,0,0,0,0,0.328740,2.947666,2.9225318,7.774852,-24.737362,-0.59311616,-7.9688673,0.524614,0.000000
68,2,0,0,0,0,0.299317,1.699069,1.909682,4.337879,-70.9344,-1.4160173,-15.145354,0.1798861,0.000000
68,2,0,0,0,0,0.228142,1.7757915,2.0143845,4.656515,-53.50663,-1.216088,-7.4209566,0.09508928,0.000000
68,2,0,0,0,0,0.202198,1.7179062,2.0004752,4.517544,39.271503,-0.96703804,-5.2193117,1.7605473,0.000000
69,2,0,0,0,0,0.619832,1.5584809,1.8422782,4.218862,-15.462696,-1.383446,-4.4824133,0.4893894,0.000000
69,2,0,0,0,0,0.563710,2.1988442,2.1004586,4.7851176,-7.7349043,-1.0117761,-0.95489836,0.36844423,0.000000
69,2,0,0,0,0,0.546927,1.9044034,2.102037,4.8635435,-10.888337,-1.1756176,2.208568,0.40292853,0.000000
69,2,0,0,0,0,0.340580,2.6726563,2.7960856,6.818545,-24.311985,-0.6899661,-7.847088,0.5315588,0.000000
69,2,0,0,0,0,0.321821,2.5680237,2.4068387,6.183153,-47.599125,-0.9828059,-20.527308,0.92095476,0.000000
69,2,0,0,0,0,0.314511,1.6840944,1.9064171,4.34501,-70.89584,-1.4427516,-15.184666,0.03476665,0.000000
70,2,0,0,0,0,0.613548,1.575367,1.8503698,4.2351027,-15.462958,-1.3679422,-4.4575324,0.48652267,0.000000
70,2,0,0,0,0,0.570519,2.237429,2.1162457,4.8382025,-7.7801585,-1.0309473,-0.96396476,0.3554057,0.000000
70,2,0,0,0,0,0.546207,1.9050462,2.0998955,4.852645,-10.870875,-1.1803817,2.1829886,0.4015627,0.000000
70,2,0,0,0,0,0.358886,2.9381945,2.9282386,7.6532764,-24.818384,-0.62573206,-7.967972,0.50015247,0.000000
70,2,0,0,0,0,0.336385,2.5674937,2.6968164,6.9203815,-47.924232,-0.92074674,-20.595877,0.8215665,0.000000
70,2,0,0,0,0,0.283602,1.7160727,1.9098258,4.356577,-70.90984,-1.4334896,-15.150182,0.13380656,0.000000
70,2,0,0,0,0,0.206765,1.8360562,2.1116893,4.707181,47.72992,-1.3790002,30.37373,0.5180796,0.000000
71,2,0,0,0,0,0.582712,1.5681148,1.8417053,4.214276,-15.435772,-1.3776667,-4.5239305,0.5097809,0.000000
71,2,0,0,0,0,0.541948,2.2685156,2.1304655,4.8716087,-7.7883816,-1.0265455,-0.97542363,0.37077218,0.000000
71,2,0,0,0,0,0.539880,1.9143083,2.099422,4.8775716,-10.888591,-1.1796573,2.2007136,0.40270638,0.000000
71,2,0,0,0,0,0.366103,2.6827145,2.7369628,6.7191844,-24.260609,-0.6647916,-7.827263,0.5242074,0.000000
71,2,0,0,0,0,0.329895,2.5347943,2.3754826,6.0836344,-47.58029,-1.0119722,-20.527016,0.9137619,0.000000
71,2,0,0,0,0,0.309352,1.7054462,1.9114562,4.346527,-70.88563,-1.4348927,-15.233408,0.015892804,0.000000
72,2,0,0,0,0,0.617326,1.5627908,1.8414525,4.215959,-15.479778,-1.375277,-4.5049,0.4796549,0.000000
72,2,0,0,0,0,0.554045,2.225013,2.1117904,4.8136263,-7.701982,-1.0144734,-0.9553318,0.3646,0.000000
72,2,0,0,0,0,0.553522,1.9083037,2.0946972,4.8540964,-10.891666,-1.1798886,2.1999311,0.39954478,0.000000
72,2,0,0,0,0,0.411578,2.5768962,2.7273555,6.6529675,-24.250345,-0.737581,-7.7984695,0.5363218,0.000000
72,2,0,0,0,0,0.325848,2.5781846,2.6922886,6.934145,-47.94159,-0.89524126,-20.632149,0.8216337,0.000000
72,2,0,0,0,0,0.308992,1.6650953,1.9180195,4.35928,-70.61846,-1.4482888,-15.146195,-0.07060544,0.000000
72,2,0,0,0,0,0.230427,1.6997371,1.9540972,4.3444767,50.7695,-1.3359077,-32.748695,-0.6733422,0.000000
72,2,0,0,0,0,0.204742,1.9800372,1.9977481,4.4946404,45.477585,-1.2390409,-23.831863,-0.24227859,0.000000
73,2,0,0,0,0,0.620388,1.558773,1.8465316,4.241047,-15.4558,-1.369954,-4.473917,0.47833666,0.000000
73,2,0,0,0,0,0.578505,2.1928363,2.097848,4.7863817,-7.7428813,-1.0418618,-0.9710318,0.36743942,0.000000
73,2,0,0,0,0,0.534888,1.9063952,2.1010728,4.860587,-10.886047,-1.1802084,2.200413,0.40534016,0.000000
73,2,0,0,0,0,0.334754,2.7647808,2.80923,7.031158,-24.341074,-0.6805903,-7.7812786,0.5288077,0.000000
73,2,0,0,0,0,0.326291,2.6040115,2.6966858,6.828315,-47.98583,-0.8589897,-20.61065,0.82581437,0.000000
73,2,0,0,0,0,0.325386,1.671988,1.8995043,4.3567543,-70.7261,-1.4794285,-15.237235,-0.058607712,0.000000
73,2,0,0,0,0,0.220980,1.5523138,1.853342,4.056669,50.812218,-1.511102,-32.848118,-0.6602693,0.000000
74,2,0,0,0,0,0.578365,1.5597376,1.841983,4.2344275,-15.500661,-1.3775151,-4.5455713,0.5106823,0.000000
74,2,0,0,0,0,0.540305,1.9115622,2.1001916,4.8608966,-10.892098,-1.1824399,2.176482,0.40247744,0.000000
74,2,0,0,0,0,0.534863,2.235474,2.1273925,4.867506,-7.779727,-1.0455985,-0.9874659,0.37077075,0.000000
74,2,0,0,0,0,0.338168,2.665361,2.7776675,6.8284855,-24.338337,-0.7199166,-7.8201027,0.53370875,0.000000
74,2,0,0,0,0,0.328952,2.5111105,2.659507,6.7974205,-47.97797,-0.89652455,-20.677816,0.82769185,0.000000
74,2,0,0,0,0,0.302445,1.7106876,1.9444863,4.4058156,-70.17293,-1.3488517,-15.3064575,-0.22618592,0.000000
75,2,0,0,0,0,0.619341,1.5652105,1.8474028,4.244791,-15.502218,-1.3881707,-4.504211,0.4732654,0.000000
75,2,0,0,0,0,0.578678,2.175775,2.0932097,4.771299,-7.7044764,-1.0226386,-0.97370267,0.36491483,0.000000
75,2,0,0,0,0,0.525741,1.9072189,2.1018195,4.8666067,-10.882701,-1.1828048,2.1809287,0.40982136,0.000000
75,2,0,0,0,0,0.397200,2.6356492,2.7607331,6.904269,-24.292736,-0.7315781,-7.9010167,0.52496177,0.000000
75,2,0,0,0,0,0.325358,2.5675106,2.4087908,6.1688943,-47.565228,-0.99718094,-20.458845,0.90686077,0.000000
75,2,0,0,0,0,0.303060,1.7947127,1.9928136,4.591125,-70.39833,-1.3041332,-15.323832,-0.17332038,0.000000
76,2,0,0,0,0,0.592986,1.5560838,1.8378234,4.2137384,-15.493343,-1.3786116,-4.5285645,0.50618505,0.000000
76,2,0,0,0,0,0.579617,2.2118063,2.107152,4.816354,-7.7323923,-1.0486488,-0.95761085,0.36825854,0.000000
76,2,0,0,0,0,0.533757,1.9065022,2.1051579,4.8664427,-10.881646,-1.1851218,2.178246,0.40018982,0.000000
76,2,0,0,0,0,0.352475,2.7554948,2.8039587,6.7204113,-24.27087,-0.658502,-7.7776203,0.53154874,0.000000
76,2,0,0,0,0,0.327985,2.513436,2.6479433,6.7341485,-48.014103,-0.9231967,-20.686075,0.83129144,0.000000
76,2,0,0,0,0,0.313419,1.7463741,1.9532032,4.487513,-70.25616,-1.3696046,-15.461607,-0.16866258,0.000000
77,2,0,0,0,0,0.622529,1.5671371,1.8355649,4.1733913,-15.411707,-1.375138,-4.4904222,0.49348313,0.000000
77,2,0,0,0,0,0.576716,2.2168782,2.1096485,4.8138704,-7.7241945,-1.0154253,-0.9715055,0.3661323,0.000000
77,2,0,0,0,0,0.540045,1.9030566,2.0978541,4.848312,-10.875074,-1.1818247,2.1843922,0.4045687,0.000000
77,2,0,0,0,0,0.339816,2.7590985,2.7841632,6.8532505,-24.450298,-0.6989157,-7.9055862,0.51482916,0.000000
77,2,0,0,0,0,0.333325,2.5286796,2.3975089,6.1267304,-47.598854,-0.9819807,-20.49302,0.9064638,0.000000
77,2,0,0,0,0,0.298862,1.7520974,1.96636,4.5549407,-70.177055,-1.4053675,-15.421376,0.0073619834,0.000000
77,2,0,0,0,0,0.241551,1.9005433,2.074728,4.772745,52.03598,-1.2870631,-32.892475,-0.34155744,0.000000
78,2,0,0,0,0,0.600833,1.5660346,1.8455338,4.2380977,-15.49871,-1.3798637,-4.5203977,0.49291396,0.000000
78,2,0,0,0,0,0.563945,2.2398036,2.1172523,4.842217,-7.742307,-1.0370436,-0.95785177,0.35827315,0.000000
78,2,0,0,0,0,0.554474,1.9138618,2.0992322,4.8734865,-10.8759365,-1.1830823,2.2012978,0.39482412,0.000000
78,2,0,0,0,0,0.335987,2.7220693,2.7780495,6.6849556,-24.297604,-0.6495702,-7.8281884,0.533236,0.000000
78,2,0,0,0,0,0.329890,2.5476332,2.660481,6.815874,-47.973343,-0.89427805,-20.683374,0.82566977,0.000000
78,2,0,0,0,0,0.308432,1.6699485,1.9610265,4.5054502,-69.98289,-1.4267235,-15.479868,-0.03888238,0.000000
78,2,0,0,0,0,0.203494,1.8155758,1.9995897,4.4780164,-32.95336,-1.2732927,-13.268099,0.3493552,0.000000
79,2,0,0,0,0,0.620764,1.5701618,1.847406,4.2263913,-15.455606,-1.3811225,-4.4805207,0.48386133,0.000000
79,2,0,0,0,0,0.562477,2.2106862,2.1059284,4.798127,-7.7285147,-0.9944346,-0.96480983,0.3684945,0.000000
79,2,0,0,0,0,0.539549,1.9058859,2.1057394,4.8472085,-10.884872,-1.1787993,2.2066593,0.40584654,0.000000
79,2,0,0,0,0,0.391117,2.6233456,2.7980933,6.9194927,-24.26231,-0.72489107,-7.8130903,0.5485905,0.000000
79,2,0,0,0,0,0.319713,2.5893211,2.705281,6.930938,-47.935177,-0.8591125,-20.620941,0.82119113,0.000000
79,2,0,0,0,0,0.286326,1.7629437,2.010448,4.6499534,-70.013756,-1.421513,-15.366888,-0.0029878037,0.000000
79,2,0,0,0,0,0.253190,1.6691418,1.9016426,4.335489,-44.201492,-1.1704863,-11.473817,0.3106496,0.000000
80,2,0,0,0,0,0.605153,1.5690286,1.8367591,4.179313,-15.423599,-1.3518308,-4.4927483,0.4978702,0.000000
80,2,0,0,0,0,0.574433,1.9004239,2.0820322,4.8162646,-10.878119,-1.1826973,2.1856015,0.39328414,0.000000
80,2,0,0,0,0,0.524215,2.266738,2.1348379,4.8819747,-7.7745113,-1.0045247,-0.9712087,0.36183402,0.000000
80,2,0,0,0,0,0.343044,2.678906,2.7898788,6.8311896,-24.329967,-0.70744586,-7.8794355,0.5145297,0.000000
80,2,0,0,0,0,0.340027,2.5514925,2.381728,6.062211,-47.57667,-0.9846357,-20.52137,0.91424096,0.000000
80,2,0,0,0,0,0.331415,1.7549431,2.0051184,4.6782093,-69.64413,-1.3226386,-15.502207,0.020848086,0.000000
80,2,0,0,0,0,0.236633,1.6144476,1.9629714,4.619691,-43.8834,-1.162555,-11.726931,0.27923247,0.000000
80,2,0,0,0,0,0.205488,1.6016203,1.9099667,4.2908382,50.971386,-1.4995291,-32.866776,-0.58512235,0.000000
81,2,0,0,0,0,0.614429,1.5623429,1.8439984,4.227545,-15.49592,-1.370515,-4.498384,0.48619634,0.000000
81,2,0,0,0,0,0.576128,2.2019086,2.1050982,4.813531,-7.719779,-1.062361,-0.9667424,0.36271548,0.000000
81,2,0,0,0,0,0.543856,1.9100964,2.1048627,4.882269,-10.86801,-1.1830518,2.1869662,0.4007042,0.000000
81,2,0,0,0,0,0.361980,2.92452,2.930307,7.6450515,-24.817852,-0.64980745,-7.937713,0.50992596,0.000000
81,2,0,0,0,0,0.328758,2.5585947,2.6877677,6.8746157,-47.944275,-0.8959775,-20.605873,0.8341348,0.000000
81,2,0,0,0,0,0.307067,1.6876293,1.9486473,4.4730864,-69.56709,-1.3466327,-15.581081,-0.120697916,0.000000
82,2,0,0,0,0,0.607848,1.5686979,1.8402656,4.204828,-15.431229,-1.3854522,-4.508416,0.5023504,0.000000
82,2,0,0,0,0,0.568010,1.9095356,2.0908806,4.8415236,-10.878453,-1.183047,2.195582,0.39010084,0.000000
82,2,0,0,0,0,0.558208,2.1837513,2.0957346,4.7767005,-7.649486,-1.0424343,-0.9598998,0.36114746,0.000000
82,2,0,0,0,0,0.404420,2.5986834,2.7451553,6.647541,-24.314964,-0.7565582,-7.872938,0.5237165,0.000000
82,2,0,0,0,0,0.320467,2.5917478,2.3989663,6.1255174,-47.61972,-0.9876168,-20.518633,0.924197,0.000000
82,2,0,0,0,0,0.268028,1.7207798,1.9888226,4.5477357,-69.46079,-1.3050001,-15.658158,0.06295471,0.000000
82,2,0,0,0,0,0.213007,1.7035594,1.9715075,4.541271,-33.072956,-1.3329327,-13.4039755,0.3653848,0.000000
82,2,0,0,0,0,0.211060,1.6889808,1.8900079,4.5363207,-42.503265,-1.1242675,-11.024268,0.065053225,0.000000
83,2,0,0,0,0,0.618006,1.5567164,1.8441136,4.230032,-15.448896,-1.382941,-4.480848,0.48384085,0.000000
83,2,0,0,0,0,0.576485,2.182229,2.0935633,4.777216,-7.7424254,-1.0427599,-0.97929454,0.36962116,0.000000
83,2,0,0,0,0,0.552483,1.9159302,2.1065218,4.850603,-10.882586,-1.1737683,2.2166147,0.40526956,0.000000
83,2,0,0,0,0,0.349853,2.6500986,2.8158133,6.8979335,-24.31524,-0.71167314,-7.831073,0.53199637,0.000000
83,2,0,0,0,0,0.319985,2.5578752,2.7001555,6.9512,-47.945293,-0.89504266,-20.637896,0.8260267,0.000000
83,2,0,0,0,0,0.266070,1.7386503,1.9366534,4.3661394,-69.036896,-1.3791618,-15.494789,-0.19221735,0.000000
83,2,0,0,0,0,0.254867,1.6545186,1.9309319,4.5892787,-42.40259,-1.0555782,-10.858953,0.24584676,0.000000
83,2,0,0,0,0,0.203621,1.8022552,2.084218,4.6644487,47.629204,-1.4192989,30.289595,0.4173025,0.000000
84,2,0,0,0,0,0.599834,1.576798,1.8465023,4.2153845,-15.457747,-1.3517978,-4.4936476,0.48477614,0.000000
84,2,0,0,0,0,0.565168,2.2398505,2.1179004,4.8400426,-7.728429,-1.0243647,-0.9594078,0.3556195,0.000000
84,2,0,0,0,0,0.551092,1.9087129,2.1050556,4.864878,-10.873601,-1.179794,2.197888,0.39912271,0.000000
84,2,0,0,0,0,0.393733,1.6034045,1.8956629,4.3936534,-41.414234,-1.1675178,-10.397487,0.16987084,0.000000
84,2,0,0,0,0,0.369049,1.722044,1.9329836,4.432446,-68.86194,-1.4325546,-15.539766,-0.15589616,0.000000
84,2,0,0,0,0,0.338499,2.687438,2.7927055,6.849221,-24.34836,-0.6743665,-7.8752193,0.51638937,0.000000
84,2,0,0,0,0,0.322004,2.6017396,2.6753466,6.7832017,-47.956615,-0.84996116,-20.650984,0.8317732,0.000000
85,2,0,0,0,0,0.625767,1.571195,1.846484,4.223196,-15.466137,-1.3756955,-4.4811535,0.47042242,0.000000
85,2,0,0,0,0,0.553173,2.2464957,2.1238341,4.8486457,-7.7016935,-0.99790454,-0.9580518,0.36411792,0.000000
85,2,0,0,0,0,0.534553,1.9176078,2.1140928,4.8851786,-10.898975,-1.1766189,2.194508,0.40015805,0.000000
85,2,0,0,0,0,0.394449,2.6219442,2.7331042,6.675501,-24.35712,-0.74287236,-7.911379,0.49774432,0.000000
85,2,0,0,0,0,0.388937,1.6683431,1.9398769,4.493843,-41.060482,-1.192384,-10.475125,0.3323238,0.000000
85,2,0,0,0,0,0.326281,2.5571492,2.4047265,6.1514416,-47.611435,-0.9929547,-20.51818,0.91829383,0.000000
85,2,0,0,0,0,0.318389,1.7984114,1.9740046,4.4912524,-68.53069,-1.3933969,-15.162563,-0.14137875,0.000000
85,2,0,0,0,0,0.256186,1.9712741,1.96103,4.400563,45.545498,-1.2909416,-24.004389,-0.1575037,0.000000
85,2,0,0,0,0,0.226741,1.6079779,1.8968918,4.1946707,50.83595,-1.4566863,-32.806644,-0.63967973,0.000000
85,2,0,0,0,0,0.211486,1.6459621,1.967095,4.478712,-33.07891,-1.3188784,-13.237766,0.40712884,0.000000
85,2,0,0,0,0,0.206954,1.5384206,1.86643,4.1658697,9.238589,-1.7290459,-23.380997,-0.48850188,0.000000
86,2,0,0,0,0,0.614064,1.5714252,1.8486768,4.228928,-15.449305,-1.3651772,-4.4700637,0.4836121,0.000000
86,2,0,0,0,0,0.575735,2.1974068,2.1019576,4.8013105,-7.7122827,-1.0569224,-0.9697658,0.36191404,0.000000
86,2,0,0,0,0,0.544632,1.9065881,2.0991614,4.864165,-10.876622,-1.1814544,2.1851935,0.40476137,0.000000
86,2,0,0,0,0,0.348024,1.5549605,1.8424238,4.100052,-39.877827,-1.1850353,-9.983593,0.27681187,0.000000
86,2,0,0,0,0,0.339815,2.5735455,2.7016852,6.809228,-48.01484,-0.8937645,-20.600523,0.81041175,0.000000
86,2,0,0,0,0,0.332120,2.965064,2.936245,7.784098,-24.76055,-0.60229015,-7.8829737,0.5645859,0.000000
86,2,0,0,0,0,0.222806,1.8578278,2.1548383,4.769885,47.762463,-1.4033735,30.509268,0.56256485,0.000000
86,2,0,0,0,0,0.209809,1.7489538,2.0127423,4.7273264,-32.72755,-1.2952461,-13.415747,0.37884015,0.000000
87,2,0,0,0,0,0.602561,1.5675533,1.8362741,4.1749673,-15.410704,-1.3540672,-4.484155,0.49498582,0.000000
87,2,0,0,0,0,0.559021,2.2503223,2.1236699,4.857328,-7.7565246,-1.0324571,-0.96555614,0.36552095,0.000000
87,2,0,0,0,0,0.554969,1.9041374,2.0925136,4.835536,-10.88521,-1.1791089,2.19553,0.4001248,0.000000
87,2,0,0,0,0,0.518642,1.5993617,1.9151394,4.3660436,-39.819374,-1.2036024,-9.930973,0.21408856,0.000000
87,2,0,0,0,0,0.348108,2.687656,2.8034468,6.791828,-24.370434,-0.70237947,-7.915315,0.5053754,0.000000
87,2,0,0,0,0,0.328209,2.57987,2.3969476,6.167122,-47.5849,-0.97970665,-20.52692,0.9069972,0.000000
87,2,0,0,0,0,0.237978,1.6084185,1.8979143,4.1823506,50.890694,-1.459321,-32.739113,-0.6744233,0.000000
87,2,0,0,0,0,0.211615,1.7415408,2.001406,4.564103,-33.175644,-1.3529601,-13.216403,0.4226005,0.000000
87,2,0,0,0,0,0.207090,1.9651644,2.024675,4.6024194,45.652218,-1.3173085,-23.900433,-0.09752113,0.000000
88,2,0,0,0,0,0.621733,1.5697217,1.8492316,4.238413,-15.502905,-1.3628193,-4.4786263,0.47354394,0.000000
88,2,0,0,0,0,0.581237,2.209733,2.1095896,4.8307567,-7.7104897,-1.055829,-0.9686883,0.35465926,0.000000
88,2,0,0,0,0,0.554727,1.9058628,2.1011174,4.8615723,-10.860557,-1.1836226,2.1790495,0.39495087,0.000000
88,2,0,0,0,0,0.546395,1.7004673,1.9864713,4.540569,-39.17542,-1.1314594,-9.872769,0.35926715,0.000000
88,2,0,0,0,0,0.380818,2.66875,2.7909498,6.7137794,-24.291222,-0.71233857,-7.8195753,0.51777816,0.000000
88,2,0,0,0,0,0.343759,2.5429106,2.6493769,6.7110014,-48.032463,-0.92912817,-20.67657,0.83288354,0.000000
88,2,0,0,0,0,0.213039,1.8521149,2.050089,4.5205293,47.567432,-1.2723709,30.04778,0.040582273,0.000000
88,2,0,0,0,0,0.210734,1.7688956,2.0263958,4.601589,-32.910145,-1.3038132,-13.255682,0.396652,0.000000
89,2,0,0,0,0,0.617157,1.5554202,1.8396595,4.218148,-15.49159,-1.3827078,-4.5050793,0.48671827,0.000000
89,2,0,0,0,0,0.577564,2.1905093,2.097973,4.784331,-7.683245,-1.0183442,-0.94335675,0.3667626,0.000000
89,2,0,0,0,0,0.563695,1.9061595,2.0904121,4.8329854,-10.881004,-1.1773639,2.2093933,0.39808837,0.000000
89,2,0,0,0,0,0.385921,1.6438168,1.8575689,4.204719,-38.387707,-1.2083092,-9.38683,0.16880934,0.000000
89,2,0,0,0,0,0.372208,2.7504115,2.782267,6.7329717,-24.32557,-0.6743567,-7.784815,0.5329033,0.000000
89,2,0,0,0,0,0.326667,2.612169,2.4018369,6.141271,-47.604267,-0.98214805,-20.478256,0.9183393,0.000000
89,2,0,0,0,0,0.201524,1.6152802,1.8879836,4.1493034,50.83381,-1.4404509,-32.70001,-0.6014476,0.000000
90,2,0,0,0,0,0.606376,1.5716281,1.8427811,4.202247,-15.416002,-1.3643416,-4.4883337,0.4959693,0.000000
90,2,0,0,0,0,0.571532,2.2234297,2.1141481,4.835985,-7.7207866,-1.047224,-0.9602625,0.36003324,0.000000
90,2,0,0,0,0,0.552864,1.906496,2.0982294,4.8574944,-10.868912,-1.17974,2.1841683,0.39924565,0.000000
90,2,0,0,0,0,0.501787,1.7348304,1.93684,4.5392103,-38.042248,-1.1277502,-9.33438,0.26831788,0.000000
90,2,0,0,0,0,0.350560,2.6829064,2.8435345,6.9279146,-24.362997,-0.7160417,-7.8214474,0.5184983,0.000000
90,2,0,0,0,0,0.335092,2.628071,2.38142,6.136807,-47.541264,-0.9788643,-20.50408,0.9120474,0.000000
90,2,0,0,0,0,0.231036,1.7944776,2.1019459,4.661828,47.78701,-1.4487691,30.481552,0.578839,0.000000
91,2,0,0,0,0,0.637794,1.6824985,1.9275745,4.3357434,-37.338867,-1.147666,-9.104592,0.2922547,0.000000
91,2,0,0,0,0,0.612899,1.5629764,1.8399606,4.2037244,-15.465227,-1.3669374,-4.483276,0.4947094,0.000000
91,2,0,0,0,0,0.580247,1.906517,2.0892582,4.822749,-10.866688,-1.1813087,2.1892943,0.38647813,0.000000
91,2,0,0,0,0,0.519652,2.25101,2.1270254,4.8669715,-7.7352324,-1.0275223,-0.97064734,0.36431175,0.000000
91,2,0,0,0,0,0.340002,2.7351522,2.800723,6.893965,-24.309765,-0.6601939,-7.9039927,0.5099132,0.000000
91,2,0,0,0,0,0.336340,2.574352,2.3792357,6.16812,-47.55828,-1.0049751,-20.50713,0.90511626,0.000000
91,2,0,0,0,0,0.207635,1.7055092,1.9885198,4.4657116,-33.019913,-1.2934556,-13.2339,0.46358544,0.000000
92,2,0,0,0,0,0.611700,1.5553275,1.8411359,4.211545,-15.447037,-1.386869,-4.4796205,0.4922509,0.000000
92,2,0,0,0,0,0.572912,1.8079159,1.95987,4.4887667,-36.792934,-1.073267,-8.890762,0.27900815,0.000000
92,2,0,0,0,0,0.559855,2.2076793,2.1039906,4.79384,-7.739619,-1.0151908,-0.97078395,0.36872375,0.000000
92,2,0,0,0,0,0.541487,1.912786,2.1046495,4.861063,-10.877009,-1.1807469,2.2146854,0.40330535,0.000000
92,2,0,0,0,0,0.368594,2.6487236,2.7782822,6.9023604,-24.3556,-0.7233968,-7.9341316,0.50922185,0.000000
92,2,0,0,0,0,0.333143,2.5447845,2.6870377,6.8432136,-47.966583,-0.90005636,-20.617357,0.82605237,0.000000
92,2,0,0,0,0,0.210224,1.7714676,1.958872,4.2874575,50.745495,-1.229101,-32.739956,-0.67840123,0.000000
93,2,0,0,0,0,0.713444,1.6537018,1.9279826,4.3928056,-36.38083,-1.1835928,-8.66885,0.25430834,0.000000
93,2,0,0,0,0,0.613130,1.5680575,1.8481371,4.248549,-15.515294,-1.3742907,-4.508303,0.48222014,0.000000
93,2,0,0,0,0,0.558503,2.2193174,2.1100743,4.8236055,-7.7586627,-1.0540566,-0.9683875,0.3685797,0.000000
93,2,0,0,0,0,0.549352,1.8910587,2.0850556,4.824207,-10.881197,-1.176184,2.1661184,0.4041714,0.000000
93,2,0,0,0,0,0.328504,2.5917304,2.671242,6.854393,-47.93062,-0.86136806,-20.649036,0.83145416,0.000000
93,2,0,0,0,0,0.322996,2.7957737,2.817345,6.8536434,-24.324451,-0.6549357,-7.785309,0.525896,0.000000
94,2,0,0,0,0,0.661604,1.7123194,1.9786994,4.412973,-35.788773,-1.0713611,-8.449248,0.31404412,0.000000
94,2,0,0,0,0,0.626765,1.5747248,1.8437519,4.202716,-15.45702,-1.3713701,-4.482727,0.4730534,0.000000
94,2,0,0,0,0,0.566398,2.2088985,2.107379,4.8019786,-7.6648154,-1.0094719,-0.95693696,0.36022985,0.000000
94,2,0,0,0,0,0.548412,1.9099586,2.102608,4.872738,-10.883059,-1.180037,2.1964738,0.3957531,0.000000
94,2,0,0,0,0,0.357292,2.817359,2.8246222,6.844974,-24.320633,-0.64675975,-7.783884,0.5117286,0.000000
94,2,0,0,0,0,0.326888,2.5690217,2.3763297,6.1087,-47.57801,-1.0038722,-20.500435,0.9037029,0.000000
95,2,0,0,0,0,0.619967,1.5721989,1.8463848,4.2287,-15.468631,-1.3653197,-4.4919605,0.47818506,0.000000
95,2,0,0,0,0,0.586511,1.6820617,1.9604466,4.2318726,-35.193985,-1.1263223,-8.221695,0.3060121,0.000000
95,2,0,0,0,0,0.568353,2.2211475,2.1134214,4.835278,-7.7344728,-1.040833,-0.9603611,0.36549187,0.000000
95,2,0,0,0,0,0.550265,1.9020587,2.0976152,4.865326,-10.872026,-1.1831384,2.1792867,0.39889842,0.000000
95,2,0,0,0,0,0.349947,2.7245874,2.8319693,6.941866,-24.388947,-0.6992557,-7.870817,0.5075587,0.000000
95,2,0,0,0,0,0.338375,2.585587,2.6942742,6.8954897,-47.923462,-0.89116645,-20.587152,0.82861817,0.000000
95,2,0,0,0,0,0.222668,1.8500746,2.1346061,4.749161,47.7863,-1.3973346,30.394873,0.514992,0.000000
95,2,0,0,0,0,0.208046,1.7606983,1.9765843,4.478428,39.408062,-1.0336069,-4.0215263,1.7963772,0.000000
96,2,0,0,0,0,0.616979,1.5666554,1.8461058,4.2265277,-15.441174,-1.3721181,-4.4749584,0.4876696,0.000000
96,2,0,0,0,0,0.584065,1.9038563,2.088531,4.805485,-10.870304,-1.1794206,2.1863298,0.39380303,0.000000
96,2,0,0,0,0,0.564374,2.2003014,2.104097,4.7985063,-7.67062,-1.0192338,-0.95876825,0.36035144,0.000000
96,2,0,0,0,0,0.555257,1.8252802,2.0445464,4.558635,-34.465363,-1.1527569,-8.045719,0.40396398,0.000000
96,2,0,0,0,0,0.399348,2.6323462,2.7786016,6.6056395,-24.2966,-0.77072525,-7.834653,0.516291,0.000000
96,2,0,0,0,0,0.326438,2.5852153,2.412859,6.1493006,-47.60141,-0.99527043,-20.489483,0.919222,0.000000
96,2,0,0,0,0,0.204506,1.7705889,1.9663637,4.3790965,50.953026,-1.3247951,-33.19021,2.2567997,0.000000
97,2,0,0,0,0,0.618347,1.572644,1.8498769,4.2407303,-15.483128,-1.3753074,-4.488721,0.47839302,0.000000
97,2,0,0,0,0,0.558531,2.225636,2.1148095,4.8313394,-7.7416716,-1.0376582,-0.95805335,0.35887212,0.000000
97,2,0,0,0,0,0.553125,1.9066756,2.0959046,4.862891,-10.868368,-1.1812663,2.1972027,0.397142,0.000000
97,2,0,0,0,0,0.480932,1.8427153,2.0341516,4.615287,-33.93463,-1.1377292,-7.837752,0.34705117,0.000000
97,2,0,0,0,0,0.335152,2.527998,2.661831,6.8073106,-47.98017,-0.937504,-20.67565,0.81940794,0.000000
97,2,0,0,0,0,0.326544,2.9035645,2.899893,7.630641,-24.823767,-0.6264262,-7.9373064,0.5069521,0.000000
98,2,0,0,0,0,0.636362,1.5634934,1.8469871,4.233952,-15.491844,-1.3846562,-4.4765744,0.4533295,0.000000
98,2,0,0,0,0,0.568740,2.1958394,2.1034484,4.800812,-7.675514,-1.0204883,-0.9521954,0.36417374,0.000000
98,2,0,0,0,0,0.544793,1.911444,2.1048312,4.8650265,-10.897984,-1.1743513,2.1987433,0.39635724,0.000000
98,2,0,0,0,0,0.537496,1.8331121,2.0375414,4.620826,-33.421074,-1.1755197,-7.656327,0.37449205,0.000000
98,2,0,0,0,0,0.360089,2.7880998,2.7789073,6.834104,-24.30607,-0.6768749,-7.7572103,0.53646404,0.000000
98,2,0,0,0,0,0.337424,2.5233626,2.4016962,6.1214223,-47.568596,-0.9945142,-20.487755,0.90304947,0.000000
98,2,0,0,0,0,0.236528,1.5781326,1.8714523,4.1331472,50.895596,-1.52107,-32.946957,-0.623677,0.000000
98,2,0,0,0,0,0.209618,1.6468115,1.9801424,4.529041,-33.13935,-1.3105729,-13.23678,0.4360627,0.000000
99,2,0,0,0,0,0.621606,1.5592389,1.8421273,4.2167616,-15.487101,-1.370835,-4.484125,0.47332412,0.000000
99,2,0,0,0,0,0.619754,1.8730257,2.0782497,4.8537965,-32.89135,-1.1337184,-7.338537,0.3717162,0.000000
99,2,0,0,0,0,0.566417,2.2293763,2.1154327,4.8355103,-7.7387366,-1.0284035,-0.96096706,0.36338878,0.000000
99,2,0,0,0,0,0.542158,1.9097581,2.1095579,4.8773785,-10.879895,-1.1753542,2.192428,0.39969474,0.000000
99,2,0,0,0,0,0.346332,2.5850706,2.6795735,6.8149014,-47.97101,-0.8809571,-20.638233,0.81986016,0.000000
99,2,0,0,0,0,0.336669,2.8986275,2.913569,7.6048737,-24.844223,-0.6684636,-7.974103,0.4903826,0.000000
99,2,0,0,0,0,0.212175,1.6047864,1.8866091,4.350088,51.061592,-1.5062649,-33.26579,2.407411,0.000000
99,2,0,0,0,0,0.209993,1.7288189,1.906484,4.340741,-62.01313,-1.1850752,-15.521072,-0.42821634,0.000000
99,2,0,0,0,0,0.202328,1.8378427,2.1195233,4.7566166,47.76163,-1.3970054,30.473703,0.5530893,0.000000
100,2,0,0,0,0,0.598693,1.5750319,1.8347818,4.157102,-15.3815975,-1.3500092,-4.4713135,0.5080129,0.000000
100,2,0,0,0,0,0.577388,1.9111521,2.0916164,4.8356285,-10.869794,-1.1845537,2.1918871,0.39411253,0.000000
100,2,0,0,0,0,0.527435,2.2436562,2.1233282,4.863988,-7.7646313,-1.0444727,-0.9918942,0.36473715,0.000000
100,2,0,0,0,0,0.477080,1.8019657,2.0352044,4.7317357,-32.334583,-1.1438999,-7.1743917,0.3399148,0.000000
100,2,0,0,0,0,0.356246,2.6589494,2.7415845,6.666261,-24.323704,-0.69671965,-7.877887,0.5155432,0.000000
100,2,0,0,0,0,0.338599,2.5548408,2.6854837,6.9281087,-47.902515,-0.8965894,-20.608644,0.8193825,0.000000
100,2,0,0,0,0,0.228965,1.6641579,1.9636706,4.4622116,-33.288048,-1.3486636,-13.200137,0.47232747,0.000000
101,2,0,0,0,0,0.638391,1.5604033,1.8509302,4.262973,-15.535021,-1.3900714,-4.5017614,0.43505898,0.000000
101,2,0,0,0,0,0.610491,1.7640163,2.020412,4.6307755,-31.73109,-1.1965165,-6.863944,0.38496292,0.000000
101,2,0,0,0,0,0.580025,2.1555502,2.0831041,4.748478,-7.6948805,-1.0529691,-0.9649135,0.36573982,0.000000
101,2,0,0,0,0,0.551293,1.9042542,2.0957572,4.855622,-10.881664,-1.1803838,2.2001493,0.40040955,0.000000
101,2,0,0,0,0,0.338625,2.9681392,2.9350548,7.6730304,-24.831596,-0.6233518,-7.845793,0.5209449,0.000000
101,2,0,0,0,0,0.331581,2.5563736,2.4006753,6.145531,-47.592354,-0.9812741,-20.475597,0.91271204,0.000000
101,2,0,0,0,0,0.220562,1.6163783,1.9229857,4.366347,51.032185,-1.4885676,-32.845833,-0.56439584,0.000000
102,2,0,0,0,0,0.635611,1.7956622,2.0359297,4.7543364,-31.117535,-1.1933991,-6.690652,0.42126662,0.000000
102,2,0,0,0,0,0.609159,1.5662053,1.8421658,4.2107587,-15.435684,-1.3890792,-4.486848,0.494833,0.000000
102,2,0,0,0,0,0.564654,1.90203,2.0889382,4.8382854,-10.871064,-1.1774697,2.2157867,0.4007284,0.000000
102,2,0,0,0,0,0.562825,2.2170026,2.1080527,4.804509,-7.7469115,-0.99542624,-0.9651829,0.37067974,0.000000
102,2,0,0,0,0,0.344355,2.683083,2.7882454,6.8899,-24.4001,-0.68836474,-7.844507,0.54631466,0.000000
102,2,0,0,0,0,0.329662,2.5792322,2.7140398,6.912912,-47.969604,-0.88474417,-20.585672,0.8377885,0.000000
102,2,0,0,0,0,0.201182,1.7860038,1.9756489,4.275995,39.75749,-0.9767214,-3.8340151,-0.40042484,0.000000
103,2,0,0,0,0,0.617496,1.5684606,1.8441889,4.226515,-15.480341,-1.378541,-4.501026,0.48992905,0.000000
103,2,0,0,0,0,0.580033,2.2516522,2.1220305,4.854111,-7.762697,-1.0232909,-0.96208954,0.3609487,0.000000
103,2,0,0,0,0,0.555048,1.9021798,2.095807,4.8584304,-10.868088,-1.1811237,2.183292,0.39862072,0.000000
103,2,0,0,0,0,0.452807,1.7950869,1.9727615,4.343894,-30.244005,-1.1942409,-6.431155,0.40673774,0.000000
103,2,0,0,0,0,0.339329,2.530668,2.669687,6.7667627,-47.993347,-0.9199211,-20.656244,0.83168805,0.000000
103,2,0,0,0,0,0.331290,2.9739819,2.9360354,7.819027,-24.732445,-0.67290163,-7.8598194,0.5390146,0.000000
103,2,0,0,0,0,0.207162,1.8149524,2.0058677,4.530734,39.413845,-1.0268217,-3.958962,1.8999203,0.000000
104,2,0,0,0,0,0.590973,1.5500057,1.8396345,4.2296314,-15.475676,-1.3739436,-4.5188794,0.5070429,0.000000
104,2,0,0,0,0,0.568638,1.9098095,2.0894825,4.828597,-10.882936,-1.1807649,2.1900506,0.39593655,0.000000
104,2,0,0,0,0,0.564630,1.7739048,1.9602854,4.4278736,-29.857784,-1.2799902,-6.183009,0.43341792,0.000000
104,2,0,0,0,0,0.520595,2.2745926,2.133831,4.8737173,-7.777714,-1.0092425,-0.9722464,0.36454248,0.000000
104,2,0,0,0,0,0.410608,2.5115628,2.6786644,6.615765,-24.039562,-0.7753532,-7.8417597,0.5415051,0.000000
104,2,0,0,0,0,0.326991,2.5197344,2.34844,6.0314803,-47.616932,-1.0002065,-20.591469,0.92285883,0.000000
105,2,0,0,0,0,0.617520,1.5585585,1.8403101,4.211032,-15.462008,-1.3905647,-4.4999804,0.49139193,0.000000
105,2,0,0,0,0,0.602180,1.7909191,1.9822035,4.6688185,-29.517916,-1.2652048,-6.0623527,0.43938965,0.000000
105,2,0,0,0,0,0.563982,2.189439,2.0978618,4.7789574,-7.7418137,-1.0189034,-0.9694323,0.3683654,0.000000
105,2,0,0,0,0,0.553369,1.9001105,2.0914197,4.8420944,-10.889876,-1.181129,2.187863,0.39980564,0.000000
105,2,0,0,0,0,0.338493,2.7539425,2.8333354,7.1669464,-24.285297,-0.685132,-7.8410273,0.52363956,0.000000
105,2,0,0,0,0,0.328139,2.5758135,2.4084942,6.148906,-47.56947,-0.97195256,-20.461449,0.9160647,0.000000
106,2,0,0,0,0,0.606505,1.576195,1.8447237,4.21019,-15.461569,-1.3602936,-4.4872236,0.49492997,0.000000
106,2,0,0,0,0,0.580247,2.2283916,2.1152005,4.834389,-7.728362,-1.0342879,-0.96409625,0.36141425,0.000000
106,2,0,0,0,0,0.561070,1.8992814,2.0921884,4.851119,-10.861877,-1.1824994,2.183244,0.39786106,0.000000
106,2,0,0,0,0,0.536115,1.8083717,2.0130386,4.722803,-29.152641,-1.2736263,-5.920529,0.47024548,0.000000
106,2,0,0,0,0,0.345140,2.6882825,2.7981048,7.067404,-24.337269,-0.6938474,-7.95162,0.5178096,0.000000
106,2,0,0,0,0,0.341506,2.5396106,2.3554375,6.1187572,-47.58707,-1.0195212,-20.568785,0.9213556,0.000000
106,2,0,0,0,0,0.243269,1.9385726,2.2298467,5.007232,47.896954,-1.378514,30.820877,0.5928134,0.000000
106,2,0,0,0,0,0.208665,1.6780894,2.0558481,4.799979,-58.340126,-1.1972677,-14.806351,-0.081901446,0.000000
107,2,0,0,0,0,0.611371,1.7459855,1.9739947,4.6334195,-28.50371,-1.2424256,-5.5585012,0.45217818,0.000000
107,2,0,0,0,0,0.600568,1.5522307,1.8337035,4.188494,-15.43314,-1.3726397,-4.510907,0.5033356,0.000000
107,2,0,0,0,0,0.580589,1.9116042,2.090556,4.817015,-10.866616,-1.177785,2.2000964,0.38932493,0.000000
107,2,0,0,0,0,0.521204,2.2527332,2.1264179,4.865646,-7.764037,-1.0284786,-0.9730567,0.3653765,0.000000
107,2,0,0,0,0,0.369485,2.5890956,2.7523022,6.7940264,-24.135845,-0.71528363,-7.794781,0.5329468,0.000000
107,2,0,0,0,0,0.320078,2.620451,2.68554,6.932571,-47.924114,-0.8799398,-20.653809,0.81222624,0.000000
107,2,0,0,0,0,0.202175,1.9044344,2.1338243,4.936291,47.054756,-1.2602497,31.336676,1.193876,0.000000
108,2,0,0,0,0,0.661230,1.7409005,1.9745663,4.5596533,-28.20755,-1.2247276,-5.4313583,0.47929454,0.000000
108,2,0,0,0,0,0.614196,1.5755517,1.8425565,4.193517,-15.420744,-1.3734554,-4.472228,0.4909046,0.000000
108,2,0,0,0,0,0.566049,2.1952257,2.099465,4.7842946,-7.7466927,-1.0258737,-0.9670658,0.37129462,0.000000
108,2,0,0,0,0,0.533709,1.9028053,2.0999265,4.862061,-10.888742,-1.1802205,2.1920614,0.40026796,0.000000
108,2,0,0,0,0,0.401839,2.6121774,2.763311,6.9778967,-24.130337,-0.7090845,-7.8705235,0.54513675,0.000000
108,2,0,0,0,0,0.334482,2.532588,2.6396108,6.713263,-47.99349,-0.89257,-20.662886,0.8347719,0.000000
108,2,0,0,0,0,0.223446,1.6304893,1.8780886,4.272601,51.07831,-1.5094781,-33.182808,2.369595,0.000000
108,2,0,0,0,0,0.204423,1.8141763,1.9685678,4.556027,-56.855408,-1.1532753,-13.9795685,-0.30669883,0.000000
109,2,0,0,0,0,0.609579,1.5654345,1.8455219,4.237158,-15.480768,-1.3782264,-4.504157,0.49091604,0.000000
109,2,0,0,0,0,0.605893,1.7262014,1.9553523,4.4158626,-27.591347,-1.1580865,-5.2011037,0.5045032,0.000000
109,2,0,0,0,0,0.584912,2.2173233,2.1105914,4.821865,-7.7441416,-1.036649,-0.9692499,0.3602556,0.000000
109,2,0,0,0,0,0.567551,1.9040718,2.0932057,4.8481345,-10.855055,-1.1820884,2.1974225,0.3970703,0.000000
109,2,0,0,0,0,0.360864,2.6179466,2.78399,7.075371,-24.299282,-0.71459293,-8.015499,0.5060499,0.000000
109,2,0,0,0,0,0.347283,2.5586095,2.6843052,6.8431396,-47.96472,-0.90672994,-20.577658,0.82272106,0.000000
109,2,0,0,0,0,0.218903,1.7637945,1.9972831,4.7661157,-56.592327,-1.164954,-13.768076,-0.23334011,0.000000
110,2,0,0,0,0,0.605100,1.5547177,1.842388,4.230186,-15.470344,-1.3796136,-4.5048485,0.49621624,0.000000
110,2,0,0,0,0,0.578054,1.8288248,2.0276394,4.7514925,-27.051754,-1.2304548,-4.952679,0.44348764,0.000000
110,2,0,0,0,0,0.569819,1.9052202,2.0879583,4.826121,-10.878417,-1.1847196,2.1707654,0.3894043,0.000000
110,2,0,0,0,0,0.530527,2.2843316,2.1352448,4.880679,-7.7858047,-1.0183883,-0.98131335,0.37201574,0.000000
110,2,0,0,0,0,0.399832,2.5796018,2.7037075,6.7388787,-24.13717,-0.6823654,-7.8503666,0.5085302,0.000000
110,2,0,0,0,0,0.333643,2.54914,2.400712,6.173405,-47.595448,-0.9769831,-20.534246,0.9092678,0.000000
110,2,0,0,0,0,0.245849,1.5714855,1.8841174,4.1525917,50.623936,-1.5039848,-32.637627,-0.6706555,0.000000
110,2,0,0,0,0,0.210098,1.5724454,1.8818705,4.2025337,9.177042,-1.607078,-23.283155,-0.5588569,0.000000
111,2,0,0,0,0,0.615447,1.5744106,1.8468142,4.223885,-15.469118,-1.3624187,-4.4829464,0.4792353,0.000000
111,2,0,0,0,0,0.579112,2.2121835,2.1091444,4.822958,-7.7224536,-1.053222,-0.9674758,0.36417437,0.000000
111,2,0,0,0,0,0.570883,1.851307,2.0440104,4.73981,-26.673746,-1.2077699,-4.786153,0.46954486,0.000000
111,2,0,0,0,0,0.538979,1.9088551,2.1072419,4.867516,-10.8919935,-1.1755602,2.1990378,0.4026721,0.000000
111,2,0,0,0,0,0.367345,2.6292632,2.7729862,6.832711,-24.26656,-0.6709162,-7.882702,0.52647424,0.000000
111,2,0,0,0,0,0.328836,2.6190343,2.733461,7.0268207,-47.919918,-0.9058163,-20.591375,0.80468047,0.000000
111,2,0,0,0,0,0.220002,1.8802686,2.124858,4.696616,47.79982,-1.330623,30.511623,0.5648178,0.000000
112,2,0,0,0,0,0.621750,1.557523,1.8496597,4.2605247,-15.508743,-1.3870546,-4.4857445,0.4687922,0.000000
112,2,0,0,0,0,0.571286,2.2299018,2.118064,4.841558,-7.68097,-1.0067854,-0.9605534,0.35878366,0.000000
112,2,0,0,0,0,0.561596,1.9039931,2.0953672,4.8457394,-10.892172,-1.1775091,2.2010179,0.39584908,0.000000
112,2,0,0,0,0,0.536430,1.7484312,1.9309208,4.3539863,-26.207489,-1.2335069,-4.6913943,0.44225028,0.000000
112,2,0,0,0,0,0.448237,2.4733243,2.649675,6.696403,-24.17328,-0.7444142,-7.886936,0.5319657,0.000000
112,2,0,0,0,0,0.321248,2.5906355,2.409478,6.1779213,-47.60489,-0.99854434,-20.496586,0.91856396,0.000000
112,2,0,0,0,0,0.204894,1.7404875,1.9895744,4.551255,-32.900005,-1.2869942,-13.393203,0.3511861,0.000000
113,2,0,0,0,0,0.612494,1.5652384,1.8501395,4.243498,-15.510197,-1.3568265,-4.472283,0.4729306,0.000000
113,2,0,0,0,0,0.568527,1.9056401,2.0960164,4.8422136,-10.863813,-1.1831664,2.1818285,0.38920623,0.000000
113,2,0,0,0,0,0.564192,2.2667007,2.131043,4.872985,-7.753022,-1.001514,-0.96635354,0.3557328,0.000000
113,2,0,0,0,0,0.492785,1.7670319,2.0082738,4.602827,-25.869204,-1.2226291,-4.499117,0.46437806,0.000000
113,2,0,0,0,0,0.369698,2.601528,2.7332106,6.7834253,-24.268879,-0.7272686,-7.9750357,0.49709198,0.000000
113,2,0,0,0,0,0.343694,2.5661588,2.6795175,6.789573,-47.994766,-0.8928411,-20.656412,0.8309428,0.000000
114,2,0,0,0,0,0.624464,1.5601201,1.848278,4.2434072,-15.470795,-1.371001,-4.480104,0.48440373,0.000000
114,2,0,0,0,0,0.576109,2.2010021,2.1049638,4.8056326,-7.6830506,-1.021956,-0.9649502,0.35676646,0.000000
114,2,0,0,0,0,0.555439,1.898128,2.0958571,4.838099,-10.887066,-1.174467,2.1858447,0.39230984,0.000000
114,2,0,0,0,0,0.465407,1.7534485,1.9954036,4.557681,-25.562618,-1.1586233,-4.340141,0.40916318,0.000000
114,2,0,0,0,0,0.355049,2.643058,2.7385495,6.8702526,-24.202564,-0.70391715,-7.9015846,0.51801527,0.000000
114,2,0,0,0,0,0.327671,2.586825,2.3967388,6.168746,-47.584824,-0.98594165,-20.499058,0.8944659,0.000000
114,2,0,0,0,0,0.314865,1.7265725,1.9442936,4.6018724,-52.398823,-1.265173,-12.576416,0.13039538,0.000000
114,2,0,0,0,0,0.235858,1.5721955,1.8840091,4.1626253,50.880463,-1.5167748,-32.867527,-0.6840358,0.000000
115,2,0,0,0,0,0.622981,1.5688491,1.8524243,4.2551174,-15.500636,-1.3669708,-4.4785867,0.4666229,0.000000
115,2,0,0,0,0,0.617865,1.7071545,1.9761009,4.416665,-25.145397,-1.1613233,-4.0976605,0.44659674,0.000000
115,2,0,0,0,0,0.578817,2.2051363,2.1085896,4.8332167,-7.7037697,-1.0559244,-0.9566796,0.3521815,0.000000
115,2,0,0,0,0,0.535818,1.9145616,2.1091075,4.8664227,-10.878123,-1.1779916,2.1993015,0.40272337,0.000000
115,2,0,0,0,0,0.340850,2.6124482,2.7700865,6.9842353,-24.157124,-0.70188975,-7.832424,0.53129256,0.000000
115,2,0,0,0,0,0.335323,2.584137,2.6943533,6.8675423,-47.963627,-0.90684223,-20.583752,0.81533855,0.000000
115,2,0,0,0,0,0.301764,1.6549811,1.9930662,4.688169,-52.182354,-1.3670596,-12.167393,-0.40210366,0.000000
115,2,0,0,0,0,0.232422,1.6968285,1.9751797,4.4691343,-32.938065,-1.3414085,-13.273197,0.39728636,0.000000
115,2,0,0,0,0,0.211426,1.8319693,2.1047564,4.670235,47.80271,-1.4375978,30.390966,0.4732039,0.000000
116,2,0,0,0,0,0.645296,1.702759,1.9981599,4.5102005,-24.851316,-1.1044866,-3.994927,0.4254114,0.000000
116,2,0,0,0,0,0.635637,1.5569379,1.8460491,4.243684,-15.507298,-1.3790262,-4.481808,0.4587884,0.000000
116,2,0,0,0,0,0.572919,1.9159017,2.0937104,4.831212,-10.87804,-1.1780925,2.2090135,0.39892069,0.000000
116,2,0,0,0,0,0.571590,2.196064,2.1019695,4.7975187,-7.667964,-1.0447636,-0.94011056,0.3600337,0.000000
116,2,0,0,0,0,0.379528,2.6853967,2.7546625,6.872284,-24.086185,-0.6496757,-7.7896137,0.5380602,0.000000
116,2,0,0,0,0,0.335955,2.57514,2.4097002,6.166179,-47.600624,-0.99588555,-20.474497,0.91418076,0.000000
117,2,0,0,0,0,0.600082,1.5445113,1.8403673,4.241765,-15.534054,-1.3859595,-4.523584,0.49013805,0.000000
117,2,0,0,0,0,0.576791,1.7479656,2.038466,4.640529,-24.423449,-1.1076515,-3.827392,0.3971642,0.000000
117,2,0,0,0,0,0.571975,2.2162871,2.1093352,4.8269544,-7.7418356,-1.0364048,-0.9674797,0.35131666,0.000000
117,2,0,0,0,0,0.569655,1.8934841,2.0914228,4.841918,-10.874368,-1.1784396,2.1871235,0.39065602,0.000000
117,2,0,0,0,0,0.339775,2.5975518,2.7794251,7.0085845,-24.224806,-0.7014091,-7.9165235,0.514086,0.000000
117,2,0,0,0,0,0.336458,2.5724483,2.7000897,6.900395,-47.93959,-0.8953395,-20.595392,0.83774644,0.000000
118,2,0,0,0,0,0.609546,1.5635085,1.8477148,4.2422943,-15.461037,-1.3835924,-4.483238,0.48455033,0.000000
118,2,0,0,0,0,0.571498,2.1900015,2.096808,4.78313,-7.7380247,-1.0386057,-0.9749973,0.36806098,0.000000
118,2,0,0,0,0,0.531773,1.9034414,2.1049936,4.8596964,-10.882218,-1.1831193,2.1972694,0.40267777,0.000000
118,2,0,0,0,0,0.479195,1.804008,1.9881487,4.5255947,-24.01233,-1.1512268,-3.5968356,0.38498506,0.000000
118,2,0,0,0,0,0.334834,2.618923,2.7132423,6.907141,-47.9546,-0.85763156,-20.583572,0.8265319,0.000000
118,2,0,0,0,0,0.297932,2.9522629,2.9192705,7.823273,-24.737663,-0.57363844,-7.909538,0.5538129,0.000000
118,2,0,0,0,0,0.229209,1.8765306,2.1754682,4.828889,47.799187,-1.3977313,30.583881,0.60773355,0.000000
119,2,0,0,0,0,0.617795,1.5689802,1.8511885,4.2551427,-15.518255,-1.380374,-4.4859834,0.47106063,0.000000
119,2,0,0,0,0,0.608168,1.8207276,2.000614,4.5618505,-23.794273,-1.1390411,-3.4692502,0.38561803,0.000000
119,2,0,0,0,0,0.565981,1.9078116,2.0879335,4.8290277,-10.878041,-1.1810143,2.1984959,0.40024072,0.000000
119,2,0,0,0,0,0.561326,2.236149,2.1188006,4.8342714,-7.7043915,-0.99904263,-0.9513892,0.35628653,0.000000
119,2,0,0,0,0,0.329142,2.7172904,2.8009586,7.1297307,-24.225752,-0.6353791,-7.8473105,0.5236174,0.000000
119,2,0,0,0,0,0.328317,2.5918562,2.4012947,6.160486,-47.603287,-0.98389906,-20.502184,0.9210673,0.000000
120,2,0,0,0,0,0.590355,1.5617766,1.8435884,4.240452,-15.503123,-1.3782297,-4.5331593,0.49465457,0.000000
120,2,0,0,0,0,0.574720,1.7954202,2.0119228,4.5789185,-23.508331,-1.1654108,-3.414383,0.43148607,0.000000
120,2,0,0,0,0,0.570166,2.2199929,2.1134114,4.841861,-7.7586055,-1.0585848,-0.98877776,0.35936022,0.000000
120,2,0,0,0,0,0.549201,1.91046,2.1033123,4.8632216,-10.8774185,-1.1825907,2.1950681,0.39856964,0.000000
120,2,0,0,0,0,0.338958,2.5542288,2.38662,6.1809607,-47.567818,-1.0330355,-20.520037,0.9108005,0.000000
120,2,0,0,0,0,0.310990,2.72155,2.8061297,7.1251707,-24.222013,-0.6506636,-7.864959,0.510167,0.000000
120,2,0,0,0,0,0.215265,1.8529058,1.9924273,4.7400317,-48.933884,-0.9957018,-12.216898,-0.079025604,0.000000
120,2,0,0,0,0,0.203054,1.6313589,1.8935943,4.3920484,50.909782,-1.4869088,-33.170807,2.3582063,0.000000
121,2,0,0,0,0,0.632209,1.5820633,1.8546002,4.240336,-15.470708,-1.3619592,-4.458876,0.4559236,0.000000
121,2,0,0,0,0,0.579992,2.1874628,2.09641,4.7795305,-7.717577,-1.0298634,-0.9614489,0.36580503,0.000000
121,2,0,0,0,0,0.561011,1.90749,2.095843,4.840695,-10.872667,-1.181615,2.186778,0.39840993,0.000000
121,2,0,0,0,0,0.502731,1.7626865,2.0136254,4.771221,-23.007729,-1.1566266,-3.2064657,0.41191065,0.000000
121,2,0,0,0,0,0.333625,2.5740662,2.71019,6.9138336,-47.963333,-0.89836884,-20.580013,0.82792044,0.000000
121,2,0,0,0,0,0.319235,3.0062585,2.9276087,8.024641,-24.670301,-0.5344231,-7.8290544,0.5473169,0.000000
121,2,0,0,0,0,0.241555,1.8394785,2.1366026,4.765912,47.836403,-1.3939542,30.496536,0.5612052,0.000000
121,2,0,0,0,0,0.208328,1.7680597,2.0583305,5.0822854,-48.671402,-1.0515118,-11.922806,-0.18666036,0.000000
121,2,0,0,0,0,0.205044,1.7706668,1.9950061,4.513883,39.347294,-1.035107,-4.008883,1.8343097,0.000000
