0,2,0,0,0,0,0.599996,1.8479218,2.0687425,4.468651,-51.186012,-0.78832805,-1.8111774,0.061879072,0.000000
0,2,0,0,0,0,0.281394,1.635082,1.8917129,4.232498,63.81772,-1.6828078,5.316918,0.14269939,0.000000
0,2,0,0,0,0,0.228327,1.6423044,1.9546881,4.3288455,-1.6526241,-3.6543884,-23.428576,0.9819709,0.000000
0,2,0,0,0,0,0.223794,4.106475,3.4389157,23.769428,-35.601875,0.051214695,3.5923252,0.20726734,0.000000
0,2,0,0,0,0,0.214537,1.5802836,1.9392574,4.402975,40.731922,-1.6328936,8.646268,-0.2762737,0.000000
0,2,0,0,0,0,0.210219,1.602893,1.9354151,4.85124,23.77845,-2.6270282,-24.713324,1.9445113,0.000000
1,2,0,0,0,0,0.410847,1.767482,2.0571396,4.4007564,-51.227333,-0.93126404,-1.730409,0.08809677,0.000000
1,2,0,0,0,0,0.283016,1.6691655,1.9528875,4.3171444,41.365356,-1.5097332,8.698433,-0.071648136,0.000000
1,2,0,0,0,0,0.249894,1.5544705,1.8620026,4.3218255,-8.995435,-2.4633675,-25.288239,1.8848456,0.000000
2,2,0,0,0,0,0.527831,1.7159482,2.0218732,4.3789587,-51.0816,-0.93746835,-1.8968334,0.0546655,0.000000
2,2,0,0,0,0,0.353928,1.9325876,2.033089,4.647544,19.701637,-3.2984085,-23.257612,-0.014109175,0.000000
2,2,0,0,0,0,0.274232,4.078327,3.38035,23.02433,-35.44412,0.05135864,3.812623,0.22054347,0.000000
2,2,0,0,0,0,0.259095,1.6196266,1.9438362,4.4757056,42.17778,-1.5862291,8.695296,-0.19487663,0.000000
2,2,0,0,0,0,0.251535,1.599513,1.8815322,4.1149006,63.99745,-1.740465,5.213642,0.08809394,0.000000
2,2,0,0,0,0,0.216790,1.555634,1.8595926,4.207554,-12.178026,-3.2040875,-23.835455,-0.01576016,0.000000
3,2,0,0,0,0,0.404093,1.8953182,2.0920088,4.6565866,-50.832497,-0.96658355,-1.5053651,0.047281474,0.000000
3,2,0,0,0,0,0.308462,1.6098068,1.9299084,4.2175174,-44.58022,-1.8491473,-26.455662,-0.3601814,0.000000
3,2,0,0,0,0,0.294518,1.5810868,1.8835646,4.1042643,64.02883,-1.6894047,5.2532287,0.121036544,0.000000
3,2,0,0,0,0,0.237559,1.6377797,1.9622549,4.7632546,15.550861,-3.0787907,-24.966541,1.7131507,0.000000
3,2,0,0,0,0,0.224408,4.077321,3.368196,23.309137,-35.648197,0.09110695,3.5876746,0.18010962,0.000000
3,2,0,0,0,0,0.218214,1.6173453,1.9307597,4.3567476,42.615765,-1.7445748,8.543552,-0.13969867,0.000000
4,2,0,0,0,0,0.602545,1.9384849,2.0690017,4.6308274,-50.96779,-0.8880683,-1.5723716,0.04879155,0.000000
4,2,0,0,0,0,0.273281,1.6272521,1.9358312,4.6502748,12.477939,-2.8751726,-24.890364,1.5774636,0.000000
4,2,0,0,0,0,0.256204,1.5536603,1.9645158,4.708457,-21.541368,-2.3469958,-26.363052,1.69834,0.000000
4,2,0,0,0,0,0.227056,1.5904024,1.936867,4.17949,43.1366,-1.6273569,8.812237,0.09609993,0.000000
4,2,0,0,0,0,0.226330,1.6977904,1.9486138,4.4518666,-13.130602,-3.316351,-22.834633,-0.096170545,0.000000
4,2,0,0,0,0,0.204619,1.6594586,1.9411947,4.261684,-31.586002,-1.4313304,-20.057528,0.4675316,0.000000
5,2,0,0,0,0,0.483446,1.7540922,2.0670974,4.4151063,-50.82369,-0.95280564,-1.7136161,0.100891665,0.000000
5,2,0,0,0,0,0.338509,1.6215467,1.8695967,4.1610875,-20.454092,-3.1974826,-23.979315,-0.18796101,0.000000
5,2,0,0,0,0,0.311362,1.657245,1.9358608,4.5806756,64.547005,-1.6384904,5.3104415,0.011299927,0.000000
5,2,0,0,0,0,0.242875,1.7253174,1.9559615,4.2776513,-34.12646,-1.2702081,-20.674273,1.0287311,0.000000
5,2,0,0,0,0,0.242649,4.128396,3.3018103,24.47426,-35.391247,0.13889939,3.620903,0.15482694,0.000000
5,2,0,0,0,0,0.228963,2.6097054,2.5157483,6.1317577,-27.558662,-0.7329922,2.9311574,0.04076646,0.000000
5,2,0,0,0,0,0.203683,3.232789,2.9267945,17.031694,-50.87442,-0.2557683,11.386699,0.0759041,0.000000
6,2,0,0,0,0,0.436282,1.8366683,2.041365,4.670042,-50.669624,-0.99958396,-1.4997122,0.09815411,0.000000
6,2,0,0,0,0,0.314847,1.6810802,1.9254858,4.5072517,64.631386,-1.6059558,5.132629,-0.04018837,0.000000
6,2,0,0,0,0,0.269258,1.6200686,1.9316491,4.241179,44.634293,-1.5765254,8.735833,-0.050841253,0.000000
6,2,0,0,0,0,0.263755,1.6667905,1.9807425,4.462492,26.787323,-3.211884,-24.545015,0.19768047,0.000000
6,2,0,0,0,0,0.211485,1.6248446,1.8960923,3.9642475,-36.580673,-1.2449489,-20.047318,0.41719565,0.000000
6,2,0,0,0,0,0.204521,4.0161476,3.2144852,23.396236,-34.489494,0.08239788,3.7825012,0.15510187,0.000000
7,2,0,0,0,0,0.586879,1.9944394,2.1163,4.7737136,-50.83606,-0.8394686,-1.505079,-0.020396467,0.000000
7,2,0,0,0,0,0.272227,1.6860883,1.9251269,4.17473,-39.71195,-1.0796101,-20.076096,0.42782092,0.000000
7,2,0,0,0,0,0.232519,3.1698859,2.8647733,16.316832,-51.093697,-0.26092803,11.396468,0.061988134,0.000000
7,2,0,0,0,0,0.227018,1.7446375,1.96092,4.563946,22.085014,-3.5028763,-26.503708,0.19950694,0.000000
7,2,0,0,0,0,0.219954,4.104161,3.263588,24.380545,-34.097923,0.1416958,3.7057266,0.1474862,0.000000
7,2,0,0,0,0,0.217787,1.5876081,1.9509524,4.3889823,5.5229893,-1.592029,-24.379782,-0.5084386,0.000000
7,2,0,0,0,0,0.207970,1.5873172,1.7952545,4.070989,-20.487219,-3.3628745,-23.765781,0.21261503,0.000000
8,2,0,0,0,0,0.691267,2.065131,2.0837035,4.8082743,-50.915203,-0.8097354,-1.4632478,0.031447615,0.000000
8,2,0,0,0,0,0.305652,1.6610258,1.9723668,4.389137,46.05311,-1.6633137,9.040676,-0.12543608,0.000000
8,2,0,0,0,0,0.283524,1.7867928,1.9878881,4.393914,-42.085304,-1.1036075,-20.464603,0.994348,0.000000
8,2,0,0,0,0,0.220131,1.8876367,2.267754,5.554764,-29.715088,-2.5680647,-24.651516,0.125965,0.000000
8,2,0,0,0,0,0.203319,1.6887336,1.9591103,4.6214256,2.655549,-1.678973,-25.000507,2.3242095,0.000000
8,2,0,0,0,0,0.200443,3.1360044,2.8670092,17.511293,-49.63597,-0.23804355,11.363107,0.0513659,0.000000
9,2,0,0,0,0,0.664746,2.0839143,2.1475778,4.8462653,-50.773697,-0.8012775,-1.3136673,-0.022529334,0.000000
9,2,0,0,0,0,0.286263,3.2493823,2.8843105,17.047642,-49.13593,-0.2152046,11.351051,0.08048585,0.000000
9,2,0,0,0,0,0.279309,1.5647196,1.9387894,4.3089423,-31.495434,-2.62567,-24.511982,-0.32996055,0.000000
9,2,0,0,0,0,0.274665,1.6158609,1.9322194,4.5502167,-35.942894,-2.2292027,-25.317408,-0.32248875,0.000000
9,2,0,0,0,0,0.233705,1.6125021,1.9203179,4.4749646,19.734854,-2.6564732,-25.107395,1.6806841,0.000000
9,2,0,0,0,0,0.232663,4.1728396,3.3061829,24.406622,-33.924934,0.12831956,3.6990247,0.15643473,0.000000
9,2,0,0,0,0,0.209528,1.6790166,1.9855697,4.68302,-0.22848038,-2.0519543,-24.976917,2.2293205,0.000000
10,2,0,0,0,0,0.690889,1.9498787,2.0687187,4.6632066,-50.641975,-0.93619204,-1.3302155,0.05500329,0.000000
10,2,0,0,0,0,0.357463,1.5463719,1.892482,4.1913495,-31.450886,-1.3622453,-11.519558,0.09899898,0.000000
10,2,0,0,0,0,0.291975,1.5828013,1.963711,4.488818,47.14274,-1.7009356,9.004036,-0.17871065,0.000000
10,2,0,0,0,0,0.265183,1.6020366,1.9701414,4.4327636,-33.91848,-2.5940816,-24.84644,2.0024934,0.000000
10,2,0,0,0,0,0.259215,1.9594289,2.127197,4.8137136,-18.234295,-1.3070555,-27.879871,-0.5636037,0.000000
10,2,0,0,0,0,0.227506,1.5830383,1.9865589,4.5610685,-37.313557,-2.2343125,-26.515324,2.0332737,0.000000
10,2,0,0,0,0,0.205550,4.183415,3.342329,24.12188,-33.91088,0.15581298,3.8148003,0.17325547,0.000000
11,2,0,0,0,0,0.705994,1.903408,2.0803707,4.5968833,-50.392994,-0.86204517,-1.2697768,-0.07628265,0.000000
11,2,0,0,0,0,0.231930,1.6036081,1.9071541,4.4164057,-41.320835,-2.2272377,-25.308527,-0.15965165,0.000000
11,2,0,0,0,0,0.224743,4.0730305,3.271562,24.048506,-34.099174,0.12819725,3.7271404,0.15110645,0.000000
11,2,0,0,0,0,0.215793,1.7485247,1.9988484,4.5723243,-6.6567326,-2.6163526,-25.122885,1.5793977,0.000000
11,2,0,0,0,0,0.200913,3.2068675,2.8702729,16.412342,-49.53237,-0.2314738,11.38373,0.04791495,0.000000
12,2,0,0,0,0,0.723587,1.9917991,2.094719,4.721283,-50.54401,-0.91643465,-1.3425481,-4.7140522e-05,0.000000
12,2,0,0,0,0,0.324275,1.6672978,1.9755402,4.5588064,-8.640742,-2.1723762,-25.24807,1.8423938,0.000000
12,2,0,0,0,0,0.245597,1.6255722,1.9070054,4.448837,-44.012215,-2.1921139,-25.485447,-0.22313151,0.000000
12,2,0,0,0,0,0.244212,4.230021,3.4267902,24.675163,-33.508392,0.16689849,3.7007067,0.12823477,0.000000
12,2,0,0,0,0,0.231618,2.6016831,2.5764909,6.6201873,-26.269985,-0.5136435,3.1494112,0.13025102,0.000000
12,2,0,0,0,0,0.204543,1.7513571,1.9862972,4.5162067,-24.310978,-1.5384547,-28.394207,2.3202662,0.000000
13,2,0,0,0,0,0.647972,1.8212326,2.0718968,4.5463467,-50.445892,-0.92688286,-1.217983,-0.03477346,0.000000
13,2,0,0,0,0,0.279866,2.0081427,2.0304515,4.8632207,-10.488092,-3.063694,-23.679409,0.14972131,0.000000
13,2,0,0,0,0,0.240660,4.0677986,3.2522638,23.684639,-32.664917,0.09154558,3.8190985,0.14373448,0.000000
13,2,0,0,0,0,0.218396,2.008253,2.1326666,4.852086,-26.555325,-1.4395995,-27.88686,-0.51802903,0.000000
14,2,0,0,0,0,0.704156,1.9298235,2.0553493,4.602626,-50.298927,-0.85369515,-1.2760997,-0.067892894,0.000000
14,2,0,0,0,0,0.339459,1.6600838,1.9083011,4.3999267,-13.822979,-2.0006924,-25.172527,2.0787807,0.000000
14,2,0,0,0,0,0.251605,1.4764624,1.8984628,4.14619,-42.580723,-1.1694251,-11.642057,-0.0075348113,0.000000
14,2,0,0,0,0,0.248086,3.98661,3.1654906,23.653809,-32.836006,0.09376079,3.8767948,0.14588371,0.000000
14,2,0,0,0,0,0.223453,1.9263024,2.169167,4.9537764,-42.48832,-1.3562741,-15.393604,1.2761267,0.000000
15,2,0,0,0,0,0.655896,1.8655081,2.0739784,4.6188893,-50.39273,-0.93907964,-1.2207778,0.01020736,0.000000
16,2,0,0,0,0,0.710256,1.9176354,2.0560374,4.607944,-50.28676,-0.88195586,-1.1246719,-0.06026444,0.000000
16,2,0,0,0,0,0.286414,1.6608768,2.021345,4.395665,-19.72104,-1.7161705,-25.354328,1.7629906,0.000000
16,2,0,0,0,0,0.236611,4.064886,3.3031714,24.204617,-33.972404,0.12334967,3.779005,0.1462535,0.000000
16,2,0,0,0,0,0.232281,2.237937,2.4380262,5.7132497,-34.316845,-1.0560904,-28.555798,-0.66193354,0.000000
16,2,0,0,0,0,0.221833,1.9762493,2.0148606,4.5090284,-63.4747,-0.98061854,-20.600521,0.061564337,0.000000
17,2,0,0,0,0,0.675103,1.8268008,2.0485313,4.6310186,-50.289703,-1.016854,-1.2619503,-0.009586198,0.000000
17,2,0,0,0,0,0.294752,1.6410241,1.9223818,4.3424683,-21.755917,-1.5591587,-25.354134,2.0623112,0.000000
17,2,0,0,0,0,0.272188,1.5979865,1.8701496,4.1182942,-50.292965,-1.1872555,-11.69689,-0.030831514,0.000000
17,2,0,0,0,0,0.212550,4.1604223,3.376964,24.192251,-33.797157,0.17670113,3.9269052,0.1733519,0.000000
18,2,0,0,0,0,0.623408,1.7491932,2.016499,4.5718555,-50.24781,-0.99024785,-1.132824,-0.09109765,0.000000
18,2,0,0,0,0,0.236222,1.6163111,1.9466598,4.5519295,-26.569038,-1.7744946,-23.468756,-0.3955143,0.000000
18,2,0,0,0,0,0.218067,4.019859,3.3162432,23.918226,-34.126736,0.088052034,3.7754455,0.16866644,0.000000
18,2,0,0,0,0,0.205155,1.6363406,1.9942698,4.5336943,-24.21795,-1.2341413,-11.883758,1.3886285,0.000000
18,2,0,0,0,0,0.204525,1.9231918,2.1792037,4.8900013,-53.724552,-0.9301497,-14.486959,-0.19196421,0.000000
19,2,0,0,0,0,0.731432,2.0079222,2.1004791,4.7578464,-50.403076,-0.81772375,-1.167485,-0.01842985,0.000000
19,2,0,0,0,0,0.337912,1.690953,1.9527512,4.2174373,26.535862,-1.3863652,-13.360588,-0.34495282,0.000000
19,2,0,0,0,0,0.253451,3.9794517,3.2303283,22.398169,-32.93284,0.06423491,3.8158107,0.13259335,0.000000
19,2,0,0,0,0,0.246333,1.8713521,2.0555143,4.464443,-29.969995,-0.91195536,-10.063684,0.84831953,0.000000
19,2,0,0,0,0,0.234383,1.5728743,1.8858993,4.3707767,-42.97962,-1.3099848,-10.256859,-0.006724769,0.000000
19,2,0,0,0,0,0.201307,1.6543293,1.9992288,4.356365,-27.843685,-1.6062002,-25.444397,1.8037268,0.000000
20,2,0,0,0,0,0.644679,1.7523491,1.9881786,4.577129,-50.206852,-0.96137273,-1.0830867,-0.0758171,0.000000
20,2,0,0,0,0,0.390490,1.8288403,2.0756984,4.820547,24.468403,-1.3246952,-13.611885,-0.2600486,0.000000
20,2,0,0,0,0,0.386022,1.4966464,1.8485208,4.1376104,-45.866737,-1.1678813,-10.16621,0.02163148,0.000000
20,2,0,0,0,0,0.239360,3.9913602,3.224446,22.703384,-32.824158,0.072719395,3.9106092,0.13357541,0.000000
20,2,0,0,0,0,0.207715,1.7193742,1.930204,4.5412235,66.16323,-1.7783245,5.1603518,0.10317345,0.000000
21,2,0,0,0,0,0.673640,1.8020971,2.03825,4.5416284,-50.324207,-1.0292089,-1.0267472,-0.09600595,0.000000
21,2,0,0,0,0,0.322383,1.7201827,1.9273924,4.2221775,-35.05684,-0.9022535,-10.50935,1.0098125,0.000000
21,2,0,0,0,0,0.313213,1.797656,2.0299249,4.658975,21.367613,-1.3975135,-13.937911,-0.30655062,0.000000
21,2,0,0,0,0,0.274217,1.5795708,1.929587,4.414428,-48.913498,-1.183671,-10.230346,-0.027510222,0.000000
21,2,0,0,0,0,0.255269,1.6976099,2.0521514,4.6651692,-32.17807,-1.1021404,-11.83713,1.3923104,0.000000
21,2,0,0,0,0,0.231631,3.9596,3.2634606,22.34839,-34.18251,0.075651884,4.1478176,0.19178537,0.000000
21,2,0,0,0,0,0.208246,3.5887823,3.0671325,18.856415,-1.6992645,-0.044863462,-34.461506,-0.103059605,0.000000
22,2,0,0,0,0,0.673959,1.8628988,2.0061018,4.6026607,-50.30752,-1.0276904,-1.166523,-0.0633189,0.000000
22,2,0,0,0,0,0.485653,1.8492677,2.0110676,4.4886856,18.624239,-1.2955459,-13.952131,-0.26468793,0.000000
22,2,0,0,0,0,0.379006,1.5362453,1.8435793,4.06574,-51.143158,-1.2989265,-10.172928,-0.1309588,0.000000
22,2,0,0,0,0,0.285433,1.9223528,2.0729759,4.4852567,-37.69483,-0.86160743,-10.459316,0.8742355,0.000000
22,2,0,0,0,0,0.256921,4.020081,3.2539976,22.72894,-32.73958,0.07947892,4.055244,0.14737974,0.000000
22,2,0,0,0,0,0.209434,1.6164448,1.9493804,4.5411196,-15.225861,-1.9704458,-26.419205,2.2319617,0.000000
23,2,0,0,0,0,0.713331,1.8773384,2.0622058,4.622016,-50.44332,-1.0400684,-1.1386285,-0.05594604,0.000000
23,2,0,0,0,0,0.389927,1.5910108,1.877056,4.223937,-52.907368,-1.3432869,-10.29179,-0.038080204,0.000000
23,2,0,0,0,0,0.283649,1.7713008,2.0508058,4.481975,-40.62068,-1.0147797,-10.619128,0.935259,0.000000
23,2,0,0,0,0,0.252317,4.0792747,3.3211763,22.482742,-32.518974,0.08091068,4.1525865,0.1654733,0.000000
23,2,0,0,0,0,0.223912,1.629657,1.9371903,4.2759743,-37.395,-1.0927413,-10.894827,1.4533595,0.000000
23,2,0,0,0,0,0.218444,1.8596656,2.029473,4.4228578,-66.76469,-0.7315637,-14.676117,-0.13911827,0.000000
23,2,0,0,0,0,0.216673,1.5783553,1.919952,4.224379,-37.44487,-1.6603777,-25.032486,-0.26215878,0.000000
24,2,0,0,0,0,0.674464,1.7558372,1.9906731,4.4349904,-50.251167,-1.0708201,-1.1644049,-0.08468247,0.000000
24,2,0,0,0,0,0.332860,1.5762501,1.9506736,4.3117213,-10.405533,-3.1913996,-24.955252,1.6651998,0.000000
24,2,0,0,0,0,0.235356,4.0410304,3.2774239,22.3877,-32.801178,0.081394434,4.1578193,0.17103735,0.000000
24,2,0,0,0,0,0.223961,1.6461531,1.9350685,4.152391,-40.936893,-1.6331456,-25.422417,2.0408254,0.000000
24,2,0,0,0,0,0.220368,1.6778302,1.9602485,4.3115206,-57.022194,-1.0272382,-10.33363,-0.1709523,0.000000
25,2,0,0,0,0,0.639499,1.8661928,2.0179312,4.6398783,-50.266155,-0.96246505,-1.1002455,-0.10412887,0.000000
25,2,0,0,0,0,0.264386,1.6758664,1.9819251,4.739412,-60.03078,-1.0484415,-10.324508,-0.07631751,0.000000
25,2,0,0,0,0,0.253821,4.1542234,3.436385,23.52912,-32.234055,0.10435176,3.981401,0.18728048,0.000000
25,2,0,0,0,0,0.252975,1.6465898,1.9578142,4.451983,-24.953926,-1.8087848,-24.805927,-0.50975215,0.000000
26,2,0,0,0,0,0.645286,1.9907014,2.1055343,4.757158,-50.512756,-0.9777057,-1.1387371,-0.045513853,0.000000
26,2,0,0,0,0,0.412495,1.5619102,1.8796098,4.354455,-26.77864,-2.5319223,-26.472996,1.3509178,0.000000
26,2,0,0,0,0,0.249820,1.5021592,1.8960809,4.2630343,-20.117252,-1.8725533,-16.606634,-0.47983706,0.000000
26,2,0,0,0,0,0.233244,1.8343916,2.0835614,4.7332582,-47.641903,-1.5387764,-24.538822,-0.46789342,0.000000
26,2,0,0,0,0,0.222043,4.140473,3.421491,22.957481,-32.2443,0.109690666,4.098166,0.15405342,0.000000
26,2,0,0,0,0,0.201197,1.6863511,1.969769,4.5355945,-62.04818,-1.0664115,-10.511915,-0.024688188,0.000000
27,2,0,0,0,0,0.675377,1.7271833,1.9753338,4.421682,-50.255703,-1.0805907,-1.047678,-0.037669837,0.000000
27,2,0,0,0,0,0.272235,1.5467614,1.8988831,4.230666,-22.97131,-1.8004866,-16.719666,2.088468,0.000000
27,2,0,0,0,0,0.249090,1.7064424,2.0241733,4.6826043,-29.257954,-2.1128035,-26.5159,1.7146101,0.000000
27,2,0,0,0,0,0.236353,4.221937,3.4716153,23.343283,-32.142544,0.15383857,4.454294,0.16747622,0.000000
27,2,0,0,0,0,0.220474,2.0608459,2.104084,4.9872394,70.145294,-1.0318301,-6.2686806,0.04864975,0.000000
27,2,0,0,0,0,0.216268,1.7777824,2.0987008,4.915145,-50.56809,-1.3906236,-24.286112,-0.52499527,0.000000
27,2,0,0,0,0,0.215098,3.1686103,2.973771,8.839667,-26.521208,-0.46294034,3.263092,0.061340727,0.000000
28,2,0,0,0,0,0.642739,1.7647585,2.0250502,4.5104756,-50.530106,-0.99642843,-1.1215189,-0.014191494,0.000000
28,2,0,0,0,0,0.225130,1.6468229,1.9483706,4.4416494,-31.128944,-1.7883586,-26.581755,2.2916722,0.000000
28,2,0,0,0,0,0.215786,1.5033256,1.8770456,4.2620296,-25.76028,-1.8469319,-16.56653,2.0372672,0.000000
28,2,0,0,0,0,0.215437,4.032853,3.2166314,21.1554,-31.537748,0.034172595,4.352998,0.15574563,0.000000
28,2,0,0,0,0,0.200036,1.611197,1.9257826,4.2991977,15.568872,-1.6669501,-18.29076,-0.47015938,0.000000
29,2,0,0,0,0,0.678978,1.8919461,2.0693593,4.6553783,-50.56343,-1.0126419,-1.1109403,-0.047809757,0.000000
29,2,0,0,0,0,0.303852,4.048107,3.3142366,22.669188,-32.407265,0.061533988,4.3532805,0.20133778,0.000000
29,2,0,0,0,0,0.219712,1.7038785,1.9965731,4.5090427,12.736633,-1.5295506,-18.815725,2.4024158,0.000000
30,2,0,0,0,0,0.714921,1.8810873,2.0532005,4.5982957,-50.779476,-1.028127,-1.221927,-0.032856487,0.000000
30,2,0,0,0,0,0.278930,1.8238096,2.1691995,5.1406612,-58.599754,-1.2692645,-24.312212,-0.47846243,0.000000
30,2,0,0,0,0,0.265679,1.6113682,1.9089977,4.1944284,10.312415,-1.5319726,-18.370777,-0.47640637,0.000000
30,2,0,0,0,0,0.246320,4.1337996,3.4600577,22.785543,-32.172943,0.09298873,4.320472,0.14261211,0.000000
31,2,0,0,0,0,0.733073,1.8879223,2.0903697,4.614132,-50.964996,-1.0936017,-1.2656411,-0.01083769,0.000000
31,2,0,0,0,0,0.303444,4.036949,3.3167205,22.567865,-32.387337,0.05209303,4.285161,0.1557335,0.000000
31,2,0,0,0,0,0.291894,1.6562982,1.9269158,4.3637524,7.453252,-1.9113297,-18.53825,-0.401861,0.000000
32,2,0,0,0,0,0.681481,1.8865504,2.0993059,4.623744,-50.928078,-1.0732988,-1.2618144,-0.02828188,0.000000
32,2,0,0,0,0,0.305657,4.1881456,3.4615169,23.309929,-31.973705,0.091721535,4.42768,0.17757964,0.000000
32,2,0,0,0,0,0.258702,1.6049247,1.964586,4.700298,-37.715195,-1.5725712,-21.52391,-0.1764374,0.000000
32,2,0,0,0,0,0.229792,1.600855,1.9062554,4.289401,4.4074645,-1.7249284,-18.990494,2.3024716,0.000000
33,2,0,0,0,0,0.668252,1.8673742,2.0981905,4.582841,-50.93869,-1.0099901,-1.2316265,-0.029174829,0.000000
33,2,0,0,0,0,0.264231,4.034456,3.2995286,22.188131,-31.184818,0.027946293,4.4800673,0.1763414,0.000000
33,2,0,0,0,0,0.255427,1.5760722,1.8776544,4.1359863,-14.035545,-1.7743919,-14.9629345,2.0631866,0.000000
33,2,0,0,0,0,0.245656,2.7315347,2.421213,6.0679245,-23.50319,-0.6594125,3.260299,0.05441501,0.000000
34,2,0,0,0,0,0.712521,1.9325786,2.1022034,4.6111116,-50.875114,-1.0139635,-1.3262454,-0.07338373,0.000000
34,2,0,0,0,0,0.273932,4.165355,3.4608176,23.221352,-31.956402,0.1117571,4.3262444,0.18090743,0.000000
34,2,0,0,0,0,0.233035,1.5483316,1.8617129,4.1711855,-16.56174,-1.6693118,-14.821088,-0.5040109,0.000000
34,2,0,0,0,0,0.222832,2.920269,2.8175786,7.621822,-25.0203,-0.5921135,3.2052932,0.03449171,0.000000
35,2,0,0,0,0,0.685116,1.8518119,2.0172915,4.5193896,-50.638206,-1.0937338,-1.3658965,-0.08794759,0.000000
35,2,0,0,0,0,0.264293,4.0736613,3.3840802,23.061111,-32.16095,0.10096979,4.3667054,0.15596086,0.000000
35,2,0,0,0,0,0.214645,1.5128841,1.8520141,4.2371182,18.498032,-2.238284,-15.059795,-0.28452548,0.000000
36,2,0,0,0,0,0.657505,1.8689299,2.0232656,4.6238084,-51.04448,-0.9635496,-1.3663979,-0.037685152,0.000000
36,2,0,0,0,0,0.284355,1.4817435,1.8408465,4.0857987,-21.845413,-1.5043213,-14.900807,-0.573666,0.000000
36,2,0,0,0,0,0.281723,4.078347,3.3040102,21.77958,-31.091675,0.06588513,4.3977757,0.14356528,0.000000
36,2,0,0,0,0,0.228857,1.6519556,1.912072,4.4105306,-6.1159186,-1.8145975,-18.749592,-0.29514945,0.000000
37,2,0,0,0,0,0.704855,1.8676684,2.024886,4.6011896,-51.044342,-0.97156084,-1.3316572,-0.065014526,0.000000
37,2,0,0,0,0,0.253855,4.145731,3.4599724,22.327166,-30.653168,0.084515035,4.433208,0.17515293,0.000000
37,2,0,0,0,0,0.225853,1.6445379,1.9146287,4.4158716,-8.958937,-1.8068528,-18.664307,-0.3054989,0.000000
37,2,0,0,0,0,0.224158,1.5591345,1.9250532,4.3543854,-9.259994,-1.3917174,-13.380867,1.5837965,0.000000
37,2,0,0,0,0,0.208837,1.6367137,1.9188228,4.3292084,-24.567776,-1.4519256,-15.432968,2.2058997,0.000000
37,2,0,0,0,0,0.208607,2.1458101,2.1933622,5.029626,-19.596024,-1.0095844,-14.74626,-0.22981755,0.000000
37,2,0,0,0,0,0.201466,2.4149635,2.3881676,5.790413,-22.903168,-0.769925,3.2148323,-0.0067351633,0.000000
38,2,0,0,0,0,0.567005,1.8717678,2.0474946,4.612687,-51.221153,-0.98998153,-1.4342284,0.046929274,0.000000
38,2,0,0,0,0,0.292118,1.568727,1.8573318,4.2449455,-11.66786,-2.0983658,-18.770683,-0.3607124,0.000000
38,2,0,0,0,0,0.264939,4.102141,3.358883,22.076447,-30.863743,0.07090664,4.302397,0.1445404,0.000000
38,2,0,0,0,0,0.256907,2.105649,2.1197848,4.7576838,-22.881042,-0.9484863,-14.691183,-0.11129103,0.000000
38,2,0,0,0,0,0.213341,2.4751573,2.4264274,5.8395114,-22.871727,-0.77473617,3.184109,0.009134282,0.000000
39,2,0,0,0,0,0.432042,1.8145671,2.0116956,4.614302,-51.22639,-1.0523751,-1.4861922,0.008690301,0.000000
39,2,0,0,0,0,0.253453,4.094681,3.443419,22.573471,-30.715124,0.07855219,4.1793356,0.16485563,0.000000
39,2,0,0,0,0,0.252742,1.6572702,1.8977349,4.374239,-14.188511,-1.859761,-18.652243,-0.22204313,0.000000
39,2,0,0,0,0,0.212857,1.9610686,2.1359239,4.678693,-25.042212,-1.0133891,-14.744956,-0.31265444,0.000000
40,2,0,0,0,0,0.386645,1.8118892,2.0063822,4.491182,-51.24494,-1.0824995,-1.5424042,-0.041432887,0.000000
40,2,0,0,0,0,0.267097,4.173583,3.3681738,23.276302,-30.67249,0.107306,4.1698823,0.14440407,0.000000
40,2,0,0,0,0,0.200014,1.7705559,1.9134909,4.3810487,-48.85343,-1.2938187,-9.309764,-0.13991298,0.000000
41,2,0,0,0,0,0.445480,1.8746645,2.0534654,4.7596865,-51.64147,-1.0570712,-1.4086329,-0.07074681,0.000000
41,2,0,0,0,0,0.252708,4.18756,3.4121206,23.766954,-30.541973,0.11554623,4.1886606,0.17213218,0.000000
41,2,0,0,0,0,0.222820,1.6220993,1.906465,4.1204886,26.536522,-1.5107987,-10.789797,-0.35406145,0.000000
41,2,0,0,0,0,0.212482,1.7098259,1.9041839,4.2619233,63.670536,-1.5569999,8.609708,0.16231205,0.000000
41,2,0,0,0,0,0.209050,1.5337148,1.8926618,4.386586,4.121103,-2.7601051,-28.328693,1.8635381,0.000000
41,2,0,0,0,0,0.201856,2.5747256,2.44346,6.3705134,-23.144627,-0.7276654,3.1937432,0.0448436,0.000000
42,2,0,0,0,0,0.366613,1.7925864,2.0413635,4.8376164,-51.7169,-1.1669478,-1.3576908,-0.123084866,0.000000
42,2,0,0,0,0,0.231395,4.0679173,3.3262887,23.300068,-30.798393,0.0784595,4.114911,0.16419882,0.000000
42,2,0,0,0,0,0.205452,1.7703829,1.9376982,4.4118004,-54.01454,-1.2899007,-9.184942,-0.16398354,0.000000
43,2,0,0,0,0,0.366498,1.9101298,2.0746686,4.869245,-51.775005,-1.0190692,-1.4394779,-0.13738021,0.000000
43,2,0,0,0,0,0.302355,1.7081885,2.0035834,4.457393,29.698177,-1.4418232,-9.102677,-0.123958945,0.000000
43,2,0,0,0,0,0.251165,4.0343385,3.316883,23.325733,-30.76355,0.06766176,3.9033089,0.17009595,0.000000
43,2,0,0,0,0,0.230302,1.5955122,1.9062307,4.212879,-25.352362,-1.2526139,-13.802924,1.5051613,0.000000
44,2,0,0,0,0,0.366088,1.7786602,2.084227,4.6847034,-51.79876,-1.1300137,-1.5939744,-0.1265395,0.000000
44,2,0,0,0,0,0.250965,4.053953,3.2649856,23.518213,-30.812092,0.0914948,4.0900364,0.1399294,0.000000
44,2,0,0,0,0,0.233512,1.6629747,1.9870591,4.424514,-28.17477,-1.31234,-13.74917,1.6877049,0.000000
44,2,0,0,0,0,0.229403,2.614512,2.4582863,6.062914,-22.235329,-0.7361479,3.1844933,0.041900616,0.000000
44,2,0,0,0,0,0.227599,1.9341283,2.0717318,4.8208985,-40.805798,-0.99497604,-15.170569,0.36017522,0.000000
44,2,0,0,0,0,0.219045,2.0004373,2.028945,4.691583,50.35743,-1.1587808,11.773524,-0.1608072,0.000000
44,2,0,0,0,0,0.213505,1.5514331,1.8895457,4.290724,29.643297,-1.8005986,-15.414286,-0.35102054,0.000000
45,2,0,0,0,0,0.502653,1.7921791,2.041763,4.6280513,-51.772522,-1.0374134,-1.6992757,-0.056687932,0.000000
45,2,0,0,0,0,0.292686,1.6720616,1.8502688,4.1452885,-30.361156,-1.4883077,-19.022068,-0.06807322,0.000000
45,2,0,0,0,0,0.281506,1.6044027,1.9513674,4.4437547,-31.814335,-1.2195172,-13.218297,-0.02413846,0.000000
45,2,0,0,0,0,0.238685,1.6910193,1.9626805,4.3595037,56.88312,-1.3982728,-21.742294,-0.39609653,0.000000
45,2,0,0,0,0,0.232518,2.5672603,2.490347,6.217379,-22.331135,-0.7004049,3.1649952,0.05010005,0.000000
45,2,0,0,0,0,0.213423,4.0469537,3.2843418,23.915646,-30.86699,0.096937835,4.1562815,0.16727613,0.000000
46,2,0,0,0,0,0.659338,1.7820714,2.025384,4.600384,-51.92952,-1.1333845,-1.8129033,0.0061863363,0.000000
46,2,0,0,0,0,0.255134,1.6678207,2.0248277,4.7664347,-34.552277,-1.063477,-13.554555,0.23558082,0.000000
46,2,0,0,0,0,0.254182,1.6490793,1.9259362,4.4685497,47.41451,-1.4648788,12.022427,-0.1424891,0.000000
46,2,0,0,0,0,0.232243,3.2802672,2.8507433,16.9749,-37.974873,-0.24935389,11.422338,0.06347714,0.000000
46,2,0,0,0,0,0.211932,1.9175767,2.0490172,4.5791607,-44.017082,-0.82489157,-15.245117,-0.040441208,0.000000
46,2,0,0,0,0,0.202275,3.9418635,3.1850834,23.367815,-29.9887,0.044676483,3.708126,0.11315486,0.000000
47,2,0,0,0,0,0.701247,1.764087,2.027199,4.432005,-52.11908,-1.0378215,-1.8512409,-0.020765726,0.000000
47,2,0,0,0,0,0.283845,2.1001513,2.170877,5.0745606,-48.74391,-0.95234597,-15.493601,0.17195514,0.000000
47,2,0,0,0,0,0.246351,3.2056904,2.8130846,16.357466,-38.070145,-0.26923418,11.445856,0.052706566,0.000000
47,2,0,0,0,0,0.236528,1.6206203,1.9452666,4.461338,-12.061035,-3.087172,-26.609406,1.4183631,0.000000
47,2,0,0,0,0,0.226548,3.9737601,3.2078266,24.040709,-29.636257,0.07238412,3.7615695,0.1164042,0.000000
47,2,0,0,0,0,0.223100,1.7805035,2.0407867,4.779798,-37.56315,-0.9157349,-13.493017,0.13246092,0.000000
47,2,0,0,0,0,0.223089,1.6426266,1.9457426,4.635255,45.724045,-1.5371013,12.080713,-0.11519515,0.000000
47,2,0,0,0,0,0.206887,1.5667806,1.9536407,4.4695525,39.601063,-1.8542159,-11.841144,-0.27275404,0.000000
48,2,0,0,0,0,0.710808,1.9001944,2.0708501,4.639501,-52.31832,-1.0109992,-1.9288304,0.021549009,0.000000
48,2,0,0,0,0,0.250097,4.008644,3.2387576,24.61555,-29.478798,0.07690674,3.8721194,0.16459514,0.000000
48,2,0,0,0,0,0.240090,1.6469417,1.9065264,4.3560185,-37.552532,-3.1711302,-25.101381,0.26797998,0.000000
48,2,0,0,0,0,0.237620,3.315605,2.8765476,16.362984,-37.80683,-0.30683005,11.412845,0.077513605,0.000000
48,2,0,0,0,0,0.231990,1.7338483,1.9776247,4.6011653,-40.88849,-1.220054,-18.604733,-0.35127977,0.000000
48,2,0,0,0,0,0.227492,1.5383124,1.9417388,4.4346375,-39.856228,-1.0777371,-13.456475,0.15210274,0.000000
48,2,0,0,0,0,0.208536,2.2138777,2.3364344,5.3510513,18.503544,-1.6381869,-17.101889,1.6265073,0.000000
48,2,0,0,0,0,0.203157,1.7395012,1.9754876,4.4219403,68.7073,-1.7637398,2.9651814,-0.13539715,0.000000
49,2,0,0,0,0,0.663152,1.8595463,2.01819,4.5587254,-52.084396,-1.101908,-1.9988464,-0.16442727,0.000000
49,2,0,0,0,0,0.264150,1.5782019,1.9189978,4.2538853,33.82517,-1.6609514,-12.043695,2.3713002,0.000000
49,2,0,0,0,0,0.236423,1.6181934,1.9652909,4.707624,-42.77148,-1.0136753,-13.74539,0.21875255,0.000000
49,2,0,0,0,0,0.212835,3.1461103,2.8399556,17.291115,-37.023895,-0.28355348,11.343266,0.040228046,0.000000
49,2,0,0,0,0,0.207672,1.6320553,1.9497012,4.480447,-16.80926,-3.1746607,-26.595896,1.435846,0.000000
49,2,0,0,0,0,0.201327,1.594326,1.956432,4.6693015,7.32926,-2.9852853,-23.41454,1.508954,0.000000
49,2,0,0,0,0,0.201314,2.0313547,2.085598,4.780053,-53.66449,-0.9519161,-15.619885,0.15191945,0.000000
50,2,0,0,0,0,0.701185,1.9744619,2.0895736,4.741731,-52.61155,-0.93526524,-2.1624808,-0.018572675,0.000000
50,2,0,0,0,0,0.402858,1.4738641,1.8512033,4.07507,31.178778,-1.72264,-11.565629,-0.6261023,0.000000
50,2,0,0,0,0,0.313866,1.5460954,1.9410083,4.3961244,-61.699974,-2.8833838,-28.30852,1.394591,0.000000
50,2,0,0,0,0,0.285052,1.9695966,2.081819,4.7181706,-54.21955,-0.82151735,-15.849521,-0.11820055,0.000000
50,2,0,0,0,0,0.283136,3.1762986,2.8450267,17.358463,-36.673813,-0.25742483,11.343304,0.046298448,0.000000
50,2,0,0,0,0,0.252760,4.1536546,3.4180164,23.966537,-30.422012,0.12859344,4.129067,0.20912,0.000000
50,2,0,0,0,0,0.241505,1.7281655,1.9267583,4.4230356,-56.980118,-0.98903036,-9.566208,0.19928716,0.000000
50,2,0,0,0,0,0.240385,1.6942892,1.9151688,4.319193,-44.04934,-1.6519632,-19.190527,-0.079658486,0.000000
50,2,0,0,0,0,0.232089,1.7004201,1.9080658,4.224696,68.60403,-1.7903857,3.5095186,0.15077728,0.000000
51,2,0,0,0,0,0.713441,1.8740695,2.0568066,4.6133194,-52.50578,-1.0357214,-2.2131784,0.011358528,0.000000
51,2,0,0,0,0,0.398674,1.4542168,1.8360763,4.0127945,28.445082,-1.9046535,-11.704765,-0.65411216,0.000000
51,2,0,0,0,0,0.393075,1.492434,1.8916092,4.1908674,-23.32414,-1.7344928,-16.395782,-0.39395055,0.000000
51,2,0,0,0,0,0.369999,3.238082,2.8145256,16.660198,-36.229958,-0.22583437,11.4228525,0.06684005,0.000000
51,2,0,0,0,0,0.361692,1.7649732,1.9474778,4.3783116,-46.207268,-1.5423149,-20.180725,-0.13057834,0.000000
51,2,0,0,0,0,0.320384,1.6556816,1.9333977,4.4206,-47.72958,-0.93181884,-13.822948,0.25780323,0.000000
51,2,0,0,0,0,0.241205,1.6840658,1.954732,4.3002906,44.100655,-1.4482911,-11.630001,-0.5245002,0.000000
51,2,0,0,0,0,0.210874,3.931363,3.1507106,24.091171,-28.44297,0.04869181,3.8397965,0.13124147,0.000000
51,2,0,0,0,0,0.207531,1.6031008,1.9665062,4.9688597,46.158627,-1.5475341,12.009502,-0.072489485,0.000000
52,2,0,0,0,0,0.722975,1.7013838,1.975152,4.3673043,-52.48259,-1.031257,-2.223932,0.10279635,0.000000
52,2,0,0,0,0,0.414695,1.5550427,1.871407,4.3226867,25.596727,-1.9444294,-11.905207,2.425123,0.000000
52,2,0,0,0,0,0.263302,1.6726389,2.0049114,4.784439,-50.69174,-0.92802525,-13.917534,0.07137109,0.000000
52,2,0,0,0,0,0.251736,3.947588,3.2267697,23.747396,-29.609825,0.02924323,3.8580322,0.15591148,0.000000
52,2,0,0,0,0,0.236542,3.5538504,3.0284452,18.180714,-35.432644,-0.17682874,11.190866,0.07834718,0.000000
52,2,0,0,0,0,0.234076,1.7138295,1.9369165,4.197655,41.45066,-1.4208696,-10.868041,-0.170138,0.000000
53,2,0,0,0,0,0.684929,1.8613012,2.0209022,4.5193434,-52.740746,-0.94968474,-2.3320417,0.05325786,0.000000
53,2,0,0,0,0,0.387114,1.733827,1.9482632,4.411943,22.899408,-1.9766104,-12.015141,2.30747,0.000000
53,2,0,0,0,0,0.375178,1.888536,2.0690203,4.7349133,38.984543,-1.3681443,-11.4430065,-0.48888993,0.000000
53,2,0,0,0,0,0.253897,4.03831,3.3166175,22.682028,-29.474537,0.032156408,4.231662,0.19740489,0.000000
53,2,0,0,0,0,0.253679,1.7028229,1.9278998,4.281037,-51.876564,-1.4681621,-20.085804,-0.3652488,0.000000
53,2,0,0,0,0,0.240457,1.6584282,1.90079,4.3424387,-3.9963737,-3.7024941,-24.774734,0.21384396,0.000000
53,2,0,0,0,0,0.229752,3.4417467,2.9590626,18.388199,-34.370674,-0.2378335,11.391144,0.08963875,0.000000
53,2,0,0,0,0,0.224250,1.6659062,2.0367186,4.5708394,-64.96523,-0.91902816,-10.029882,0.07645287,0.000000
53,2,0,0,0,0,0.202697,1.8167361,2.015523,4.8973117,-53.471706,-0.9374566,-14.311147,0.051829714,0.000000
54,2,0,0,0,0,0.660126,1.7819138,2.0088248,4.494228,-52.850235,-0.9960327,-2.339899,-0.014266571,0.000000
54,2,0,0,0,0,0.424099,1.84145,2.0245833,4.492045,36.21579,-1.3548795,-11.058595,-0.17963745,0.000000
54,2,0,0,0,0,0.295896,1.7774944,1.9872056,4.467298,20.570429,-1.8259814,-11.858326,-0.5846901,0.000000
54,2,0,0,0,0,0.284520,4.087511,3.37242,22.004757,-29.19268,0.026400566,4.1877146,0.19076043,0.000000
54,2,0,0,0,0,0.278258,3.1951814,2.8145518,16.143585,-35.133286,-0.25918245,11.324012,0.074139416,0.000000
54,2,0,0,0,0,0.263924,1.5936847,1.9209142,4.5461864,50.82892,-1.5066307,11.911688,-0.12036518,0.000000
54,2,0,0,0,0,0.203139,1.4977632,1.8602431,4.366952,26.735458,-1.9931502,-5.7253027,-0.14758235,0.000000
55,2,0,0,0,0,0.612461,1.8201392,2.0623937,4.5386705,-52.890945,-1.0190624,-2.448868,-0.08140713,0.000000
55,2,0,0,0,0,0.324735,1.8828344,2.0123892,4.786576,17.894653,-1.7867494,-12.130752,2.4631696,0.000000
55,2,0,0,0,0,0.297850,1.921628,2.0565453,4.5432606,33.649418,-1.4110403,-11.585026,-0.45791185,0.000000
55,2,0,0,0,0,0.275349,3.1541162,2.7883792,16.91624,-34.789776,-0.22847843,11.362297,0.06521537,0.000000
55,2,0,0,0,0,0.234971,4.125121,3.4507284,22.681465,-29.062595,0.029099703,4.4013557,0.24153267,0.000000
55,2,0,0,0,0,0.226022,1.7447863,2.00165,4.5700383,70.14051,-1.7164781,6.2006483,-0.035529252,0.000000
56,2,0,0,0,0,0.610595,1.9906499,2.1085167,4.6522684,-52.864357,-0.8643836,-2.6197872,0.059680495,0.000000
56,2,0,0,0,0,0.402048,2.0525522,2.1381044,4.9073467,31.167753,-1.3951387,-11.474062,-0.34859952,0.000000
56,2,0,0,0,0,0.328757,3.3006177,2.836361,16.65645,-34.687744,-0.21094799,11.368895,0.07175278,0.000000
56,2,0,0,0,0,0.292843,1.8046682,1.9538647,4.507279,-21.494633,-4.233069,-26.381123,0.1297132,0.000000
56,2,0,0,0,0,0.282008,1.8129334,1.9787018,4.5685387,25.070377,-1.1512307,-22.329033,0.19527557,0.000000
56,2,0,0,0,0,0.228360,4.0371237,3.4109535,21.280672,-29.321278,0.028961241,4.489683,0.20835023,0.000000
57,2,0,0,0,0,0.488922,1.595886,1.9013402,4.298722,-52.950405,-1.2058494,-2.7352707,0.08281477,0.000000
57,2,0,0,0,0,0.348669,1.9252099,2.1055372,4.7139444,28.417923,-1.3746228,-11.421234,-0.4818975,0.000000
57,2,0,0,0,0,0.307265,1.6858759,2.005903,4.512663,-27.770514,-3.2824373,-26.261066,0.12686549,0.000000
57,2,0,0,0,0,0.262670,4.1663494,3.5186837,22.927689,-28.793356,0.03750539,4.1690693,0.2014023,0.000000
57,2,0,0,0,0,0.237704,1.7503757,2.0132596,4.5309978,22.09631,-1.2361076,-22.7751,0.118319385,0.000000
57,2,0,0,0,0,0.225528,2.7626266,2.7863407,6.656826,-21.106998,-0.7299557,3.234674,0.08387764,0.000000
57,2,0,0,0,0,0.219584,1.7150633,1.9587692,4.3929996,68.52325,-1.836476,2.7865944,-0.039461814,0.000000
58,2,0,0,0,0,0.635047,2.0026462,2.1073492,5.023007,-53.34073,-0.95649374,-2.7888708,-0.07185844,0.000000
58,2,0,0,0,0,0.310319,1.6063399,1.9871818,4.4454103,-41.02416,-2.644425,-30.100878,1.3734616,0.000000
58,2,0,0,0,0,0.268595,1.6578455,2.0954437,4.7449217,-17.968027,-2.8233979,-26.012531,0.29778695,0.000000
58,2,0,0,0,0,0.251645,4.1814675,3.5833654,22.664516,-28.658443,0.0026886463,3.8179007,0.19075769,0.000000
58,2,0,0,0,0,0.246055,2.185639,2.2742324,5.404656,26.207302,-1.4096091,-11.5582905,-0.3729286,0.000000
58,2,0,0,0,0,0.239739,1.772079,1.9649134,4.5788765,-66.79705,-1.1843961,-20.484962,-0.32328108,0.000000
58,2,0,0,0,0,0.204321,2.6104183,2.5503738,6.267458,-21.037157,-0.7593336,3.1952815,0.0142169595,0.000000
59,2,0,0,0,0,0.749892,2.134973,2.1207116,4.967659,-53.51576,-0.7532997,-2.8513799,-0.018001467,0.000000
59,2,0,0,0,0,0.334541,3.331295,2.822794,16.714666,-33.164413,-0.2020855,11.406604,0.09890302,0.000000
59,2,0,0,0,0,0.267708,4.1435523,3.5061884,22.010109,-28.937946,0.0579741,4.2546334,0.1833097,0.000000
59,2,0,0,0,0,0.203781,1.6626928,1.8948946,4.33375,-20.081755,-4.004884,-25.192448,0.15504761,0.000000
60,2,0,0,0,0,0.689242,1.7692146,1.9613271,4.418168,-53.33833,-1.0417045,-2.9274673,-0.020952038,0.000000
60,2,0,0,0,0,0.298507,2.0166554,2.0316887,4.504401,4.914541,-1.2930377,-12.314095,2.403185,0.000000
60,2,0,0,0,0,0.229683,4.1377387,3.5576644,22.469378,-28.894459,0.04568982,4.136464,0.19724795,0.000000
60,2,0,0,0,0,0.202740,3.349193,2.9086509,16.855967,-33.031414,-0.27118874,11.523823,0.070673965,0.000000
61,2,0,0,0,0,0.710960,1.9768611,2.029393,4.6878347,-53.434612,-0.95698845,-2.9491491,-0.0655067,0.000000
61,2,0,0,0,0,0.229880,4.0057416,3.251253,21.677082,-28.110222,-0.024716377,4.0765285,0.22027485,0.000000
61,2,0,0,0,0,0.215421,2.569408,2.5316782,6.2186885,-20.620243,-0.71278906,3.1378965,0.067272365,0.000000
62,2,0,0,0,0,0.590696,1.8643441,2.0524676,4.5496492,-53.529,-0.98764706,-3.0109878,0.04621063,0.000000
62,2,0,0,0,0,0.256102,3.270296,2.8605492,16.702448,-31.63412,-0.27311134,11.470533,0.081045374,0.000000
62,2,0,0,0,0,0.233934,3.9649718,3.1920247,21.77006,-28.143154,0.008721471,4.069765,0.19574504,0.000000
62,2,0,0,0,0,0.216307,1.6570971,1.9103843,4.29871,-52.041405,-1.3591137,-18.029442,-0.4115489,0.000000
62,2,0,0,0,0,0.214461,2.111247,2.1589565,4.9467688,1.9354444,-1.3184724,-12.279635,2.5488944,0.000000
63,2,0,0,0,0,0.567786,1.8371308,2.027229,4.53001,-53.651207,-1.0563567,-3.0890994,0.0979238,0.000000
63,2,0,0,0,0,0.247722,4.12161,3.549591,22.280357,-28.784004,0.049437284,4.1099324,0.19065687,0.000000
63,2,0,0,0,0,0.243084,3.264207,2.9031518,16.892204,-31.555698,-0.26374373,11.381905,0.088483915,0.000000
63,2,0,0,0,0,0.242068,1.6125805,2.0430288,4.862897,-55.081535,-1.9532266,-29.719957,-0.38440716,0.000000
64,2,0,0,0,0,0.516239,1.8295166,2.0429955,4.565457,-53.772957,-1.0803128,-3.1302822,0.1295437,0.000000
64,2,0,0,0,0,0.288117,1.483283,1.8401716,4.3525815,18.674078,-2.793386,-18.564093,2.2244883,0.000000
64,2,0,0,0,0,0.245144,3.243001,2.8340774,16.330692,-31.662119,-0.29151884,11.459211,0.078313686,0.000000
64,2,0,0,0,0,0.225714,4.0719194,3.331828,22.53451,-27.739056,0.03299856,4.3082128,0.23754215,0.000000
64,2,0,0,0,0,0.223315,1.7078243,2.0331166,4.5073667,-57.2848,-1.902353,-31.070557,0.047150154,0.000000
65,2,0,0,0,0,0.563643,1.7117257,1.971239,4.4417086,-53.723785,-1.2225761,-3.00243,-0.116008654,0.000000
65,2,0,0,0,0,0.270529,1.6787795,1.8862864,4.293875,68.110405,-1.5546575,1.8680344,-0.052070264,0.000000
65,2,0,0,0,0,0.248526,1.6177454,1.922702,4.721404,53.394474,-1.480825,11.502247,-0.040596105,0.000000
65,2,0,0,0,0,0.236790,2.017374,2.1567101,4.832326,-25.654545,-1.5812893,-17.383938,0.91528577,0.000000
65,2,0,0,0,0,0.223181,4.1538815,3.6036975,22.68836,-28.6352,0.027705193,4.0032334,0.21532032,0.000000
65,2,0,0,0,0,0.213938,1.6053706,1.9500602,4.3560567,-36.295048,-2.2172546,-26.297546,-0.19825093,0.000000
66,2,0,0,0,0,0.513725,1.8521094,2.0270884,4.6036263,-54.056053,-1.1682796,-3.134992,-0.09986633,0.000000
66,2,0,0,0,0,0.268716,1.7041036,1.9015487,4.3537455,68.10692,-1.5443835,1.8620716,-0.041449837,0.000000
66,2,0,0,0,0,0.253952,1.6935868,1.9766372,4.47109,-59.88574,-1.3126444,-11.481546,-0.26091456,0.000000
66,2,0,0,0,0,0.236826,4.109694,3.3554204,22.430212,-27.791183,-0.061700106,4.0964584,0.19933651,0.000000
66,2,0,0,0,0,0.221005,1.6968936,1.993115,4.687623,-66.482056,-1.2951169,-11.899902,0.1782039,0.000000
66,2,0,0,0,0,0.203247,1.9076052,1.9682025,4.4170704,52.433395,-1.3584745,-25.276356,-0.40967694,0.000000
67,2,0,0,0,0,0.434032,1.8757074,2.1056077,4.61071,-54.24295,-0.99130595,-3.4115462,0.008523005,0.000000
67,2,0,0,0,0,0.331726,1.7258382,1.9417975,4.3818226,68.144516,-1.4108546,2.1355016,-0.043217942,0.000000
67,2,0,0,0,0,0.248407,1.7038705,1.9590179,4.4982743,-16.559437,-1.7212886,-30.079237,2.2891567,0.000000
67,2,0,0,0,0,0.211840,1.4572167,1.8516592,4.1783533,10.988333,-2.361515,-18.191372,-0.24925284,0.000000
67,2,0,0,0,0,0.201846,4.1272316,3.464016,22.900928,-27.488548,-0.0066900253,4.333228,0.20365755,0.000000
68,2,0,0,0,0,0.528825,1.6163964,1.8751667,4.1356764,-53.74887,-1.2754185,-3.3612955,-0.012361579,0.000000
68,2,0,0,0,0,0.297687,1.5623723,1.902456,4.434237,-42.934135,-2.5902207,-28.15513,1.4523815,0.000000
68,2,0,0,0,0,0.207986,4.0895653,3.4401608,22.067923,-27.537495,0.030431747,4.334179,0.23128936,0.000000
69,2,0,0,0,0,0.626221,1.8496026,2.0651643,4.541298,-54.236794,-0.9530036,-3.4734302,0.025792902,0.000000
69,2,0,0,0,0,0.262680,3.3096452,2.8547323,16.302664,-28.599644,-0.33593988,11.387727,0.08499804,0.000000
69,2,0,0,0,0,0.243750,4.1519213,3.531561,22.6674,-27.197584,0.033438206,4.233048,0.24777149,0.000000
69,2,0,0,0,0,0.203456,1.628695,1.8713747,4.1349177,45.90303,-1.4003173,-12.639855,-0.17275131,0.000000
69,2,0,0,0,0,0.200833,1.6102428,1.922063,4.293751,-70.077415,-2.0403662,-31.834768,0.14615726,0.000000
70,2,0,0,0,0,0.565380,1.7559302,2.0184631,4.286575,-54.30281,-0.7163018,-3.5143661,0.038014606,0.000000
70,2,0,0,0,0,0.315298,3.3018332,2.8333042,16.016157,-28.433746,-0.24453545,11.303603,0.07638496,0.000000
70,2,0,0,0,0,0.270996,1.5824146,1.855299,4.1997123,-31.359241,-3.5839405,-26.846323,0.09071919,0.000000
70,2,0,0,0,0,0.237788,2.2529988,2.419909,5.3990974,-20.042425,-1.1340349,-12.850153,-0.48202074,0.000000
70,2,0,0,0,0,0.216450,4.0444045,3.360169,22.60571,-27.651173,0.052345097,4.1679487,0.2126087,0.000000
70,2,0,0,0,0,0.206283,1.641753,1.870326,4.151135,-21.715176,-1.3564327,-28.00097,-0.005614831,0.000000
71,2,0,0,0,0,0.511268,1.814899,2.050807,4.3980737,-54.469402,-0.6232209,-3.5599506,0.1297391,0.000000
71,2,0,0,0,0,0.367795,1.5300751,1.9310355,4.6088047,-13.59242,-1.6811407,-13.124485,0.24697034,0.000000
71,2,0,0,0,0,0.301145,3.2180393,2.8122509,15.9221115,-28.576714,-0.2557372,11.344303,0.10355339,0.000000
71,2,0,0,0,0,0.243563,2.160234,2.305558,5.2316504,-40.498135,-1.2837002,-18.484644,1.1358377,0.000000
71,2,0,0,0,0,0.228978,3.5901878,2.879164,9.049462,36.862118,-0.96939045,-15.496359,-0.0068303477,0.000000
71,2,0,0,0,0,0.225868,1.5680637,1.9672346,4.4609394,-34.32234,-2.911377,-27.677673,0.068524554,0.000000
71,2,0,0,0,0,0.211882,2.4022431,2.6107953,6.19332,35.551464,-1.1302745,-25.129808,1.3230102,0.000000
72,2,0,0,0,0,0.361930,1.9552977,2.0645883,4.76171,-54.635525,-0.792915,-3.3812675,-0.021020511,0.000000
72,2,0,0,0,0,0.297167,3.233458,2.7958183,15.609957,-28.62975,-0.27653766,11.250258,0.09388553,0.000000
72,2,0,0,0,0,0.273276,1.7971094,1.928976,4.4043045,67.84257,-1.5249729,1.6794573,0.00024924224,0.000000
72,2,0,0,0,0,0.213085,1.5502572,1.9453447,4.517349,-15.788154,-1.543586,-13.0294285,0.46148175,0.000000
72,2,0,0,0,0,0.211319,1.8884068,2.0362124,4.59711,39.039368,-1.2274215,-12.488478,-0.16157717,0.000000
72,2,0,0,0,0,0.202722,2.206291,2.3483477,5.170432,-25.184782,-1.1141471,-12.937773,-0.43299294,0.000000
73,2,0,0,0,0,0.464726,1.9958103,2.1111689,4.875526,-54.86538,-0.9939872,-3.5006046,0.044721387,0.000000
73,2,0,0,0,0,0.320774,1.5614828,1.9195795,4.494871,-18.697943,-1.8696272,-13.165525,0.32918328,0.000000
73,2,0,0,0,0,0.313600,2.014035,2.164844,4.6900187,-28.006279,-1.1855906,-13.486038,-0.5270725,0.000000
73,2,0,0,0,0,0.236906,4.103224,3.3483315,24.07014,-27.476688,0.07179731,4.0917954,0.20436464,0.000000
73,2,0,0,0,0,0.235767,1.7523971,1.9391794,4.3730006,-57.346,-1.2226609,-10.942984,-0.2618692,0.000000
73,2,0,0,0,0,0.229914,3.2719154,2.9947062,9.1316805,31.680447,-0.6819434,-15.582238,-0.08486668,0.000000
73,2,0,0,0,0,0.226978,1.5138302,1.88138,4.2930923,-42.52282,-1.7616224,-13.374282,-0.17687044,0.000000
73,2,0,0,0,0,0.201049,1.7928743,1.9256986,4.440288,67.767914,-1.6146584,1.6917026,-0.017429914,0.000000
74,2,0,0,0,0,0.472014,1.7209828,1.9930634,4.4124274,-54.57831,-1.181524,-3.5521612,-0.12302563,0.000000
74,2,0,0,0,0,0.312794,1.6611371,1.9779968,4.4779744,-44.190052,-1.5597179,-12.870451,0.5916589,0.000000
74,2,0,0,0,0,0.264513,1.5110035,1.8959157,4.5143747,-21.342106,-1.7718182,-13.457333,0.24456683,0.000000
74,2,0,0,0,0,0.242652,1.761282,1.9210048,4.4310384,67.808815,-1.6627523,1.7096825,-0.037626993,0.000000
74,2,0,0,0,0,0.230694,1.9481313,2.2579117,4.8423004,-30.716917,-1.1862295,-13.838098,2.001986,0.000000
74,2,0,0,0,0,0.219886,1.9505823,2.1386936,4.7933035,40.11701,-1.0805182,-19.858004,2.0219493,0.000000
74,2,0,0,0,0,0.205532,4.1834474,3.463044,23.608747,-27.282173,0.09378791,4.2510157,0.20594077,0.000000
75,2,0,0,0,0,0.586400,2.0808475,2.1248696,4.9895797,-54.947887,-0.7851566,-3.7294402,-0.044645865,0.000000
75,2,0,0,0,0,0.430417,1.7402161,2.0230398,4.547431,-61.69344,-2.842999,-29.341623,0.43106747,0.000000
75,2,0,0,0,0,0.321718,1.5999794,1.895598,4.3077445,49.53311,-1.4730649,10.914173,-0.16320202,0.000000
75,2,0,0,0,0,0.295350,3.1276536,2.7479668,15.7078705,-27.54818,-0.26440296,11.519607,0.090735,0.000000
75,2,0,0,0,0,0.254256,2.1374743,2.3724859,5.3111672,-18.919338,-1.0149937,-12.213119,0.61077416,0.000000
75,2,0,0,0,0,0.243858,2.0773413,2.3222828,5.0578194,-33.330185,-0.9614631,-13.833602,2.387649,0.000000
75,2,0,0,0,0,0.232115,1.4970466,1.8656602,4.2572317,-8.738963,-2.5367665,-18.322044,-0.35247582,0.000000
75,2,0,0,0,0,0.230612,1.4842752,1.8348441,4.1563396,-24.608562,-1.6026537,-13.520488,0.18634972,0.000000
76,2,0,0,0,0,0.564576,2.0879579,2.1479151,5.0490685,-54.970913,-0.76032424,-3.8229432,0.09371568,0.000000
76,2,0,0,0,0,0.258972,1.5945749,1.9566758,4.3811474,-63.78575,-2.2552328,-29.969076,1.2145286,0.000000
76,2,0,0,0,0,0.229411,1.501567,1.8103123,4.125758,-11.679531,-2.3526015,-19.164688,0.37217024,0.000000
77,2,0,0,0,0,0.697425,2.1199403,2.1508799,4.9726253,-55.10211,-0.80948615,-3.7574248,0.06827283,0.000000
77,2,0,0,0,0,0.272189,1.6386261,1.9638523,4.4921875,-66.95113,-1.7679086,-28.637152,-0.31351033,0.000000
77,2,0,0,0,0,0.243697,2.2337232,2.4044342,5.338049,-24.303349,-1.0235803,-12.318151,1.3122295,0.000000
77,2,0,0,0,0,0.230369,1.6613638,1.9179308,4.502491,-61.981598,-1.4020305,-17.129221,-0.14094989,0.000000
77,2,0,0,0,0,0.224339,2.006278,2.2213817,4.8046813,-38.655087,-0.8729713,-14.085405,2.4203038,0.000000
77,2,0,0,0,0,0.207823,3.1567953,2.80885,15.476348,-27.41389,-0.3738128,11.303737,0.08882651,0.000000
78,2,0,0,0,0,0.709515,1.822789,2.0358744,4.749693,-55.105522,-1.0444467,-3.8528595,0.1422579,0.000000
78,2,0,0,0,0,0.448035,1.5885323,1.9228384,4.3885217,-16.972841,-2.2426062,-19.578934,0.61780304,0.000000
78,2,0,0,0,0,0.302950,1.6692278,1.9554049,4.201484,67.341225,-1.5484987,1.246305,-0.08544217,0.000000
78,2,0,0,0,0,0.300868,2.1152773,2.2774642,5.3013606,-26.92733,-1.2809658,-12.955852,0.5762185,0.000000
78,2,0,0,0,0,0.266109,1.8421731,2.1618261,4.658052,-40.97701,-1.3026842,-14.017887,-0.43820757,0.000000
78,2,0,0,0,0,0.224205,4.157783,3.3352604,23.0338,-24.76305,0.110462904,4.251427,0.15939099,0.000000
78,2,0,0,0,0,0.214391,1.634304,1.9557476,4.530859,-54.221775,-1.3738556,-13.183718,0.39859816,0.000000
79,2,0,0,0,0,0.648627,1.8587363,2.0768366,4.924267,-55.234524,-1.0398436,-3.846052,0.09630056,0.000000
79,2,0,0,0,0,0.244362,1.9111197,2.2706056,5.010663,-44.23063,-1.0595156,-14.293705,-0.8628341,0.000000
79,2,0,0,0,0,0.230182,1.8819972,2.0871558,4.733829,-29.781809,-1.518661,-13.121921,0.77112925,0.000000
79,2,0,0,0,0,0.211689,1.7057537,1.8968983,4.2407274,67.18922,-1.5914471,1.8264425,0.21867242,0.000000
79,2,0,0,0,0,0.205326,1.5434341,1.9023657,4.315208,-21.775345,-2.289734,-20.59015,-0.3486165,0.000000
80,2,0,0,0,0,0.676278,1.7843595,2.0401015,4.5185475,-55.109207,-1.0351427,-3.8135018,0.0698695,0.000000
80,2,0,0,0,0,0.255592,1.5760494,1.9365634,4.258494,-21.768679,-2.4236116,-19.7363,0.13318013,0.000000
80,2,0,0,0,0,0.252271,1.6720862,1.9800547,4.486083,-56.93393,-3.2264338,-29.67348,0.16614905,0.000000
80,2,0,0,0,0,0.243854,1.7432563,1.9652057,4.3822174,-60.34916,-1.1592233,-14.8468275,0.16621354,0.000000
80,2,0,0,0,0,0.242336,1.946129,2.2597637,4.7934456,-46.10459,-1.125104,-14.50169,-0.46673632,0.000000
80,2,0,0,0,0,0.224633,1.6644176,1.9368387,4.237926,67.257,-1.5399439,1.282565,-0.13958286,0.000000
80,2,0,0,0,0,0.213279,1.8312665,2.0959463,4.79434,-32.202618,-1.3715649,-13.617052,1.0658617,0.000000
81,2,0,0,0,0,0.732283,2.125992,2.1339645,4.937036,-55.420677,-0.8342364,-3.868054,0.13618205,0.000000
81,2,0,0,0,0,0.366945,1.6603069,1.9733214,4.5037055,-24.71194,-2.1809025,-19.861214,0.24986239,0.000000
81,2,0,0,0,0,0.258368,1.5854616,1.9622551,4.4554973,-59.958405,-2.8644767,-29.708038,0.13836703,0.000000
81,2,0,0,0,0,0.226623,1.9087822,2.2050905,4.9818573,-35.07057,-1.2382758,-13.61253,0.67508227,0.000000
81,2,0,0,0,0,0.221901,4.0390944,3.249148,23.291418,-24.7473,0.072802246,4.123348,0.1573278,0.000000
81,2,0,0,0,0,0.212004,3.0285528,2.8141432,14.347309,-26.967808,-0.4761903,11.183495,0.08660009,0.000000
81,2,0,0,0,0,0.201628,2.086709,2.3485003,5.2270947,-49.314423,-0.83712125,-15.049837,2.345718,0.000000
82,2,0,0,0,0,0.660037,1.9705241,2.1086538,4.880685,-55.433136,-0.9211422,-3.9385695,0.13713174,0.000000
82,2,0,0,0,0,0.318088,1.6540011,1.9786607,4.4210773,-27.551493,-2.358828,-20.179943,1.2661545,0.000000
82,2,0,0,0,0,0.263937,1.6370068,2.022392,4.613224,10.381344,-1.6647586,-26.76396,1.8875401,0.000000
82,2,0,0,0,0,0.261503,1.5583706,1.931798,4.281353,-61.787674,-3.2035143,-29.829992,1.3734992,0.000000
82,2,0,0,0,0,0.257933,2.0026312,2.2373116,4.9964437,-51.48351,-0.7993134,-15.426365,2.3436584,0.000000
82,2,0,0,0,0,0.228230,3.0573914,2.8148525,14.630377,-26.790741,-0.44410074,11.1950245,0.09081793,0.000000
82,2,0,0,0,0,0.203424,1.832469,2.0620637,4.7296567,-37.48668,-1.4810172,-14.650595,0.22960474,0.000000
83,2,0,0,0,0,0.707462,1.87694,2.0437324,4.620943,-55.140884,-1.0204953,-3.8570871,0.02057701,0.000000
83,2,0,0,0,0,0.353477,1.5688952,1.9084824,4.2694902,-29.722214,-2.5850458,-19.93933,0.14246137,0.000000
83,2,0,0,0,0,0.286030,1.8949593,2.198545,5.081419,-40.701668,-1.4094095,-14.415655,0.70948285,0.000000
83,2,0,0,0,0,0.251340,1.6917132,1.9299738,4.3576307,67.053566,-1.6250281,1.2145214,-0.049915973,0.000000
84,2,0,0,0,0,0.689847,1.8745708,2.0542269,4.8086863,-55.431236,-1.0679966,-3.8529987,0.13266215,0.000000
84,2,0,0,0,0,0.398604,1.756701,2.0338578,4.6505885,-42.488483,-1.6984951,-14.952157,0.4131532,0.000000
84,2,0,0,0,0,0.351408,1.5376803,1.8946168,4.206876,-31.724075,-2.524096,-19.976282,1.7226111,0.000000
84,2,0,0,0,0,0.349683,1.7002476,1.9778312,4.4097295,67.070045,-1.5990348,1.2241352,-0.043591667,0.000000
84,2,0,0,0,0,0.243945,2.0547147,2.084975,4.835684,-58.279854,-0.8545716,-15.189494,-0.35642338,0.000000
84,2,0,0,0,0,0.226733,2.8300533,2.69487,11.321963,-27.735397,-0.7163737,11.180075,0.07538215,0.000000
84,2,0,0,0,0,0.201186,1.7640276,1.9892461,4.5659604,-46.048126,-1.7714968,-18.347832,0.212967,0.000000
85,2,0,0,0,0,0.702425,1.6804101,1.9439132,4.30452,-55.108604,-1.2479533,-3.965448,-0.08501332,0.000000
85,2,0,0,0,0,0.504505,1.6229335,1.9289562,4.2598004,66.523796,-1.4656258,1.3147941,-0.03754841,0.000000
85,2,0,0,0,0,0.336370,1.5635595,1.8806278,4.1764746,-34.9225,-2.404873,-20.19382,0.1058681,0.000000
85,2,0,0,0,0,0.226022,2.9222293,2.7331543,12.335128,-27.317425,-0.63373446,11.220833,0.07602781,0.000000
85,2,0,0,0,0,0.214726,1.8782785,2.0644069,4.898922,41.05368,-1.1160625,-16.983938,-0.28113744,0.000000
86,2,0,0,0,0,0.666210,1.9960592,2.0662522,4.741694,-55.300545,-0.9469472,-4.131079,0.03152439,0.000000
86,2,0,0,0,0,0.345770,1.6355369,1.9675655,4.45307,66.6269,-1.498339,1.3194101,-0.12046228,0.000000
86,2,0,0,0,0,0.236290,1.6716862,1.9941832,4.5977325,-37.554047,-2.1822562,-21.54735,1.3094077,0.000000
86,2,0,0,0,0,0.234444,4.1945534,3.4805508,23.949657,-25.627968,0.08500719,4.308264,0.20664945,0.000000
86,2,0,0,0,0,0.231695,2.977019,2.716682,13.252752,-26.864702,-0.49430764,11.230832,0.07043615,0.000000
86,2,0,0,0,0,0.205611,2.0019493,2.2074535,4.9772453,-48.271496,-1.2004414,-14.257861,0.87621844,0.000000
87,2,0,0,0,0,0.564476,2.0635602,2.1267262,4.896463,-55.531136,-0.84017634,-3.9996228,-0.0022937604,0.000000
87,2,0,0,0,0,0.340051,1.6027741,1.8795447,4.3401337,66.49386,-1.729222,1.7732878,0.077260755,0.000000
87,2,0,0,0,0,0.336167,1.6076155,2.003827,4.4873977,-40.313572,-2.0539935,-21.656229,1.0236379,0.000000
87,2,0,0,0,0,0.244882,3.2026658,2.8051758,15.22969,-25.672972,-0.33716512,11.244976,0.10161505,0.000000
87,2,0,0,0,0,0.200817,4.1027603,3.362508,23.169245,-25.941158,0.090067446,4.26093,0.19767073,0.000000
88,2,0,0,0,0,0.593164,1.8045896,2.0233488,4.3992867,-55.368645,-0.540228,-4.092994,0.05897042,0.000000
88,2,0,0,0,0,0.357338,1.6268041,1.8924083,4.3056216,-42.808617,-1.9456472,-20.71768,0.19318789,0.000000
88,2,0,0,0,0,0.235727,3.2203317,2.8095107,15.338773,-25.660677,-0.25682297,11.274893,0.11577419,0.000000
88,2,0,0,0,0,0.220756,3.8675203,3.1224134,22.759394,-25.013126,0.05390513,3.8622603,0.14543813,0.000000
89,2,0,0,0,0,0.558555,1.8778279,2.049468,4.5902576,-55.388275,-0.8018426,-4.2111073,0.13199663,0.000000
89,2,0,0,0,0,0.278714,1.6266828,1.9592187,4.3916097,-45.49121,-1.8866048,-21.59652,0.3445685,0.000000
89,2,0,0,0,0,0.258406,3.0469968,2.771556,14.066143,-25.097382,-0.40487492,11.250515,0.08132909,0.000000
89,2,0,0,0,0,0.230047,1.6156158,1.9769169,4.4804187,-47.324833,-1.6743822,-23.17632,-0.10428509,0.000000
90,2,0,0,0,0,0.455002,1.7219313,1.9828975,4.3264947,-55.4438,-0.44663495,-4.278379,0.13444358,0.000000
90,2,0,0,0,0,0.312998,1.7346853,2.0039165,4.473644,-48.786125,-1.6623094,-22.81792,0.46443737,0.000000
90,2,0,0,0,0,0.265325,1.82892,1.9982839,4.634187,-61.89779,-1.1928055,-20.369696,0.14230525,0.000000
90,2,0,0,0,0,0.224088,3.1817834,2.8445845,15.955097,-24.419373,-0.2779311,11.317303,0.08160364,0.000000
91,2,0,0,0,0,0.541955,1.7216642,1.9920449,4.3442683,-55.226513,-0.6979064,-4.336398,0.13962618,0.000000
91,2,0,0,0,0,0.386146,1.7320746,1.9414088,4.4119363,-50.64321,-1.9887071,-22.027328,0.27883634,0.000000
91,2,0,0,0,0,0.283949,1.694314,1.9135237,4.4948616,66.215546,-1.5883241,1.8938773,-0.003448205,0.000000
91,2,0,0,0,0,0.252888,1.8047812,1.9758643,4.6341105,-64.077324,-1.3287516,-20.487106,0.04273759,0.000000
91,2,0,0,0,0,0.252709,3.1486034,2.788341,15.228869,-24.376316,-0.29322338,11.252142,0.100882374,0.000000
92,2,0,0,0,0,0.635731,1.9860823,2.0699835,4.7380395,-55.71461,-0.9304174,-4.4401574,0.075364895,0.000000
92,2,0,0,0,0,0.256946,1.6190888,1.8929807,4.2956862,-66.925735,-1.8644192,-20.685884,0.048977107,0.000000
92,2,0,0,0,0,0.252547,1.6279683,1.8755275,4.197879,-52.54836,-2.4018385,-22.314568,0.42156306,0.000000
92,2,0,0,0,0,0.244066,2.9795327,2.7401829,14.228117,-25.01559,-0.4053092,11.306488,0.0752114,0.000000
92,2,0,0,0,0,0.234824,1.6242888,1.950387,4.6220365,45.729633,-1.4122188,11.6444,-0.14981629,0.000000
92,2,0,0,0,0,0.233347,4.1467066,3.4015267,22.847565,-24.251492,0.007541418,4.327135,0.2086413,0.000000
93,2,0,0,0,0,0.566042,1.9493797,2.06222,4.834965,-55.585545,-0.90163934,-4.3720593,0.0056394464,0.000000
93,2,0,0,0,0,0.315769,1.669384,1.9170994,4.3720546,-55.492947,-2.2952003,-22.26234,0.21103093,0.000000
93,2,0,0,0,0,0.293886,3.1535385,2.763569,15.535342,-24.014313,-0.2753271,11.222272,0.10522849,0.000000
93,2,0,0,0,0,0.247982,4.091161,3.3214445,22.20485,-24.47997,0.04508066,3.9847937,0.17635754,0.000000
93,2,0,0,0,0,0.208549,2.1923149,2.3015714,5.192685,-65.96433,-1.0460294,-16.906666,0.8781061,0.000000
94,2,0,0,0,0,0.623286,2.027738,2.102268,4.7979283,-55.714962,-0.84931314,-4.544351,0.05310618,0.000000
94,2,0,0,0,0,0.281260,1.5881345,1.9067814,4.1343307,65.726105,-1.721787,2.0751429,0.01968594,0.000000
94,2,0,0,0,0,0.268752,1.6462586,2.0082555,4.614417,-24.680386,-1.649477,-16.772963,1.9615313,0.000000
94,2,0,0,0,0,0.268629,3.252726,2.8240075,15.89381,-23.68503,-0.24617872,11.329749,0.11323033,0.000000
94,2,0,0,0,0,0.224054,1.7327113,2.0375104,4.7264137,-59.81169,-2.8124213,-25.108788,-0.022369482,0.000000
94,2,0,0,0,0,0.211399,4.073545,3.3906927,22.141266,-24.46249,0.046732664,4.165425,0.17911994,0.000000
95,2,0,0,0,0,0.593221,1.8574758,2.0931547,4.586665,-55.65661,-1.058109,-4.5234337,-0.054737445,0.000000
95,2,0,0,0,0,0.250446,1.5967306,1.8886296,4.1944165,65.60328,-1.7233374,2.1441846,-0.0067536784,0.000000
95,2,0,0,0,0,0.250226,1.7520294,2.076073,4.5921035,-61.97257,-3.0361617,-26.047083,0.11620702,0.000000
95,2,0,0,0,0,0.224066,2.977493,2.7686143,14.506954,-23.490599,-0.39978516,11.240443,0.0700534,0.000000
95,2,0,0,0,0,0.216062,4.0658073,3.3905187,21.954159,-24.433334,0.024460793,4.0909286,0.2133505,0.000000
96,2,0,0,0,0,0.559408,1.8661265,2.057523,4.6761436,-55.646156,-1.0697614,-4.589338,0.13398156,0.000000
96,2,0,0,0,0,0.284566,3.053251,2.7590756,14.885144,-23.133072,-0.33980945,11.216324,0.068725206,0.000000
96,2,0,0,0,0,0.259720,1.646331,1.9008276,4.296878,65.54236,-1.6956367,2.174757,0.031485934,0.000000
96,2,0,0,0,0,0.213995,4.1801286,3.5525582,22.752186,-23.904846,0.0698874,4.289036,0.22792721,0.000000
96,2,0,0,0,0,0.202940,1.9614196,2.0984235,4.6999173,-63.16195,-3.059083,-23.302523,0.1946409,0.000000
97,2,0,0,0,0,0.569152,1.8885894,2.083599,4.660741,-55.786285,-1.0455624,-4.499296,-0.0029371765,0.000000
97,2,0,0,0,0,0.231435,1.7488382,1.9179738,4.404066,-65.396454,-3.134264,-23.665184,0.18438697,0.000000
97,2,0,0,0,0,0.213581,4.112476,3.4625885,22.535757,-24.296108,-0.020350933,4.2405376,0.18089995,0.000000
97,2,0,0,0,0,0.210803,3.031953,2.7722507,15.286888,-23.050499,-0.34378803,11.196041,0.070204295,0.000000
98,2,0,0,0,0,0.624032,1.8301396,2.0815723,4.577707,-55.821346,-1.009461,-4.3717375,0.006750209,0.000000
98,2,0,0,0,0,0.224868,1.6739879,1.9348661,4.4107065,-68.56506,-2.928791,-23.271488,0.16979954,0.000000
98,2,0,0,0,0,0.215099,3.0894997,2.7595923,14.5868435,-22.80621,-0.42991102,11.209223,0.069522694,0.000000
99,2,0,0,0,0,0.739868,2.1012661,2.1202936,4.823866,-55.788048,-0.82272935,-4.280242,0.07491194,0.000000
99,2,0,0,0,0,0.359529,1.5985515,1.8945665,4.3627625,65.0371,-1.7358863,2.189195,-0.07734828,0.000000
99,2,0,0,0,0,0.215687,2.9941442,2.7761426,14.597706,-22.076351,-0.4905635,11.20901,0.07614686,0.000000
100,2,0,0,0,0,0.704194,2.122538,2.1427157,4.834358,-55.890812,-0.8132547,-4.291719,0.069370314,0.000000
100,2,0,0,0,0,0.236068,3.0364218,2.8093512,14.339729,-21.986763,-0.45767188,11.29402,0.08478743,0.000000
101,2,0,0,0,0,0.641686,1.871705,2.1279721,4.6365366,-55.879242,-1.028333,-4.293192,0.01406872,0.000000
102,2,0,0,0,0,0.645901,1.8275111,2.016781,4.6124268,-55.789223,-1.0298681,-4.2958565,0.07531828,0.000000
102,2,0,0,0,0,0.361411,1.5821261,1.9161491,4.442037,64.6517,-1.7408458,2.3891158,-0.106966406,0.000000
102,2,0,0,0,0,0.220654,1.6511765,1.939096,4.5944257,46.183865,-1.3911027,11.759711,-0.097398296,0.000000
103,2,0,0,0,0,0.690820,1.9235501,2.084808,4.6606193,-55.83599,-0.9635608,-4.323011,0.021192059,0.000000
103,2,0,0,0,0,0.344051,1.6680615,1.9411966,4.570103,64.65009,-1.6325012,2.23969,-0.13112527,0.000000
103,2,0,0,0,0,0.282705,1.6873128,1.9427038,4.3127027,47.527054,-1.3763435,-19.713211,-0.6134491,0.000000
103,2,0,0,0,0,0.248889,4.103969,3.3097095,23.608093,-22.772877,0.10757381,4.3429003,0.21205577,0.000000
103,2,0,0,0,0,0.210331,1.7547233,2.0186067,4.4397416,37.68176,-1.0333494,-16.862865,-0.37389782,0.000000
104,2,0,0,0,0,0.716352,2.0376587,2.071821,4.80821,-55.79224,-0.94881225,-4.265234,0.10834263,0.000000
104,2,0,0,0,0,0.335895,2.0343783,2.0743427,4.613864,33.03223,-0.88146317,-22.600193,-0.57163775,0.000000
104,2,0,0,0,0,0.282531,4.1164465,3.2589672,23.446804,-22.869354,0.088739395,4.2851076,0.17417924,0.000000
104,2,0,0,0,0,0.235311,1.9499793,2.1628277,4.8600545,46.44886,-1.049376,-20.112522,-0.40955126,0.000000
105,2,0,0,0,0,0.565082,1.9825335,2.143497,4.7655473,-55.939503,-0.90893126,-4.157858,0.025355961,0.000000
105,2,0,0,0,0,0.258082,4.166103,3.3172393,23.434402,-22.6026,0.1330173,4.287899,0.18832079,0.000000
105,2,0,0,0,0,0.244071,1.9108663,2.200255,4.985015,43.039062,-1.0472469,-19.979324,-0.4038476,0.000000
106,2,0,0,0,0,0.582770,1.8808743,2.1088748,4.7410707,-55.877895,-0.9657105,-4.217893,0.110187754,0.000000
106,2,0,0,0,0,0.276901,2.0953202,2.3712595,5.538464,40.857666,-1.0779951,-19.59277,-0.36983973,0.000000
106,2,0,0,0,0,0.237805,4.164456,3.3805943,23.401232,-22.514948,0.1216113,4.4184017,0.19726573,0.000000
107,2,0,0,0,0,0.525377,1.8331294,2.1400747,4.6221538,-55.926075,-1.0111976,-3.9550924,-0.050747722,0.000000
107,2,0,0,0,0,0.274367,4.151134,3.3390684,23.887598,-22.520775,0.12155199,4.237873,0.18325756,0.000000
107,2,0,0,0,0,0.214054,1.8493253,2.1058106,4.4948506,37.647366,-0.8603328,-18.152998,-0.5405982,0.000000
108,2,0,0,0,0,0.619592,1.8452575,2.06403,4.614249,-55.874474,-1.0258535,-4.111868,0.06331588,0.000000
108,2,0,0,0,0,0.264443,4.1041017,3.358881,22.808697,-22.564684,0.09902781,4.3334923,0.18214506,0.000000
108,2,0,0,0,0,0.264120,1.980083,2.0247884,4.646824,37.810795,-0.9778719,-10.819231,0.15785298,0.000000
109,2,0,0,0,0,0.536000,1.8565016,2.1303997,4.6150966,-55.905746,-1.0022328,-4.0315857,0.116494074,0.000000
109,2,0,0,0,0,0.256470,4.0619683,3.221027,22.86596,-21.768482,0.08150339,4.23242,0.16544381,0.000000
109,2,0,0,0,0,0.215615,2.0363247,2.338521,5.377987,-12.94468,-0.8556514,-26.407742,0.9859735,0.000000
110,2,0,0,0,0,0.580168,1.8460114,2.0728164,4.5952435,-55.963837,-1.0256889,-4.07713,0.10313919,0.000000
110,2,0,0,0,0,0.255189,4.1689243,3.3435671,23.460194,-22.476429,0.14069438,4.2206626,0.16305672,0.000000
110,2,0,0,0,0,0.210869,2.4387705,2.494856,6.332282,-14.724869,-0.79929864,3.6007056,0.1490803,0.000000
111,2,0,0,0,0,0.599185,1.9040885,2.1264782,4.6322484,-55.974823,-0.96388185,-4.008861,0.043375738,0.000000
111,2,0,0,0,0,0.229349,4.139256,3.348733,23.319698,-22.598625,0.118673325,4.056567,0.15105829,0.000000
111,2,0,0,0,0,0.200317,1.932733,2.221626,5.03759,39.27642,-0.9615505,-20.01335,1.5158494,0.000000
112,2,0,0,0,0,0.614178,1.8807981,2.1202323,4.5779696,-56.018642,-0.96092653,-3.9548688,0.080332704,0.000000
112,2,0,0,0,0,0.251062,4.0261316,3.2072186,23.078829,-21.547405,0.09375358,4.032439,0.15650988,0.000000
112,2,0,0,0,0,0.206919,1.6948904,2.041416,4.492929,-18.551332,-0.87386286,-28.477945,1.237144,0.000000
113,2,0,0,0,0,0.541793,1.8723452,2.0913768,4.6612554,-55.97227,-0.96572053,-4.0329657,0.14415433,0.000000
113,2,0,0,0,0,0.220566,4.0559554,3.2253456,23.631838,-21.46819,0.10411906,4.0685253,0.16432315,0.000000
114,2,0,0,0,0,0.542176,1.8425585,2.0858824,4.5728006,-56.04659,-0.98801935,-3.952699,0.123629965,0.000000
114,2,0,0,0,0,0.337792,1.9117725,1.9842575,4.398851,39.38408,-1.0121502,-12.0259,-0.582554,0.000000
114,2,0,0,0,0,0.245327,1.9613872,2.3426023,5.3941674,-24.71877,-1.0168401,-28.455702,0.7190856,0.000000
115,2,0,0,0,0,0.508036,1.8477924,2.1054254,4.54154,-56.056976,-0.9694439,-3.9904583,0.12544733,0.000000
115,2,0,0,0,0,0.205643,2.0273275,2.1477263,4.875311,36.78637,-1.0389895,-11.636304,-0.36562312,0.000000
116,2,0,0,0,0,0.627929,1.8476007,2.1065574,4.554803,-56.00023,-0.96990407,-3.9243045,0.033457212,0.000000
116,2,0,0,0,0,0.283050,1.7799217,2.056328,4.7380495,-43.7959,-0.64106095,-10.887833,0.06792583,0.000000
116,2,0,0,0,0,0.262639,2.147406,2.3569958,5.558561,34.581764,-1.0450089,-12.2237835,-0.4378131,0.000000
116,2,0,0,0,0,0.216666,4.0373564,3.3015237,22.051577,-21.362465,0.034629583,4.121318,0.18113062,0.000000
116,2,0,0,0,0,0.207943,2.2407517,2.414221,5.900393,-13.571257,-0.85153997,3.5726058,0.11409754,0.000000
117,2,0,0,0,0,0.641020,1.800672,2.0627391,4.504574,-55.979805,-1.0137738,-3.943395,0.08606756,0.000000
117,2,0,0,0,0,0.233153,2.5672655,2.6804376,6.5333033,32.22721,-0.8648639,-12.398939,-0.4368273,0.000000
117,2,0,0,0,0,0.229905,4.088766,3.3760998,22.526678,-21.034632,0.07170731,4.088646,0.16862844,0.000000
118,2,0,0,0,0,0.642962,1.8553681,2.0538218,4.5757346,-56.073864,-1.0100789,-3.9687963,0.11795841,0.000000
118,2,0,0,0,0,0.319921,1.7426378,1.9945778,4.3606515,50.597694,-1.2990446,-10.59038,-0.25930637,0.000000
119,2,0,0,0,0,0.621905,1.9043351,2.0711665,4.605592,-56.070602,-0.9792738,-3.9596295,0.03932085,0.000000
119,2,0,0,0,0,0.211892,4.0480323,3.275465,22.822077,-21.267393,0.05118823,4.1050587,0.18302877,0.000000
120,2,0,0,0,0,0.667835,1.9733922,2.0530229,4.6793747,-56.0593,-0.91423285,-3.9680834,0.114191726,0.000000
121,2,0,0,0,0,0.582281,1.927374,2.099443,5.0663257,-56.5158,-1.0567427,-4.1496534,0.115153566,0.000000
121,2,0,0,0,0,0.202603,3.9946656,3.2124677,22.573753,-20.02459,0.05050826,4.119753,0.18461782,0.000000
122,2,0,0,0,0,0.554372,1.8422356,2.023325,4.6583676,-55.879253,-1.1670685,-3.9957278,0.07226331,0.000000
122,2,0,0,0,0,0.272948,1.6338978,1.93138,4.3207407,62.105377,-1.7208041,2.492006,-0.11090158,0.000000
122,2,0,0,0,0,0.249557,1.5923785,1.9962034,5.190475,-21.999363,-1.3743134,10.977133,0.07180616,0.000000
122,2,0,0,0,0,0.220346,1.6480498,1.9469577,4.415327,36.511734,-2.287498,-37.64371,-0.2545895,0.000000
123,2,0,0,0,0,0.569435,2.0169115,2.10315,5.049499,-56.480362,-0.96994376,-4.180267,0.10992165,0.000000
123,2,0,0,0,0,0.251270,1.9920044,2.1052256,5.0652394,-61.325356,-0.70265555,-12.567156,0.014986943,0.000000
123,2,0,0,0,0,0.244511,4.0881352,3.2510042,23.078037,-19.67049,0.073655605,4.113015,0.19089033,0.000000
123,2,0,0,0,0,0.210874,1.5911832,1.8878665,4.3066797,61.660507,-1.8232822,2.2246344,-0.07119793,0.000000
123,2,0,0,0,0,0.208410,2.233274,2.4408562,5.5832787,36.890003,-0.7950647,-10.298416,1.8089896,0.000000
124,2,0,0,0,0,0.617450,1.9812237,2.0593872,4.680595,-56.19159,-0.8872249,-4.0205774,0.08391764,0.000000
124,2,0,0,0,0,0.242271,1.8007269,2.1464899,4.8726554,-28.947418,-1.0456475,-25.241173,1.0403045,0.000000
124,2,0,0,0,0,0.241731,1.9554353,1.9852719,4.4260745,47.508514,-0.9934745,-11.8742075,-0.54580665,0.000000
125,2,0,0,0,0,0.603922,1.8214126,1.9876225,4.527824,-56.192837,-1.0443733,-4.07507,0.15150782,0.000000
125,2,0,0,0,0,0.234705,4.047125,3.2640018,22.73684,-19.818045,0.07073361,4.1742997,0.19068372,0.000000
126,2,0,0,0,0,0.621146,1.8245044,2.019445,4.5350294,-56.155895,-1.0202696,-3.9585042,0.077394806,0.000000
126,2,0,0,0,0,0.250868,4.0713677,3.2941513,22.304487,-19.635754,0.06960136,4.3119445,0.20877361,0.000000
126,2,0,0,0,0,0.226990,1.9913266,1.9828149,4.3883996,42.664795,-1.0274198,-11.591867,-0.5646306,0.000000
127,2,0,0,0,0,0.590364,1.9686217,2.0400422,4.6994395,-56.204094,-0.9247711,-4.119841,0.15468363,0.000000
127,2,0,0,0,0,0.345309,1.6348557,1.9689658,4.637004,61.361794,-1.6655242,2.548373,-0.07525878,0.000000
127,2,0,0,0,0,0.209877,4.0467706,3.2843158,22.39914,-19.849937,0.06250781,4.277324,0.20972848,0.000000
128,2,0,0,0,0,0.563254,1.9769716,2.0576258,4.633621,-56.228046,-0.8995986,-4.1238875,0.09988135,0.000000
128,2,0,0,0,0,0.271126,1.6149497,1.9749478,4.657864,61.303432,-1.6247964,2.4786372,-0.1576866,0.000000
128,2,0,0,0,0,0.228559,1.5515108,1.8820813,4.443177,31.74182,-2.478176,-15.418208,2.234501,0.000000
129,2,0,0,0,0,0.552770,1.8734268,2.0209532,4.575323,-56.189613,-0.98530746,-4.220496,0.1623376,0.000000
129,2,0,0,0,0,0.269079,1.5897485,1.935379,4.6332207,28.900204,-2.4450006,-15.208471,2.29958,0.000000
129,2,0,0,0,0,0.247280,1.5588043,1.9004854,4.139523,60.846523,-1.7830882,2.459206,-0.11200968,0.000000
129,2,0,0,0,0,0.233817,1.8000097,2.1321032,4.948053,-56.80368,-0.9378123,-11.971864,-0.02590872,0.000000
129,2,0,0,0,0,0.210322,4.095385,3.4228497,22.523506,-19.466139,0.06451434,4.1595545,0.18256971,0.000000
130,2,0,0,0,0,0.559627,1.8685296,2.0384934,4.5245814,-56.211052,-0.9882796,-4.167192,0.06453199,0.000000
130,2,0,0,0,0,0.331832,1.5669088,1.9142475,4.137913,60.833252,-1.7050214,2.3092153,-0.119192645,0.000000
130,2,0,0,0,0,0.263944,1.6229142,2.032375,4.7482166,26.644283,-2.3338618,-13.489836,1.4691585,0.000000
130,2,0,0,0,0,0.234870,1.6808631,1.9694892,4.72139,44.297363,-1.3918136,11.835766,-0.111015454,0.000000
130,2,0,0,0,0,0.205676,4.0755415,3.3709607,22.382584,-19.67268,0.0627622,4.2030025,0.207668,0.000000
131,2,0,0,0,0,0.619440,1.9099302,2.0551102,4.8538485,-56.43837,-0.9472451,-4.201624,0.013686986,0.000000
131,2,0,0,0,0,0.314143,1.5861847,1.9120376,4.197512,60.75002,-1.6634386,2.2222743,-0.087718554,0.000000
131,2,0,0,0,0,0.238397,4.087677,3.3435228,22.620354,-19.564056,0.065600336,4.2460713,0.19651176,0.000000
131,2,0,0,0,0,0.205602,2.1598318,2.4354215,5.6228933,36.41165,-1.0110168,-17.542175,0.37668654,0.000000
132,2,0,0,0,0,0.575189,1.9360924,2.0602155,4.8134675,-56.392227,-0.9386339,-4.29326,0.13141784,0.000000
132,2,0,0,0,0,0.374723,1.6291867,1.9372154,4.2695737,60.65764,-1.6385412,2.3760862,-0.11611843,0.000000
132,2,0,0,0,0,0.270721,1.9164965,2.0662417,4.998439,-64.75241,-0.9870781,-12.875309,-0.13545394,0.000000
132,2,0,0,0,0,0.253432,4.079553,3.3735723,22.638699,-19.48091,0.06334233,4.2185984,0.1915802,0.000000
133,2,0,0,0,0,0.587543,2.0091414,2.066424,4.8551903,-56.36947,-0.9430419,-4.255484,0.13185577,0.000000
133,2,0,0,0,0,0.303146,1.6562952,1.9494896,4.3328447,60.569344,-1.6748836,2.5110874,-0.1421803,0.000000
133,2,0,0,0,0,0.228299,4.038962,3.366079,22.731594,-19.485695,0.062369823,4.192746,0.19673766,0.000000
134,2,0,0,0,0,0.552353,1.7904131,1.998525,4.5847206,-56.20827,-1.0501444,-4.1685815,-0.03906692,0.000000
134,2,0,0,0,0,0.427854,1.5518284,1.9050788,4.307376,60.244736,-1.6895597,2.364412,-0.17752834,0.000000
134,2,0,0,0,0,0.236805,4.1048484,3.2899125,23.90097,-18.345089,0.08961916,4.351253,0.17836614,0.000000
135,2,0,0,0,0,0.554165,1.8453971,2.067785,4.8418207,-56.417404,-0.9949563,-4.224914,0.054884568,0.000000
135,2,0,0,0,0,0.428380,1.5298755,1.9029541,4.312069,60.09642,-1.6741433,2.5710163,-0.14118217,0.000000
135,2,0,0,0,0,0.208845,2.936625,2.8496103,7.676135,41.078323,-0.64745545,-16.372255,-0.4999885,0.000000
136,2,0,0,0,0,0.617599,1.8471582,2.0106182,4.7419496,-56.390003,-1.0401237,-4.181421,0.04945178,0.000000
136,2,0,0,0,0,0.356804,1.6433523,1.9329373,4.2926106,60.03576,-1.4431919,2.739905,-0.12140791,0.000000
137,2,0,0,0,0,0.683448,1.9967377,2.0471854,4.7732,-56.500214,-0.92329276,-4.2128615,0.06384987,0.000000
137,2,0,0,0,0,0.408233,1.6109202,1.9443692,4.375163,59.9659,-1.4937979,2.3161128,-0.14100409,0.000000
137,2,0,0,0,0,0.213625,4.137158,3.3389916,22.798288,-18.032288,0.0834648,4.205366,0.19053006,0.000000
138,2,0,0,0,0,0.612430,1.9381812,2.0196054,4.7323256,-56.38663,-0.95327294,-4.250942,0.08746027,0.000000
138,2,0,0,0,0,0.278766,1.6650037,1.9783309,4.4969716,59.89386,-1.4458146,2.3819606,-0.23313305,0.000000
138,2,0,0,0,0,0.274648,4.0989714,3.3145287,23.24026,-18.045599,0.07653564,4.2881336,0.19519399,0.000000
139,2,0,0,0,0,0.567869,1.923573,2.043955,4.7885866,-56.38213,-0.95318294,-4.117626,0.08692244,0.000000
139,2,0,0,0,0,0.230290,4.0835586,3.3414338,22.715908,-18.011524,0.057088614,4.32793,0.22512038,0.000000
139,2,0,0,0,0,0.216983,1.6830555,1.9725146,4.5409384,59.85521,-1.4565728,2.4987469,-0.19597413,0.000000
140,2,0,0,0,0,0.606422,1.952127,2.0149035,4.690735,-56.237537,-0.921756,-4.159892,0.09633097,0.000000
140,2,0,0,0,0,0.252198,1.6903651,1.9672403,4.5573287,59.827015,-1.4592791,2.3726113,-0.18876915,0.000000
140,2,0,0,0,0,0.207300,3.219967,3.151682,7.6280704,-12.11274,-0.59787893,3.5367708,0.05304822,0.000000
140,2,0,0,0,0,0.201027,4.0101557,3.2851188,22.507362,-18.256557,0.050002098,4.1004744,0.19497043,0.000000
141,2,0,0,0,0,0.561797,1.9474008,2.051313,4.865662,-56.42247,-0.9430157,-4.146193,0.07346191,0.000000
141,2,0,0,0,0,0.215440,1.6927814,1.9624434,4.5758142,59.818184,-1.4706907,2.356965,-0.196186,0.000000
141,2,0,0,0,0,0.203765,3.992992,3.3168862,22.5666,-18.07854,0.03688222,4.108236,0.19720358,0.000000
142,2,0,0,0,0,0.628193,1.888834,2.046898,4.689444,-56.082806,-1.0050933,-4.0844803,0.07010526,0.000000
142,2,0,0,0,0,0.262556,4.006263,3.2383158,23.02803,-18.085907,0.05365795,4.1358333,0.19071275,0.000000
142,2,0,0,0,0,0.208133,1.7183788,1.9696181,4.511413,59.870487,-1.3730025,2.4466805,-0.21471156,0.000000
143,2,0,0,0,0,0.627714,1.8572156,2.0570834,4.5294,-56.07611,-1.044193,-3.933299,0.077456355,0.000000
143,2,0,0,0,0,0.236115,1.7019501,1.9621239,4.538045,59.820053,-1.4430223,2.2712066,-0.1811673,0.000000
143,2,0,0,0,0,0.225592,4.018672,3.307961,22.604965,-18.049881,0.044155598,4.0593576,0.17999582,0.000000
143,2,0,0,0,0,0.209538,1.8635807,2.142457,5.194306,-38.886997,-1.1389971,-23.135445,-0.32987607,0.000000
143,2,0,0,0,0,0.203285,2.4660528,2.4483852,6.529737,67.607124,-0.6847335,-7.7785063,-0.14303927,0.000000
144,2,0,0,0,0,0.643782,1.8529437,2.082283,4.5866814,-55.964905,-0.9823698,-3.9924173,0.10102914,0.000000
144,2,0,0,0,0,0.370939,1.7165701,1.9722424,4.514677,59.875877,-1.4112475,2.2623045,-0.12045494,0.000000
144,2,0,0,0,0,0.236532,4.093272,3.305069,22.480618,-16.63638,0.06838632,4.354048,0.20532238,0.000000
145,2,0,0,0,0,0.612266,1.8227644,2.0660324,4.6079216,-55.920918,-0.98979187,-3.9651008,0.11618622,0.000000
145,2,0,0,0,0,0.340618,1.6959836,1.9668603,4.507645,59.869507,-1.4281801,2.2948232,-0.13547504,0.000000
145,2,0,0,0,0,0.225144,3.98674,3.265852,21.204357,-16.877132,0.023991823,4.4093547,0.21281871,0.000000
145,2,0,0,0,0,0.219337,1.5489104,1.8751953,4.2982736,31.097843,-1.6193653,-7.77969,-0.23864464,0.000000
146,2,0,0,0,0,0.672847,1.8441021,2.0924013,4.7791805,-55.849983,-1.0476228,-3.9087262,0.12756291,0.000000
146,2,0,0,0,0,0.248080,1.6560867,1.9192158,4.515647,59.69419,-1.5999216,1.8177481,-0.17501348,0.000000
146,2,0,0,0,0,0.233889,4.031928,3.3416934,21.635145,-16.605053,0.042160034,4.410783,0.22236522,0.000000
146,2,0,0,0,0,0.210036,2.106178,2.2497587,5.1648345,59.137314,-0.87199605,-7.541394,-0.13070908,0.000000
147,2,0,0,0,0,0.704690,2.0555243,2.1217852,4.860007,-55.837242,-0.87074757,-3.838467,0.13569605,0.000000
147,2,0,0,0,0,0.346528,1.7281466,1.9585464,4.514005,59.84237,-1.3913918,1.9893506,-0.12067363,0.000000
147,2,0,0,0,0,0.223522,4.0420117,3.33938,22.174784,-16.527906,0.057976425,4.25029,0.20653875,0.000000
