0,2,0,0,0,0,0.619345,1.663162,1.8595805,4.197101,-20.90078,0.3129107,1.1157186,-0.07246299,0.000000
0,2,0,0,0,0,0.381526,1.7418766,1.9396486,4.5155544,-56.683235,-2.320764,25.193356,-0.22156,0.000000
0,2,0,0,0,0,0.295675,1.9127977,2.013896,4.5534525,-17.339722,0.2645183,7.510516,-0.13323644,0.000000
0,2,0,0,0,0,0.291410,1.8808208,2.0735333,4.828662,-60.76349,1.039998,-11.447834,-0.5445081,0.000000
0,2,0,0,0,0,0.278157,1.7774427,1.9149818,4.50161,-57.05961,-2.6834044,30.751293,-0.21307904,0.000000
0,2,0,0,0,0,0.258053,1.8217452,2.012679,4.722091,-37.186794,-2.6408572,28.67264,-0.10119594,0.000000
0,2,0,0,0,0,0.231546,1.5726849,1.9045944,4.318826,-18.663767,0.8238558,-19.197468,-0.8014231,0.000000
0,2,0,0,0,0,0.210517,2.0053477,2.0707488,4.8275266,-2.0206203,-0.89462924,14.134075,-0.0461288,0.000000
0,2,0,0,0,0,0.205116,1.8879904,1.963285,4.726983,-48.94483,-2.781876,29.813183,-0.067983985,0.000000
1,2,0,0,0,0,0.610062,1.7461479,1.9407359,4.490977,-20.661224,-1.1987267,1.1529521,-0.004442767,0.000000
1,2,0,0,0,0,0.419894,1.7502688,1.9454219,4.5457215,-55.73179,-3.8915367,24.953354,-0.09067679,0.000000
1,2,0,0,0,0,0.392460,2.0052855,1.9534742,4.4434533,-19.041862,-1.1299973,7.6000333,-0.104024194,0.000000
1,2,0,0,0,0,0.276233,1.8865641,2.076809,4.9713044,-62.485462,-0.6352158,-11.22669,-0.5591531,0.000000
1,2,0,0,0,0,0.228846,1.9012284,1.9714117,4.6240005,-56.21245,-4.397766,30.238808,-0.07994752,0.000000
1,2,0,0,0,0,0.227843,2.1652312,2.1585834,5.0297165,-3.8479671,-2.4022644,14.110041,0.09778762,0.000000
2,2,0,0,0,0,0.486433,1.7209262,1.8906796,4.1816893,-20.628046,-1.1736393,1.2969544,0.025763262,0.000000
2,2,0,0,0,0,0.349877,1.7901638,1.9744278,4.7276897,-46.9868,-4.222231,29.226597,-0.04101068,0.000000
2,2,0,0,0,0,0.344867,1.9988337,1.9977753,4.472967,-20.870602,-1.08687,7.1679115,-0.106953196,0.000000
2,2,0,0,0,0,0.326992,1.8348889,1.9847813,4.617154,-54.47499,-4.213443,24.59549,-0.028016835,0.000000
2,2,0,0,0,0,0.212653,1.8140693,2.0232112,4.841348,-39.900032,-1.1953268,6.8182015,-0.09935839,0.000000
3,2,0,0,0,0,0.370639,1.7114446,1.931866,4.5306935,-45.69808,-4.10333,28.93894,-0.14272928,0.000000
3,2,0,0,0,0,0.363423,1.6589215,1.9198066,4.2210007,-20.722023,-1.0446956,1.3428314,0.062269308,0.000000
3,2,0,0,0,0,0.340070,1.8085538,1.9379655,4.432043,-22.670565,-1.120577,7.501719,-0.12974353,0.000000
3,2,0,0,0,0,0.318555,1.7424612,1.9508685,4.4695225,-53.984917,-4.039009,29.683521,-0.118943244,0.000000
4,2,0,0,0,0,0.383101,1.6685127,1.9401879,4.585,-20.420105,-1.3079687,1.4002786,0.10455644,0.000000
4,2,0,0,0,0,0.294083,1.779336,1.9820024,4.6307087,-53.50779,-3.8918552,24.241749,0.12979417,0.000000
4,2,0,0,0,0,0.272786,1.872716,2.0072489,4.656423,-15.665165,-1.2022167,6.315987,-0.09050952,0.000000
4,2,0,0,0,0,0.265087,1.7746904,1.9333594,4.3673425,-24.467152,-1.257438,7.7136903,-0.05924533,0.000000
4,2,0,0,0,0,0.203175,1.8796837,2.0071998,4.7936745,-57.448395,-4.5426226,29.86427,-0.0075933803,0.000000
5,2,0,0,0,0,0.473430,1.6651745,1.9368333,4.504979,-20.427927,-1.3120193,1.4843524,0.07279031,0.000000
5,2,0,0,0,0,0.440662,1.867445,2.017068,4.841311,-52.85257,-4.3679633,23.923702,-0.16273183,0.000000
5,2,0,0,0,0,0.236990,1.8416512,1.9186113,4.15254,-18.796461,-1.1769605,6.3915997,-0.014119363,0.000000
6,2,0,0,0,0,0.648287,1.7513752,1.9485556,4.490809,-20.383795,-1.1450598,1.265907,0.03239329,0.000000
6,2,0,0,0,0,0.445231,1.8536875,2.0273333,4.731225,-51.962765,-3.9186969,23.483648,-0.040876932,0.000000
6,2,0,0,0,0,0.293323,1.8112593,1.9352355,4.4077044,-27.59327,-1.2314211,7.457558,-0.044838205,0.000000
6,2,0,0,0,0,0.235042,1.7974315,2.039712,5.1180067,-42.276596,-4.259475,28.052725,-0.12412211,0.000000
6,2,0,0,0,0,0.200998,1.8511884,1.9702108,4.486306,-19.616386,-1.1703811,6.362949,-0.033622574,0.000000
7,2,0,0,0,0,0.588097,1.6774957,1.9374061,4.555638,-52.298553,-5.137705,22.646465,-0.092102155,0.000000
7,2,0,0,0,0,0.541827,1.7093003,1.93512,4.351349,-20.808666,-2.1546178,0.5227604,0.03416268,0.000000
7,2,0,0,0,0,0.314191,1.9834363,1.8977003,4.232127,-23.243038,-2.0218906,5.383894,0.107045084,0.000000
7,2,0,0,0,0,0.251062,1.8726163,1.9416374,4.370339,-29.93145,-2.1636682,6.576925,-0.12999302,0.000000
8,2,0,0,0,0,0.451550,1.5977526,1.8941677,4.409358,-20.65044,-2.1015725,0.7897086,0.07434864,0.000000
8,2,0,0,0,0,0.329742,1.6879511,1.9520932,4.3570414,-33.34724,-1.1314634,-20.395035,-0.7110127,0.000000
8,2,0,0,0,0,0.265542,1.7258661,1.9868662,4.614849,-52.067516,-5.148842,23.525528,1.0067576,0.000000
8,2,0,0,0,0,0.246438,1.7476153,1.9238368,4.508788,-64.68785,-5.6174927,29.229525,-0.24332383,0.000000
8,2,0,0,0,0,0.215395,2.011269,1.9481202,4.387066,-25.08548,-1.7633216,5.3665915,0.1587359,0.000000
9,2,0,0,0,0,0.468786,1.7453749,1.9566216,4.576332,-49.672394,-4.631845,22.128633,-0.11016193,0.000000
9,2,0,0,0,0,0.361546,1.710598,2.020751,4.847892,-19.69622,-1.7305477,0.94089633,0.106076986,0.000000
9,2,0,0,0,0,0.294665,2.4300017,2.494961,5.704296,-23.350405,-0.22763842,-13.938282,1.6576219,0.000000
9,2,0,0,0,0,0.253664,1.8136921,1.9284676,4.3362064,-25.140339,-1.7297232,5.8227434,0.14320031,0.000000
9,2,0,0,0,0,0.245484,1.7424555,1.9245713,4.562335,-64.55411,-5.4343367,28.94249,-0.22288665,0.000000
10,2,0,0,0,0,0.515066,1.7042894,1.9907405,4.7835813,-19.856823,-1.5695289,0.96337056,0.09299334,0.000000
10,2,0,0,0,0,0.463078,1.733238,1.943356,4.593305,-49.79575,-4.5874324,21.822884,-0.21710508,0.000000
10,2,0,0,0,0,0.283570,1.9834855,1.98508,4.5006723,-27.078083,-1.38192,5.5422964,0.106985986,0.000000
10,2,0,0,0,0,0.270859,1.7478166,1.9244771,4.5541945,-64.995964,-5.2104445,28.679447,-0.20687066,0.000000
10,2,0,0,0,0,0.216495,1.8266668,1.9730909,4.4851484,-34.643578,-1.646801,6.127834,-0.124939725,0.000000
10,2,0,0,0,0,0.206111,1.7638731,1.9921851,4.403842,-35.84867,-0.45945024,-20.654264,-0.69835734,0.000000
11,2,0,0,0,0,0.478314,1.7148504,1.9396901,4.531539,-19.88736,-1.3541753,0.70843595,-0.019034803,0.000000
11,2,0,0,0,0,0.342898,1.6610849,1.9013087,4.4185643,-56.51352,-4.823613,37.93729,-0.12206234,0.000000
11,2,0,0,0,0,0.312547,1.9009047,2.0312357,4.7620287,-21.20048,-2.0297358,12.762472,-0.017321706,0.000000
11,2,0,0,0,0,0.300295,1.9635854,2.0083928,4.5777965,-28.7914,-1.2879711,5.5817704,0.06430046,0.000000
11,2,0,0,0,0,0.209356,1.9586194,2.0769486,4.9018354,-49.18621,-4.225731,21.763617,-0.20245345,0.000000
12,2,0,0,0,0,0.522114,1.882721,2.0444748,4.968665,-48.29486,-3.8834422,21.298508,-0.0035475926,0.000000
12,2,0,0,0,0,0.439199,1.635054,1.8861156,4.331117,-19.834885,-1.293663,0.86318445,0.089688,0.000000
12,2,0,0,0,0,0.333453,2.1028109,2.1464024,4.9627433,-22.55854,-2.2754335,12.8480215,0.013350317,0.000000
12,2,0,0,0,0,0.277037,1.6600295,1.8647947,4.357123,-60.74908,-4.820357,37.893265,-0.031032994,0.000000
12,2,0,0,0,0,0.236592,2.03893,2.0176353,4.5480294,-30.67199,-1.1075358,5.186799,0.14857395,0.000000
13,2,0,0,0,0,0.586615,1.6157298,1.897794,4.3499503,-20.074362,-1.150095,0.8926981,0.093430385,0.000000
13,2,0,0,0,0,0.370218,1.739682,1.919789,4.5965405,-47.70126,-4.2187195,20.782837,-0.17207563,0.000000
13,2,0,0,0,0,0.368018,2.0943706,2.1581793,4.938415,-24.559029,-1.7947146,12.649649,-0.014804425,0.000000
13,2,0,0,0,0,0.360390,1.9790537,1.9846492,4.4481654,-33.387054,-1.0557294,4.98059,-0.16703603,0.000000
13,2,0,0,0,0,0.250597,1.8434682,2.0137672,4.587015,-83.264244,-5.606593,24.616743,-0.07830244,0.000000
13,2,0,0,0,0,0.237135,1.5593398,1.8271987,4.1964574,-65.24107,-5.079787,37.708874,0.091263965,0.000000
14,2,0,0,0,0,0.683710,1.690241,1.9334055,4.2726045,-19.86141,-0.867877,0.5199751,-0.040789925,0.000000
14,2,0,0,0,0,0.492934,1.7954273,1.9822297,4.8118,-47.049633,-3.7165465,20.512278,-0.00013279059,0.000000
14,2,0,0,0,0,0.364815,2.0824242,2.1050496,4.80429,-34.683723,-1.019998,4.519207,0.19888711,0.000000
14,2,0,0,0,0,0.272654,1.7526169,2.0075586,4.5128865,-83.68065,-4.824723,24.27402,0.104366265,0.000000
15,2,0,0,0,0,0.449486,1.7736504,1.983937,4.3696976,-19.717232,-0.92510915,0.5676294,0.08169535,0.000000
15,2,0,0,0,0,0.354861,2.0823593,2.0430012,4.562675,-36.204212,-1.0441742,4.820298,0.31133646,0.000000
15,2,0,0,0,0,0.348613,1.7461013,1.9718473,4.654875,-46.65794,-3.7974222,20.239273,-0.10328146,0.000000
15,2,0,0,0,0,0.269774,1.6341975,1.86582,4.1333075,-14.527557,-1.3279262,4.935361,0.112568684,0.000000
15,2,0,0,0,0,0.220965,1.6689535,1.9251623,4.348245,-43.456512,-1.289152,5.929889,-0.09598547,0.000000
15,2,0,0,0,0,0.216554,1.5783567,1.9453859,4.340536,-83.82916,-4.425977,23.74295,0.16328001,0.000000
16,2,0,0,0,0,0.603639,1.7572682,1.9643795,4.6668086,-46.10182,-3.7103405,19.959198,-0.057847686,0.000000
16,2,0,0,0,0,0.409928,1.756578,1.978377,4.6699495,-19.374441,-1.1255095,0.60237944,-0.044635832,0.000000
17,2,0,0,0,0,0.398606,1.745047,1.9348903,4.490427,-82.07794,-4.353093,37.90044,-0.21621278,0.000000
17,2,0,0,0,0,0.386523,1.876612,1.992224,4.7747636,-70.517654,-3.5708776,27.294582,-0.05935393,0.000000
17,2,0,0,0,0,0.330663,1.6621156,1.8398563,3.8884816,-20.159122,0.003482014,1.2906332,0.20382595,0.000000
17,2,0,0,0,0,0.313913,1.5864849,1.9471395,4.685696,-45.408455,-2.3007984,20.226576,-0.1112478,0.000000
17,2,0,0,0,0,0.283686,1.9018881,2.037121,4.6595764,-39.663685,-0.13482016,5.018273,-0.14438233,0.000000
18,2,0,0,0,0,0.515617,1.6990113,1.9028854,4.434988,-87.61456,-4.3189983,37.621056,0.06694973,0.000000
18,2,0,0,0,0,0.501856,1.8265282,1.9716251,4.697649,-46.782455,-2.0901465,20.094835,-0.09830065,0.000000
18,2,0,0,0,0,0.436778,1.6727722,1.9311342,4.483352,-21.570602,0.1331905,1.1557809,0.11886777,0.000000
18,2,0,0,0,0,0.383480,1.6666518,1.93616,4.462979,-83.92618,-2.9650624,22.981125,-0.045579962,0.000000
18,2,0,0,0,0,0.327177,1.7506472,1.9385444,4.5601788,-73.65102,-3.5617442,27.169708,-0.0892597,0.000000
18,2,0,0,0,0,0.221315,1.8688313,2.0120444,4.5809107,-11.75989,0.6276616,-5.2933874,-0.07344417,0.000000
19,2,0,0,0,0,0.612207,1.6634359,1.9040931,4.391244,-19.899544,0.23109701,1.441607,0.1498881,0.000000
19,2,0,0,0,0,0.497639,1.8780384,2.0486012,5.0485897,-44.75359,-1.8285263,19.72718,-0.003205246,0.000000
19,2,0,0,0,0,0.333449,1.7113631,1.8896431,4.326981,-97.155754,-3.8571744,24.344786,0.020121835,0.000000
19,2,0,0,0,0,0.266797,1.7661796,1.9762905,4.5578694,-80.992386,-3.585765,22.492752,0.036277287,0.000000
19,2,0,0,0,0,0.255416,1.7669609,2.0035386,4.833109,-11.205576,0.23221493,5.2803607,-0.11884853,0.000000
19,2,0,0,0,0,0.211739,1.8514707,1.9488589,4.669971,-72.787094,-3.7825205,26.881598,-0.1821173,0.000000
20,2,0,0,0,0,0.537276,1.6582296,1.8737996,4.2947555,-20.235275,0.35482043,1.3001451,0.16114867,0.000000
20,2,0,0,0,0,0.527463,1.7692115,1.9557238,4.5821447,-81.3516,-3.9422183,22.036255,0.05112256,0.000000
20,2,0,0,0,0,0.276846,2.1236067,2.0986147,4.9473653,-44.059948,-2.0961945,19.301888,-0.042590797,0.000000
21,2,0,0,0,0,0.530524,1.8871365,2.0958326,5.1646934,-43.711678,-2.2663493,19.128021,-0.054216202,0.000000
21,2,0,0,0,0,0.518347,1.7799023,1.9260811,4.395945,-80.80648,-4.753664,21.683443,-0.0260371,0.000000
21,2,0,0,0,0,0.318132,1.7340707,1.944595,4.3231106,-19.998852,0.31661847,1.1965709,0.02016975,0.000000
21,2,0,0,0,0,0.259004,1.8223641,2.0101833,4.7320457,-8.283775,-0.6426467,22.535664,0.072773926,0.000000
21,2,0,0,0,0,0.228998,1.8807621,1.9792413,4.740993,-75.40489,-4.5462856,26.302519,-0.11335283,0.000000
22,2,0,0,0,0,0.652609,1.7263136,1.9604261,4.6930056,-43.107967,-2.7446923,18.70388,-0.13359939,0.000000
22,2,0,0,0,0,0.530459,1.6368096,1.8927917,4.4063516,-80.286964,-5.2214727,21.239048,0.05474778,0.000000
22,2,0,0,0,0,0.459095,1.7386063,1.9572353,4.3323016,-20.097193,0.12431708,0.9793717,-0.028116785,0.000000
22,2,0,0,0,0,0.355498,1.7100086,1.9212453,4.5020466,-75.65051,-4.979086,25.933046,-0.10009763,0.000000
22,2,0,0,0,0,0.215183,1.8866433,2.1571655,5.5175524,-11.204493,-0.8793414,22.428946,-0.0037680021,0.000000
23,2,0,0,0,0,0.729687,1.8318377,2.0185664,4.933076,-42.73274,-2.2480605,18.426075,-0.046573907,0.000000
23,2,0,0,0,0,0.450986,1.6145387,1.862017,4.1509504,-20.52769,0.0062933266,1.0161521,-0.04664838,0.000000
24,2,0,0,0,0,0.740314,1.8604124,1.955828,4.6321983,-42.478817,-2.127713,18.013428,-0.014319403,0.000000
24,2,0,0,0,0,0.554286,1.6513996,1.9224467,4.4030933,-20.167877,-0.034251615,1.1496899,0.028081335,0.000000
24,2,0,0,0,0,0.247204,1.5556805,1.8356764,4.2181497,-34.41723,-0.4470416,4.029968,0.054197624,0.000000
25,2,0,0,0,0,0.483542,1.6898642,1.9393947,4.3973618,-20.051117,-0.014529809,1.1696295,0.09157893,0.000000
25,2,0,0,0,0,0.411349,1.6885822,1.9290787,4.4734726,-42.46299,-2.2146142,17.66573,-0.017862385,0.000000
25,2,0,0,0,0,0.405925,1.7335012,1.9472418,4.4983835,-79.38622,-4.377337,19.507576,0.10519941,0.000000
25,2,0,0,0,0,0.252232,1.8008194,1.9931643,4.544077,-49.458797,0.837391,-22.093307,-0.40709203,0.000000
25,2,0,0,0,0,0.245599,1.6969924,1.9081192,4.2978745,-8.545427,0.6372255,-10.1931505,-0.040524684,0.000000
26,2,0,0,0,0,0.453315,1.6616943,1.9521348,4.396332,-20.037205,-0.089696795,1.1964924,0.071838856,0.000000
26,2,0,0,0,0,0.311005,1.8207059,2.0014014,4.562971,-78.60517,-4.880848,19.091846,-0.043208916,0.000000
26,2,0,0,0,0,0.277441,1.6781738,1.8956369,4.321969,-41.875484,-2.2713099,18.02562,0.35458604,0.000000
27,2,0,0,0,0,0.417940,1.64768,1.9124615,4.34338,-20.184114,0.03992802,0.69809276,-0.0226867,0.000000
27,2,0,0,0,0,0.310322,1.6960802,1.92983,4.3507733,-78.73085,-4.6776586,18.870037,0.02809636,0.000000
27,2,0,0,0,0,0.202138,1.6383655,1.8780291,4.2721605,-12.391138,-0.041777194,4.1288195,0.16729891,0.000000
28,2,0,0,0,0,0.581194,1.7005215,1.9465302,4.30227,-20.087444,0.4183156,0.9614851,0.17874013,0.000000
28,2,0,0,0,0,0.379774,1.8393536,1.9650805,4.515727,-77.607185,-3.9869068,18.17802,-0.13029236,0.000000
28,2,0,0,0,0,0.319562,1.758219,2.0205028,5.1106367,-40.608524,-1.8280813,16.703938,-0.05165156,0.000000
28,2,0,0,0,0,0.306753,1.6730952,2.0121465,4.794919,-36.331276,0.68459916,-19.882584,-0.31028122,0.000000
28,2,0,0,0,0,0.256590,1.7903686,1.9333322,4.5847445,-91.54606,-5.0122986,23.75877,-0.050201714,0.000000
28,2,0,0,0,0,0.208241,1.6308198,1.9357044,4.5783887,-12.17981,0.46894467,-19.618063,-0.19489041,0.000000
29,2,0,0,0,0,0.677227,1.7127875,1.9286387,4.311511,-20.258373,0.33062667,0.9236839,0.13725978,0.000000
29,2,0,0,0,0,0.653033,1.7786908,1.9788493,4.8520055,-40.541756,-1.7515367,16.212555,0.0071066157,0.000000
29,2,0,0,0,0,0.529632,1.8031969,1.970791,4.589994,-77.46632,-4.178335,17.349426,-0.067045204,0.000000
29,2,0,0,0,0,0.350951,1.7149706,2.0403373,4.9185133,-37.90502,0.4072566,-20.036463,-0.21858221,0.000000
29,2,0,0,0,0,0.310192,1.5860615,1.9044201,4.350896,-15.948989,0.7600558,-11.207504,-0.16127041,0.000000
29,2,0,0,0,0,0.241790,1.7939479,1.9957719,4.5401335,-93.437416,-4.5624256,18.610289,-0.32822078,0.000000
29,2,0,0,0,0,0.206926,1.7899382,1.9323777,4.5066032,-15.231684,-0.113791525,-19.7832,0.2811607,0.000000
30,2,0,0,0,0,0.622368,1.7559576,1.943697,4.357736,-20.339409,0.26194578,1.0431342,0.19881976,0.000000
30,2,0,0,0,0,0.486010,1.6876963,1.9199774,4.4099474,-40.42987,-1.6718228,16.108427,0.12949847,0.000000
30,2,0,0,0,0,0.427950,1.6977322,1.9318566,4.439613,-77.49496,-4.4440336,16.764038,-0.14552027,0.000000
30,2,0,0,0,0,0.293375,1.564508,1.9006823,4.191558,-45.008522,0.10509741,-21.812344,-0.5499972,0.000000
30,2,0,0,0,0,0.235014,1.6579578,1.9395841,4.5015106,-17.454803,0.6514018,-11.398598,-0.21217059,0.000000
30,2,0,0,0,0,0.216224,1.5845068,1.89573,4.232864,-40.311943,0.06361422,-20.238237,-0.22788982,0.000000
30,2,0,0,0,0,0.207302,1.6511035,1.9345889,4.5283628,-12.65029,0.45777234,-3.4257376,0.11576943,0.000000
30,2,0,0,0,0,0.202274,1.6131586,1.9554831,4.546389,-24.815876,0.22752197,-20.713371,-0.52852076,0.000000
31,2,0,0,0,0,0.666611,1.7469537,1.9259057,4.3042326,-20.434444,0.27456662,1.0600371,0.1981031,0.000000
31,2,0,0,0,0,0.486902,1.713356,1.9598603,4.470803,-92.41813,-4.7602367,16.779417,-0.08272657,0.000000
31,2,0,0,0,0,0.340601,1.6182747,2.0201807,4.9943595,-39.769714,-1.6784902,15.667877,-0.09039882,0.000000
31,2,0,0,0,0,0.340131,1.7176911,1.9835376,4.701109,-76.84172,-3.976407,16.42519,-0.16339326,0.000000
31,2,0,0,0,0,0.293479,1.5937077,1.9278605,4.4806395,-47.758457,-0.1774534,-22.562498,2.2254603,0.000000
31,2,0,0,0,0,0.241534,1.5987815,1.9257183,4.39191,-19.196404,-0.21473831,-20.575506,0.1649613,0.000000
31,2,0,0,0,0,0.228723,1.5284336,1.8831627,4.332695,-42.112556,-0.085678816,-20.425503,-0.20847714,0.000000
31,2,0,0,0,0,0.208875,1.5985749,1.9264139,4.39942,-27.200726,0.0113975555,-20.744524,-0.47733027,0.000000
31,2,0,0,0,0,0.204461,1.6552206,1.9592391,4.59116,-19.113394,0.63666725,-11.341168,-0.12808488,0.000000
32,2,0,0,0,0,0.827836,1.7493606,2.0058453,4.8010044,-39.487785,-1.3782053,15.290808,-0.0235995,0.000000
32,2,0,0,0,0,0.538273,1.7814872,1.9489888,4.364434,-20.397821,0.29157653,1.0634189,0.26220274,0.000000
32,2,0,0,0,0,0.519092,1.5858574,1.8728628,4.247177,-76.98098,-3.6361759,15.812456,-0.119083196,0.000000
32,2,0,0,0,0,0.385969,1.7451472,1.914158,4.3749847,-91.3521,-4.8747625,15.923244,0.058136012,0.000000
32,2,0,0,0,0,0.357421,1.5859572,1.9211676,4.2917395,-49.45402,-0.20989221,-22.783817,1.773097,0.000000
32,2,0,0,0,0,0.288650,1.5728768,1.877013,4.4327126,-28.828941,-0.17218235,-21.179636,2.2026944,0.000000
32,2,0,0,0,0,0.234536,1.5725883,1.8893934,4.0623584,-21.427559,0.40706652,-11.421129,-0.13272734,0.000000
32,2,0,0,0,0,0.203351,1.5606147,1.8862214,4.2361,-9.812231,-0.08699107,-20.34787,1.5531785,0.000000
33,2,0,0,0,0,0.686712,1.7169929,1.9102279,4.190557,-20.650715,0.3184322,0.86672163,0.119355574,0.000000
33,2,0,0,0,0,0.670696,1.7891188,1.9346153,4.4933414,-39.17247,-1.2969105,15.051005,-0.07415344,0.000000
33,2,0,0,0,0,0.571184,1.5531676,1.8621277,4.259466,-76.65216,-3.521958,15.400833,-0.09574951,0.000000
33,2,0,0,0,0,0.380116,1.7461903,1.9257156,4.4024277,-92.4559,-4.710264,15.269794,-0.08936304,0.000000
33,2,0,0,0,0,0.368271,1.532093,1.8443854,4.065825,-22.99497,0.3369935,-11.658546,-0.08097829,0.000000
33,2,0,0,0,0,0.254887,1.5669594,1.8975433,4.377055,-51.045208,-0.36614305,-23.23071,1.812047,0.000000
33,2,0,0,0,0,0.240858,1.7794194,1.9635375,4.398923,-31.094614,-0.09560415,4.5426974,0.05610154,0.000000
34,2,0,0,0,0,0.687543,1.7914395,1.9991356,4.933575,-38.86527,-1.3522097,14.628672,-0.010452464,0.000000
34,2,0,0,0,0,0.647488,1.7439883,1.9386693,4.250975,-20.671005,0.21949026,0.9717883,0.12801203,0.000000
34,2,0,0,0,0,0.419760,1.7605474,1.9227532,4.48563,-91.480034,-4.864899,14.430531,0.08485697,0.000000
34,2,0,0,0,0,0.410875,1.7105652,1.9231359,4.5246696,-75.975,-3.444116,14.773494,0.046551928,0.000000
34,2,0,0,0,0,0.285621,1.6234614,1.9157062,4.3003592,-24.960747,0.34804448,-11.715929,-0.06755445,0.000000
34,2,0,0,0,0,0.233291,1.7383057,1.96174,4.571455,-46.36667,-1.1971155,-21.732473,-0.086452164,0.000000
35,2,0,0,0,0,0.714260,1.6632614,1.9484047,4.2117906,-21.419596,0.06146729,0.76564014,0.1551418,0.000000
35,2,0,0,0,0,0.640453,1.8293872,2.009417,4.9089055,-39.20336,-1.5020949,14.279703,0.08025147,0.000000
35,2,0,0,0,0,0.497126,1.7096891,1.9373304,4.4677577,-76.14888,-3.7167954,14.096079,-0.0071401983,0.000000
35,2,0,0,0,0,0.397436,1.6900975,1.9350376,4.4945383,-93.469986,-4.7471466,13.622009,0.23066223,0.000000
35,2,0,0,0,0,0.384120,1.5975668,1.9226605,4.343588,-27.046104,0.15545157,-12.395274,-0.25638688,0.000000
35,2,0,0,0,0,0.338492,1.696975,1.9187876,4.298033,-10.809151,0.120473534,-18.15451,-0.054348934,0.000000
35,2,0,0,0,0,0.260293,1.5472026,1.9187111,4.508772,-49.89895,-0.93087924,-23.006027,1.9797821,0.000000
35,2,0,0,0,0,0.259077,1.7192326,1.9849881,4.661762,-34.97704,-1.0593204,-22.077505,2.3007069,0.000000
36,2,0,0,0,0,0.787306,1.7011254,1.9468051,4.2658634,-21.447563,0.13768095,0.87568426,0.1299754,0.000000
36,2,0,0,0,0,0.614181,1.8334754,2.0278578,4.8061533,-38.929604,-1.242392,14.165984,0.04232359,0.000000
36,2,0,0,0,0,0.444802,1.7694318,1.9264199,4.5086126,-75.68231,-3.7881393,13.657987,0.02453445,0.000000
36,2,0,0,0,0,0.420987,1.5672743,1.9174689,4.34512,-28.789896,0.124138296,-12.682006,-0.12189046,0.000000
36,2,0,0,0,0,0.338951,1.6540982,1.8610984,4.236679,-92.68306,-4.5751343,12.889967,0.18059713,0.000000
36,2,0,0,0,0,0.250280,1.5561123,1.8835521,4.361496,-51.685555,-0.96693367,-23.482712,1.8023382,0.000000
37,2,0,0,0,0,0.686141,1.750114,1.9903994,4.429422,-21.359299,0.20861575,0.5569742,0.14222446,0.000000
37,2,0,0,0,0,0.518820,1.7851809,2.0442967,5.07318,-38.346134,-1.1858302,13.8015995,-0.017289331,0.000000
37,2,0,0,0,0,0.473904,1.7330836,1.8959274,4.3796077,-91.418335,-4.389086,12.3557,0.022550922,0.000000
37,2,0,0,0,0,0.390241,1.5658858,1.9433221,4.5192513,-30.594004,0.094892666,-12.976923,-0.11163687,0.000000
37,2,0,0,0,0,0.218132,1.5750014,1.9160948,4.448614,-19.048088,-0.073623165,-21.532387,2.0679126,0.000000
37,2,0,0,0,0,0.214085,1.63024,1.9595135,4.684093,-25.861105,0.15422451,-7.9188714,-0.21967213,0.000000
37,2,0,0,0,0,0.207954,1.6435535,1.9591525,4.5775437,-75.1333,-3.468824,13.27261,-0.13069314,0.000000
38,2,0,0,0,0,0.670437,1.6425104,1.9062295,4.145775,-21.719427,0.08532369,0.5425005,0.15332852,0.000000
38,2,0,0,0,0,0.642455,1.8088953,2.0119786,4.9762483,-38.269417,-1.2669973,13.534844,-0.057875056,0.000000
38,2,0,0,0,0,0.581148,1.6835189,1.9566047,4.5727158,-75.15667,-3.313124,12.7486515,-0.060422093,0.000000
38,2,0,0,0,0,0.511345,1.6706047,1.8857187,4.3784094,-91.091064,-4.4120803,12.02475,-0.040981654,0.000000
38,2,0,0,0,0,0.355562,1.6294382,1.9764215,4.6124783,-32.229774,0.15094125,-13.124036,-0.060612205,0.000000
39,2,0,0,0,0,0.743991,1.6822811,1.8951914,4.2973137,-21.915703,-0.08424598,0.51226985,0.2140249,0.000000
39,2,0,0,0,0,0.718563,1.8312931,2.014207,4.982779,-37.89869,-1.3018887,13.139066,0.040529408,0.000000
39,2,0,0,0,0,0.548298,1.6716399,1.9286444,4.6041126,-74.70416,-3.4001408,12.354357,-0.043525618,0.000000
39,2,0,0,0,0,0.372639,1.5571327,1.9089136,4.1844435,-34.305313,-0.17580052,-13.538837,-0.09457122,0.000000
39,2,0,0,0,0,0.349312,1.716636,1.9622688,4.450386,-92.65684,-4.6453576,10.920312,0.31660092,0.000000
40,2,0,0,0,0,0.643732,1.7504282,1.9400828,4.397137,-21.871845,0.019156337,0.52199376,0.22118565,0.000000
40,2,0,0,0,0,0.630778,1.9597495,2.0231893,4.740181,-37.80068,-0.99396735,13.078521,0.063710295,0.000000
40,2,0,0,0,0,0.615300,1.7287824,1.9271142,4.604714,-74.30209,-3.2258892,11.684902,0.108607225,0.000000
40,2,0,0,0,0,0.406739,1.7772,1.9316692,4.4095893,-90.33511,-4.0077925,10.941341,-0.0015193173,0.000000
40,2,0,0,0,0,0.213822,1.5251148,1.9022597,4.191679,-36.06378,-0.16107264,-13.909789,-0.09455031,0.000000
41,2,0,0,0,0,0.648621,1.8525248,1.9589871,4.464788,-37.71441,-0.9087898,12.774188,0.057545215,0.000000
41,2,0,0,0,0,0.610543,1.6647716,1.8922817,4.1513577,-22.103882,0.037362576,0.575274,0.21937515,0.000000
41,2,0,0,0,0,0.513915,1.7005739,1.9311053,4.6172633,-90.189445,-4.0754194,10.453018,0.046456367,0.000000
41,2,0,0,0,0,0.508298,1.6981282,1.9171464,4.491142,-73.91391,-3.2041764,11.329858,0.03171234,0.000000
41,2,0,0,0,0,0.309663,1.7467577,1.9384832,4.3368444,-8.765785,0.6709907,-10.546842,0.14753066,0.000000
41,2,0,0,0,0,0.276794,1.5622647,1.9145967,4.3985133,-15.658794,0.20768717,-18.831554,1.9410322,0.000000
41,2,0,0,0,0,0.243484,1.5825942,1.8890309,4.268713,-37.909367,-0.07128033,-14.034578,-0.12112758,0.000000
42,2,0,0,0,0,0.667393,1.8083472,2.031213,4.7932696,-37.317932,-0.9715613,12.457324,-0.019170681,0.000000
42,2,0,0,0,0,0.549559,1.5828413,1.883903,4.5711794,-89.75263,-4.1029286,9.884109,0.15556823,0.000000
42,2,0,0,0,0,0.516946,1.6891599,1.9550397,4.4050407,-22.089409,-0.009000242,0.31791306,0.091090664,0.000000
42,2,0,0,0,0,0.390470,1.617028,1.8986529,4.2295895,-39.712708,0.110237986,-14.16888,-0.1106568,0.000000
42,2,0,0,0,0,0.358059,1.765238,1.9347835,4.3686237,-10.584709,0.7652495,-10.65391,0.1704537,0.000000
42,2,0,0,0,0,0.271590,1.6685731,1.9415419,4.5872097,-73.41144,-3.0929232,10.942881,0.08658147,0.000000
42,2,0,0,0,0,0.201963,1.7037618,1.9702979,4.569023,-17.24398,0.10409361,-19.098953,2.1975322,0.000000
43,2,0,0,0,0,0.798207,1.8334874,1.9841317,4.62017,-37.289715,-1.1042706,12.2660475,0.089724645,0.000000
43,2,0,0,0,0,0.632042,1.545409,1.8331772,4.2327766,-89.77892,-4.034935,9.330788,0.027051859,0.000000
43,2,0,0,0,0,0.582647,1.7641511,1.9856057,4.538729,-22.084866,-0.1179955,0.463871,0.09242388,0.000000
43,2,0,0,0,0,0.438379,1.8708103,2.1230564,5.1931505,-22.75114,-0.8095078,17.663673,0.043489933,0.000000
43,2,0,0,0,0,0.399394,1.6061125,1.9796642,4.8856654,-72.979904,-3.067428,10.575075,0.065708905,0.000000
43,2,0,0,0,0,0.296631,1.6540358,1.9297293,4.343517,-41.123566,-0.08674759,-14.590439,-0.10252368,0.000000
43,2,0,0,0,0,0.238200,1.840628,1.934192,4.5356035,-90.67232,-4.499527,2.8734384,0.28278017,0.000000
43,2,0,0,0,0,0.213758,1.7207172,1.948813,4.494914,-18.66501,0.45023653,-19.236067,2.3475075,0.000000
43,2,0,0,0,0,0.200935,1.6635801,1.9062848,4.3677654,-12.523153,0.52710485,-10.743126,0.31844112,0.000000
44,2,0,0,0,0,0.783048,1.7787131,1.9407258,4.5245323,-37.138634,-1.2097028,12.017642,0.1721881,0.000000
44,2,0,0,0,0,0.696617,1.6064904,1.9675713,4.790542,-72.8743,-3.144352,10.203147,0.0044353926,0.000000
44,2,0,0,0,0,0.554589,1.7129252,1.955945,4.3327827,-22.506975,-0.12424791,0.5041437,0.20063879,0.000000
44,2,0,0,0,0,0.422424,1.6946261,1.9275177,4.6171775,-89.166084,-3.9603868,8.9349,0.09973125,0.000000
44,2,0,0,0,0,0.305740,1.9473916,1.9742001,4.467861,-26.111355,-0.76536995,17.689186,0.16287532,0.000000
44,2,0,0,0,0,0.297405,1.7128155,1.9515016,4.434123,-20.722195,0.31345555,-19.124989,1.998115,0.000000
44,2,0,0,0,0,0.241153,1.6619097,1.9567871,4.6630588,-42.987667,-0.3638944,-14.998276,-0.118606,0.000000
44,2,0,0,0,0,0.231160,1.740273,1.9165018,4.528715,-15.077583,-0.6524786,17.423702,0.19259295,0.000000
44,2,0,0,0,0,0.211321,1.8209656,1.9777081,4.712213,-26.49504,0.00041547418,-20.239054,2.3774195,0.000000
45,2,0,0,0,0,0.581698,1.627106,1.9554496,4.6456933,-72.627396,-3.3762999,9.912069,-0.058011383,0.000000
45,2,0,0,0,0,0.575553,1.63432,1.8789973,4.4801054,-88.82904,-4.555305,8.188345,0.054211427,0.000000
45,2,0,0,0,0,0.549055,1.6790931,1.9618087,4.392605,-22.63934,-0.23031273,0.59607935,0.14127776,0.000000
45,2,0,0,0,0,0.270482,1.6566523,1.9340379,4.4671865,-36.885887,-1.2419658,11.817704,0.059180804,0.000000
45,2,0,0,0,0,0.225772,1.6652157,1.9718986,4.607447,-21.918274,0.08874786,-19.295002,-0.2019132,0.000000
46,2,0,0,0,0,0.583479,1.7464588,1.9227769,4.4025164,-36.725784,-1.0661676,11.527664,0.12630129,0.000000
46,2,0,0,0,0,0.569517,1.7111537,1.9550335,4.382311,-22.618107,-0.19486937,0.56926894,0.18483528,0.000000
46,2,0,0,0,0,0.443725,1.6073594,1.8582939,4.3366046,-72.12372,-2.9793403,9.4409075,0.045843877,0.000000
46,2,0,0,0,0,0.438066,1.6537224,1.9253751,4.2758703,-23.344063,0.45246848,-20.191324,-0.24633102,0.000000
46,2,0,0,0,0,0.430107,1.6643353,1.9053814,4.5063705,-88.59218,-4.2636356,7.826192,0.03318619,0.000000
46,2,0,0,0,0,0.380115,1.8628864,1.9563715,4.3621225,-15.449061,-0.56262106,17.286758,0.13355264,0.000000
46,2,0,0,0,0,0.258083,1.60854,1.9390192,4.3476925,-26.428719,0.09832984,-6.1636147,1.7006907,0.000000
46,2,0,0,0,0,0.252322,1.8034219,2.0043535,4.549201,-29.948643,0.18209118,-20.40194,-0.21666428,0.000000
46,2,0,0,0,0,0.247324,1.8719906,1.9101205,4.526413,-23.184223,-0.7587547,16.493273,0.2822977,0.000000
46,2,0,0,0,0,0.211298,1.5526836,1.9260539,4.6572137,-78.44501,-1.8452588,-4.80605,-0.047225643,0.000000
46,2,0,0,0,0,0.207305,1.6392514,1.9263846,4.347069,-34.23582,-0.54681957,-22.91204,-0.20964974,0.000000
47,2,0,0,0,0,0.652618,1.9070148,1.971592,4.33706,-38.615997,-0.7776822,11.211886,0.29212937,0.000000
47,2,0,0,0,0,0.614923,1.6920711,1.9433591,4.7340465,-73.59033,-2.6326504,8.574367,0.11272837,0.000000
47,2,0,0,0,0,0.522986,2.038104,2.054217,4.788147,-34.04075,-0.8731655,16.475946,0.19168825,0.000000
47,2,0,0,0,0,0.494658,1.5197039,1.926305,4.996849,-74.63516,-1.4984167,-4.2879386,0.20418674,0.000000
47,2,0,0,0,0,0.408500,1.67768,1.9240397,4.362159,-24.58369,-0.1368534,-0.064408064,-0.082142845,0.000000
47,2,0,0,0,0,0.382217,1.68819,1.8909873,4.4696684,-90.17726,-3.8854032,7.139552,0.11193571,0.000000
47,2,0,0,0,0,0.292124,1.5438318,1.921909,4.300234,-37.678925,-0.12963803,-24.076208,-0.44991118,0.000000
47,2,0,0,0,0,0.236467,1.6999946,2.0283175,4.6757135,-33.707535,0.10031518,-21.617691,-0.3083845,0.000000
48,2,0,0,0,0,0.613559,1.5869418,1.942234,4.7307835,-87.91206,-3.8502474,7.17345,0.06551513,0.000000
48,2,0,0,0,0,0.583936,1.7836643,2.005267,4.755397,-36.230244,-1.1536447,11.284277,-0.0077890726,0.000000
48,2,0,0,0,0,0.564278,1.6301956,1.9463108,4.5744295,-71.42815,-2.7609606,8.84879,0.0697441,0.000000
48,2,0,0,0,0,0.502951,1.4402963,1.8436145,4.5470862,-72.934845,-1.674935,-4.0820723,0.22004957,0.000000
48,2,0,0,0,0,0.477941,1.7922499,1.9553558,4.5132966,-22.84568,-0.21575609,0.5389211,0.15106718,0.000000
48,2,0,0,0,0,0.233749,1.6010926,1.867196,4.095867,-67.42683,-1.5311645,-2.789616,0.32545668,0.000000
48,2,0,0,0,0,0.230289,1.7003303,1.949332,4.4710135,-27.656733,-0.20112538,-19.733402,2.3916774,0.000000
48,2,0,0,0,0,0.212689,1.6281986,1.9323326,4.629954,-50.279083,-0.6324584,-16.35636,0.09951082,0.000000
48,2,0,0,0,0,0.200382,1.6129405,1.9250876,4.3881226,-57.510487,-1.8272761,-26.892685,2.1727977,0.000000
49,2,0,0,0,0,0.746605,1.6249905,1.9340645,4.5046034,-71.11797,-2.8191977,8.445437,0.083829656,0.000000
49,2,0,0,0,0,0.701331,1.608006,1.9261358,4.5516276,-87.813225,-3.7803144,6.52643,0.06392188,0.000000
49,2,0,0,0,0,0.700576,1.8506147,1.9915595,4.6190863,-36.139725,-1.1595845,11.117182,0.10668869,0.000000
49,2,0,0,0,0,0.322899,1.6837412,1.9971664,4.7101483,-22.931723,-0.48485535,0.2747624,0.016695525,0.000000
49,2,0,0,0,0,0.317849,1.9165045,2.0722995,4.7704797,-17.840818,0.471066,-4.721181,0.06381701,0.000000
49,2,0,0,0,0,0.219339,1.5731173,1.9183798,4.558499,-39.72473,-0.6805295,-24.971312,2.3445663,0.000000
49,2,0,0,0,0,0.210569,1.6739712,1.9894283,4.6445136,-52.1373,-0.6456419,-17.13567,-0.20286879,0.000000
49,2,0,0,0,0,0.208143,1.8071237,1.9476289,4.4871664,-35.661156,-1.5110247,16.322529,0.057407137,0.000000
50,2,0,0,0,0,0.755840,1.7751436,1.9854908,4.617549,-36.1148,-1.1859444,10.934385,0.09649195,0.000000
50,2,0,0,0,0,0.656535,1.5588655,1.8664271,4.359139,-87.696365,-3.732626,6.185812,0.030804135,0.000000
50,2,0,0,0,0,0.542775,1.6261166,1.9895954,4.925775,-70.64173,-2.7065296,8.185386,0.12659222,0.000000
50,2,0,0,0,0,0.436564,1.9192181,2.0877967,4.9987254,-19.494474,0.37784114,-4.9256725,0.20827216,0.000000
50,2,0,0,0,0,0.431360,1.6718816,1.968956,4.5848207,-22.982647,-0.4637317,0.44640994,0.14236262,0.000000
50,2,0,0,0,0,0.311587,1.8936677,2.1611304,5.2724867,-33.311172,-1.2797232,16.24668,0.0406408,0.000000
50,2,0,0,0,0,0.245772,1.7491379,1.9976604,4.6085634,-37.416203,-0.4223885,-22.231993,-0.2889718,0.000000
50,2,0,0,0,0,0.231355,1.6153929,1.9003797,4.192682,-54.228806,-0.69590616,-17.62046,-0.29976848,0.000000
51,2,0,0,0,0,0.805408,1.8330755,1.9906044,4.5611067,-35.752327,-1.2661045,10.745642,0.09260099,0.000000
51,2,0,0,0,0,0.773636,1.7290795,1.9275633,4.569675,-70.506004,-2.814901,7.7884097,0.08473419,0.000000
51,2,0,0,0,0,0.676819,1.648826,1.907773,4.126675,-23.640442,-0.5177715,0.29084015,0.13486798,0.000000
51,2,0,0,0,0,0.535869,1.4650954,1.8117591,4.2396703,-87.42816,-3.7870328,5.7458067,0.05297575,0.000000
51,2,0,0,0,0,0.438773,1.9485886,2.055503,4.9108315,-21.26831,0.19261438,-5.1550016,0.1850954,0.000000
52,2,0,0,0,0,0.683707,1.8351818,2.0056536,4.7491846,-35.752617,-1.4847686,10.522139,0.10829446,0.000000
52,2,0,0,0,0,0.678379,1.6647877,1.9252454,4.624761,-70.156334,-3.1281905,7.3441305,0.13301264,0.000000
52,2,0,0,0,0,0.647571,1.7219234,1.9381249,4.375449,-23.538097,-0.6620641,0.24483514,0.11617957,0.000000
52,2,0,0,0,0,0.475195,1.683522,1.9410267,4.706011,-86.728,-4.110637,5.1136656,0.11618038,0.000000
52,2,0,0,0,0,0.220932,2.1798496,2.2835083,5.4549823,-22.704506,0.09252381,-5.5427656,-0.12969722,0.000000
52,2,0,0,0,0,0.202720,1.9989223,2.1562145,5.6379237,-32.851597,-1.67545,16.06131,0.017113583,0.000000
53,2,0,0,0,0,0.732364,1.7311419,1.9453928,4.486804,-23.609768,-0.6797519,0.25981855,0.20652305,0.000000
53,2,0,0,0,0,0.714230,1.8134913,1.9329201,4.4663935,-35.814865,-1.4589787,10.340113,0.13363248,0.000000
53,2,0,0,0,0,0.529599,1.5719842,1.9003721,4.4496217,-69.70337,-2.8660133,7.183934,0.10999787,0.000000
53,2,0,0,0,0,0.442728,1.6195507,1.9722205,4.736069,-86.56659,-3.897729,4.912434,0.07914722,0.000000
53,2,0,0,0,0,0.251642,1.9827906,2.2897267,5.5506268,-25.396965,-0.02656068,-5.8650794,-0.025658956,0.000000
53,2,0,0,0,0,0.239359,1.6117052,1.9427792,4.4411497,-46.92727,-0.95558715,-26.34354,2.3282795,0.000000
54,2,0,0,0,0,0.730229,1.658633,1.9612061,4.7802267,-86.23526,-3.4494603,4.5276346,0.11530018,0.000000
54,2,0,0,0,0,0.684428,1.7609286,1.953562,4.512207,-23.922707,-0.5785632,0.043848515,0.16174555,0.000000
54,2,0,0,0,0,0.661007,1.6585536,1.9012524,4.364616,-69.71919,-2.5309563,6.839034,0.18826328,0.000000
54,2,0,0,0,0,0.545570,1.8364576,1.9381084,4.347673,-35.801056,-1.1616924,10.023616,0.071552955,0.000000
54,2,0,0,0,0,0.262625,2.123896,2.3525398,5.7063913,-27.012709,0.119458914,-6.0919976,-0.088665426,0.000000
54,2,0,0,0,0,0.237885,1.9611517,2.1244571,4.838008,-80.73512,-2.4720936,21.986128,0.114819005,0.000000
54,2,0,0,0,0,0.222836,1.4894209,1.8399543,4.1628504,-32.079277,-0.45897427,-21.473732,-0.3072548,0.000000
55,2,0,0,0,0,0.798555,1.6543508,1.9287087,4.5248966,-86.072945,-3.0894241,4.0249004,0.10971896,0.000000
55,2,0,0,0,0,0.664069,1.631298,1.9343165,4.5198956,-69.14522,-2.303132,6.431489,0.051138725,0.000000
55,2,0,0,0,0,0.623847,2.050925,2.1094687,4.822703,-35.477283,-0.84670174,9.893416,0.12099374,0.000000
55,2,0,0,0,0,0.471594,1.7801347,2.0039568,4.463317,-24.165943,-0.44137797,-0.11305189,0.18590237,0.000000
56,2,0,0,0,0,0.821754,1.7552738,1.9516809,4.5658813,-69.034096,-2.11661,5.9679494,0.13676378,0.000000
56,2,0,0,0,0,0.700605,2.083495,2.0921638,4.7251387,-35.4729,-0.69993526,9.62741,0.14578046,0.000000
56,2,0,0,0,0,0.533258,1.6038511,1.8633473,4.448768,-85.7085,-3.2049134,3.4579988,0.10527764,0.000000
56,2,0,0,0,0,0.400159,1.8437171,2.0452394,4.57863,-24.39999,-0.35666406,-0.49260068,0.10015452,0.000000
56,2,0,0,0,0,0.229332,2.0032063,2.0702484,4.9827533,-30.9249,0.23597592,-6.5874596,0.3133579,0.000000
57,2,0,0,0,0,0.770432,1.7795851,1.9473579,4.5440784,-68.63256,-2.100723,5.4174776,0.14532343,0.000000
57,2,0,0,0,0,0.745664,2.061274,2.0910423,4.94991,-35.38875,-0.77720183,9.362982,0.09935908,0.000000
57,2,0,0,0,0,0.592766,1.673176,1.9351861,4.7175803,-85.444534,-3.1335316,2.5779803,0.17032129,0.000000
57,2,0,0,0,0,0.486564,1.8273282,2.0073028,4.5455112,-24.650658,-0.4192828,-0.4709301,0.15794748,0.000000
57,2,0,0,0,0,0.259728,1.6059426,1.891992,4.466267,-73.371796,-1.8481256,-31.96532,2.640907,0.000000
58,2,0,0,0,0,0.785614,2.1090004,2.0906363,4.881588,-35.539375,-0.8839996,9.081574,0.14780694,0.000000
58,2,0,0,0,0,0.657822,1.8136988,1.9264605,4.4694796,-68.48952,-1.9676847,4.9490576,0.21509661,0.000000
58,2,0,0,0,0,0.624119,1.5925227,1.8960564,4.4745502,-85.09709,-2.8514805,1.9590795,0.14784396,0.000000
58,2,0,0,0,0,0.538390,1.7720332,2.0016947,4.513497,-24.612467,-0.5224906,-0.6444745,0.12411189,0.000000
58,2,0,0,0,0,0.208347,2.8467627,2.8127544,6.99508,-21.704258,0.5401838,-10.419173,0.24821669,0.000000
59,2,0,0,0,0,0.586457,2.0307784,2.037418,4.6311255,-35.684727,-1.0091588,8.782419,0.13998388,0.000000
59,2,0,0,0,0,0.566780,1.7112229,2.000816,4.902018,-24.536182,-0.8090974,-0.98582125,0.09316391,0.000000
59,2,0,0,0,0,0.558361,1.7127631,1.9596381,4.690739,-85.16409,-2.4504857,1.473532,0.24056867,0.000000
59,2,0,0,0,0,0.547862,1.6946293,1.9584844,4.5041504,-68.202034,-1.8351138,4.5243707,0.19921303,0.000000
60,2,0,0,0,0,0.762373,1.7757826,1.9736968,4.547426,-67.98141,-1.6261883,4.04313,0.22604293,0.000000
60,2,0,0,0,0,0.742243,1.6629452,1.9717216,4.7031107,-85.00075,-2.3768034,0.8121567,0.20613945,0.000000
60,2,0,0,0,0,0.667671,2.1199698,2.1177974,4.858415,-35.697998,-0.76040006,8.416949,0.15408087,0.000000
60,2,0,0,0,0,0.415006,1.6779692,1.9295309,4.4773035,-25.103436,-0.6690347,-1.1859972,0.100860015,0.000000
60,2,0,0,0,0,0.200629,1.760835,1.9766217,4.537771,-78.66076,-1.8125541,-34.92251,2.6819096,0.000000
61,2,0,0,0,0,0.848483,1.7637972,1.9492104,4.4828444,-67.71399,-1.5831381,3.4015183,0.22472166,0.000000
61,2,0,0,0,0,0.792035,1.7759217,1.9904027,4.659815,-84.684906,-2.3761277,0.23984718,0.14279114,0.000000
61,2,0,0,0,0,0.765153,2.0590038,2.1117673,4.7690077,-35.711765,-0.4496049,8.180399,0.13976863,0.000000
61,2,0,0,0,0,0.658201,1.7395467,1.9695094,4.3400145,-25.465647,-0.30618978,-1.2481706,0.16232076,0.000000
61,2,0,0,0,0,0.202607,1.7360005,1.9777484,4.418496,-80.24346,-2.339594,-35.774525,2.5535417,0.000000
62,2,0,0,0,0,0.860471,1.8034275,1.9636695,4.5285835,-67.35783,-1.4671166,3.1366448,0.22611362,0.000000
62,2,0,0,0,0,0.717121,1.7282767,1.8869786,4.394187,-84.27595,-2.2779837,-0.30975556,0.22297063,0.000000
62,2,0,0,0,0,0.661465,2.1991374,2.1456861,5.0311856,-35.551945,-0.01726067,7.940181,0.14743033,0.000000
62,2,0,0,0,0,0.434368,1.8946939,2.0637465,4.688884,-25.315971,0.20845121,-1.3530822,0.22291586,0.000000
62,2,0,0,0,0,0.258264,1.8498659,2.0470831,4.6143894,-31.411304,0.7195772,-26.399422,-0.0124353785,0.000000
63,2,0,0,0,0,0.852996,1.762898,1.9151713,4.4009013,-67.164635,-1.3796824,2.6710777,0.22187498,0.000000
63,2,0,0,0,0,0.683767,1.9046639,2.0391784,4.5808573,-35.667286,-0.3306057,7.576913,0.10258654,0.000000
63,2,0,0,0,0,0.610587,1.6343615,1.9185576,4.517173,-83.986984,-2.1463013,-0.9033246,0.21052201,0.000000
63,2,0,0,0,0,0.538821,1.8389764,2.0001802,4.578482,-25.614807,-0.00047039986,-1.4623137,0.23132803,0.000000
64,2,0,0,0,0,0.766001,1.7393738,1.9026706,4.3232126,-25.921148,-0.9546322,-1.5871484,0.23360927,0.000000
64,2,0,0,0,0,0.762153,1.8820071,2.0109615,4.551757,-35.851395,-0.8895921,7.429079,0.13793263,0.000000
64,2,0,0,0,0,0.728458,1.6890978,1.9287337,4.6269603,-83.83132,-1.9098291,-1.5618496,0.24641687,0.000000
64,2,0,0,0,0,0.691545,1.7986326,1.9332618,4.54356,-66.85957,-1.4541557,2.3036408,0.20225033,0.000000
64,2,0,0,0,0,0.207459,1.7232051,2.0282555,4.8248243,-16.016556,-0.94156903,-0.835799,-0.1911777,0.000000
65,2,0,0,0,0,0.770130,1.7138618,1.9471563,4.6331277,-35.71356,-1.7092667,7.101096,0.09600251,0.000000
65,2,0,0,0,0,0.735072,1.7472491,1.9535133,4.629426,-66.552864,-1.7355077,1.8012013,0.27286303,0.000000
65,2,0,0,0,0,0.635638,1.6693133,1.97168,4.880561,-83.62776,-1.9789429,-2.247515,0.27130944,0.000000
65,2,0,0,0,0,0.589104,1.6671934,1.8661902,4.1613135,-26.280266,-1.5296037,-1.6867836,0.18925314,0.000000
65,2,0,0,0,0,0.254264,2.035221,2.3267603,5.7872434,-18.518297,-1.786392,13.860609,0.12947898,0.000000
65,2,0,0,0,0,0.201976,1.9518462,2.1954327,5.848943,-69.29472,-1.7923424,6.712612,0.17920598,0.000000
66,2,0,0,0,0,0.803738,1.8752785,1.9902394,4.539953,-35.7181,-1.3981962,6.8790293,0.2317272,0.000000
66,2,0,0,0,0,0.668140,1.7781109,1.9835303,4.6040945,-66.52284,-1.7842555,1.4324164,0.23771118,0.000000
66,2,0,0,0,0,0.618070,1.7242709,1.8636501,4.1744266,-26.239746,-1.38846,-1.9348855,0.2737257,0.000000
66,2,0,0,0,0,0.593803,1.7815549,2.0019097,4.794428,-83.4485,-1.9655037,-2.5847561,0.30342722,0.000000
66,2,0,0,0,0,0.259354,2.368319,2.4040759,5.4707003,-30.963985,-0.10355589,-33.13703,2.4905844,0.000000
67,2,0,0,0,0,0.832553,1.722347,1.949295,4.510082,-66.20761,-1.2782393,1.2660909,0.31859255,0.000000
67,2,0,0,0,0,0.754147,1.783118,2.0011165,4.7032514,-83.29082,-1.6378753,-2.8988986,0.24198093,0.000000
67,2,0,0,0,0,0.624518,1.9868711,2.0637465,4.64797,-35.820446,-0.8435198,6.657418,0.118481055,0.000000
67,2,0,0,0,0,0.444053,1.7378852,1.9533746,4.551065,-26.371796,-0.9762327,-1.7969258,0.32056952,0.000000
67,2,0,0,0,0,0.435389,1.9742432,2.048064,4.766197,-17.831535,-0.9198289,13.614962,0.15702075,0.000000
67,2,0,0,0,0,0.239652,1.5642703,1.9438206,5.235136,-67.88031,-1.629185,6.1658936,0.24340348,0.000000
68,2,0,0,0,0,0.834452,1.7476069,1.9848149,4.633436,-65.8669,-0.8967233,0.9709053,0.23994732,0.000000
68,2,0,0,0,0,0.800899,1.7672849,1.974295,4.62138,-83.000656,-1.14989,-3.141231,0.26332662,0.000000
68,2,0,0,0,0,0.765797,2.1233768,2.1270938,4.8811393,-35.92714,-0.54248446,6.4753456,0.20561972,0.000000
68,2,0,0,0,0,0.391522,1.7227805,1.9897109,4.606171,-26.489405,-0.82558507,-2.0155926,0.21462558,0.000000
68,2,0,0,0,0,0.213853,2.0109377,2.1213431,5.2403793,-18.134228,-0.89538777,13.619453,0.1704279,0.000000
69,2,0,0,0,0,0.847935,1.7972152,1.9339873,4.4526777,-65.67807,-0.904597,0.6025915,0.3149563,0.000000
69,2,0,0,0,0,0.778720,2.105178,2.124808,4.8601565,-36.072765,-0.49380797,6.271139,0.1556839,0.000000
69,2,0,0,0,0,0.769926,1.7992654,1.9450197,4.511355,-82.782875,-1.0773438,-3.7435207,0.24012168,0.000000
69,2,0,0,0,0,0.413866,1.6617129,1.9004192,4.0105395,-27.13974,-0.63988703,-2.1236234,0.29507118,0.000000
69,2,0,0,0,0,0.233811,1.8698556,2.0322824,4.6685677,-88.69312,-1.0689418,0.10527897,0.15996066,0.000000
69,2,0,0,0,0,0.200843,2.3001332,2.5338068,6.6433225,-18.28926,-0.8044016,12.95587,0.2633114,0.000000
70,2,0,0,0,0,0.772294,2.115748,2.1240568,4.9143887,-35.910835,-0.4174316,6.120291,0.13634834,0.000000
70,2,0,0,0,0,0.758015,1.756669,1.8749214,4.338982,-65.540436,-0.93181026,0.24512005,0.25479463,0.000000
70,2,0,0,0,0,0.714586,1.7894987,1.9430463,4.5849824,-82.689995,-1.2059991,-4.1110277,0.32070634,0.000000
70,2,0,0,0,0,0.544522,1.6782767,1.9338237,4.093961,-27.11172,-0.45157897,-2.2233324,0.23476785,0.000000
70,2,0,0,0,0,0.229335,1.7747774,2.0864995,4.873571,-26.398823,-0.4405081,-5.014269,0.0044933828,0.000000
70,2,0,0,0,0,0.225354,1.5824738,1.8747476,4.2595844,-43.539284,-0.42382222,-26.290508,2.822281,0.000000
70,2,0,0,0,0,0.219354,2.1249943,2.1425798,5.066174,-17.997604,-0.36093876,13.354395,0.1270615,0.000000
71,2,0,0,0,0,0.824820,1.8150108,1.969984,4.6058683,-64.51317,-0.9691653,0.31441355,0.31589702,0.000000
71,2,0,0,0,0,0.801955,1.7339592,1.9256158,4.430134,-81.768036,-1.1899672,-4.318913,0.2739152,0.000000
71,2,0,0,0,0,0.733551,2.1811914,2.1147246,4.909942,-35.35975,-0.46601617,5.929178,0.13016835,0.000000
71,2,0,0,0,0,0.612423,1.6309816,1.8980887,4.119462,-26.71268,-0.66833544,-2.0389664,0.18643779,0.000000
71,2,0,0,0,0,0.294698,1.6342663,1.996342,5.241259,-66.23094,-1.2661746,5.353343,0.26557162,0.000000
71,2,0,0,0,0,0.227038,1.8877137,2.0839238,4.7987456,-17.530033,-0.82017154,13.468937,0.13007104,0.000000
72,2,0,0,0,0,0.836255,1.7323389,1.936763,4.5478125,-81.74057,-0.986979,-4.6569185,0.36051312,0.000000
72,2,0,0,0,0,0.799658,1.7768902,1.936336,4.4989634,-64.40808,-0.94660485,-0.008684158,0.25220123,0.000000
72,2,0,0,0,0,0.686019,2.0814726,2.06908,4.8063283,-35.50379,-0.6643896,5.7664256,0.20063439,0.000000
72,2,0,0,0,0,0.652573,1.7065578,1.9670267,4.329165,-26.546612,-0.86461526,-2.1383035,0.25988966,0.000000
72,2,0,0,0,0,0.278020,1.7667327,2.00498,4.494798,-48.63276,-0.19327295,-31.258438,-0.22863317,0.000000
72,2,0,0,0,0,0.253564,2.0064526,2.181349,5.4215508,-17.668118,-1.0241824,13.164343,0.24835476,0.000000
72,2,0,0,0,0,0.236787,1.6762187,1.9862945,5.2986374,-66.21541,-1.2009307,5.0153,0.23859134,0.000000
73,2,0,0,0,0,0.799082,1.8479929,1.9699732,4.545089,-82.0642,-1.0061086,-5.1835766,0.27069137,0.000000
73,2,0,0,0,0,0.745901,1.7870572,1.9654082,4.46903,-64.77703,-0.89074177,-0.34837866,0.3574859,0.000000
73,2,0,0,0,0,0.638874,1.6928654,1.9506879,4.223339,-27.47437,-0.6248932,-2.1621342,0.24177575,0.000000
73,2,0,0,0,0,0.619557,2.2422476,2.17169,4.997596,-36.315178,-0.46486786,5.4183483,0.18588498,0.000000
73,2,0,0,0,0,0.240991,1.9796321,2.2135067,4.8896008,-11.155758,0.4181089,-30.283209,0.15657334,0.000000
73,2,0,0,0,0,0.235297,1.8192253,2.0319672,4.4750066,-24.514847,-1.692597,34.569534,0.73225224,0.000000
73,2,0,0,0,0,0.206746,1.9962761,2.1528912,4.9786983,-22.794117,-0.050723255,-27.65543,0.35668927,0.000000
74,2,0,0,0,0,0.800532,1.6580498,1.8956355,4.2503967,-64.841125,-0.7418519,-0.55357647,0.32466057,0.000000
74,2,0,0,0,0,0.786930,1.842857,1.98138,4.637165,-81.94385,-0.98085874,-5.350734,0.3594704,0.000000
74,2,0,0,0,0,0.670311,2.139524,2.1876159,5.078431,-36.189728,-0.2704315,5.2841763,0.17675817,0.000000
74,2,0,0,0,0,0.636522,1.6901788,1.987149,4.3021383,-27.49006,-0.3633948,-1.9641595,0.28945833,0.000000
74,2,0,0,0,0,0.273156,1.9183192,2.0204864,4.7426825,-18.43573,-0.57767665,13.024188,0.2307052,0.000000
74,2,0,0,0,0,0.266386,2.0133824,2.2132719,5.739538,-88.23944,-1.1403314,-2.0118432,0.2495928,0.000000
75,2,0,0,0,0,0.786096,1.7617903,1.9564935,4.3809924,-64.578835,-0.51742786,-0.63894844,0.343701,0.000000
75,2,0,0,0,0,0.761640,2.05513,2.1330311,4.8460956,-36.34932,-0.22976477,5.1178455,0.1533549,0.000000
75,2,0,0,0,0,0.691644,1.7880118,1.9450817,4.369696,-81.78191,-0.80460453,-5.6064034,0.27630737,0.000000
75,2,0,0,0,0,0.621651,1.7390363,1.9687265,4.245741,-27.57946,-0.2446648,-2.074143,0.18179037,0.000000
76,2,0,0,0,0,0.771339,1.7819235,1.9328464,4.3566422,-81.67161,-0.6118294,-5.807189,0.34276092,0.000000
76,2,0,0,0,0,0.760932,1.7443674,1.9180431,4.359828,-64.32066,-0.5458481,-0.9467826,0.30787647,0.000000
76,2,0,0,0,0,0.692460,2.1070411,2.0877764,4.7870183,-36.554333,-0.29113713,4.9476256,0.13680162,0.000000
76,2,0,0,0,0,0.613906,1.6615129,1.9418747,4.1732016,-27.734047,-0.4983107,-2.449841,0.18988267,0.000000
77,2,0,0,0,0,0.759735,1.7143922,1.9441481,4.3648367,-64.02071,-0.57240427,-1.0553651,0.3113905,0.000000
77,2,0,0,0,0,0.680584,1.7896578,1.950458,4.373732,-81.51622,-0.5725639,-5.9818583,0.28492635,0.000000
77,2,0,0,0,0,0.680336,2.18723,2.1182854,4.9090085,-36.65748,-0.40867224,4.8421674,0.14008027,0.000000
77,2,0,0,0,0,0.495780,1.7608887,1.9934883,4.332644,-27.884136,-0.5919777,-2.328431,0.16406414,0.000000
78,2,0,0,0,0,0.840137,1.6644466,1.8819473,4.301429,-64.075,-0.55872804,-1.1539893,0.32831013,0.000000
78,2,0,0,0,0,0.745083,1.759319,1.9767139,4.51867,-81.19568,-0.51988816,-6.242387,0.3479576,0.000000
78,2,0,0,0,0,0.724714,2.0605583,2.0527687,4.742152,-36.693405,-0.45303547,4.6703935,0.19894835,0.000000
78,2,0,0,0,0,0.519155,1.7069477,1.9472194,4.244755,-28.059677,-0.6296849,-2.203381,0.34228325,0.000000
78,2,0,0,0,0,0.214211,1.6807122,2.0100012,5.0478888,-64.57834,-0.75118923,4.1788054,0.32136473,0.000000
78,2,0,0,0,0,0.208455,1.5701599,2.0170512,5.221233,-87.25539,-0.9004445,-2.6979878,0.35191455,0.000000
79,2,0,0,0,0,0.836401,1.8138468,1.9559534,4.500759,-63.957886,-0.40399504,-1.3297737,0.35118085,0.000000
79,2,0,0,0,0,0.786101,1.7927642,1.9622846,4.4855247,-81.15777,-0.48391402,-6.3958263,0.34564385,0.000000
79,2,0,0,0,0,0.516346,2.1624198,2.1327097,4.774444,-36.906986,-0.32558733,4.469102,0.21759409,0.000000
79,2,0,0,0,0,0.498349,1.7037542,1.9671094,4.2529783,-28.124428,-0.5027813,-2.1125455,0.2529661,0.000000
79,2,0,0,0,0,0.344446,2.2218423,2.3187726,5.590355,-23.094803,-0.38090855,-5.71607,0.17910743,0.000000
79,2,0,0,0,0,0.213373,1.684404,1.9822693,5.0662346,-64.5945,-0.6490217,3.9411564,0.33200076,0.000000
80,2,0,0,0,0,0.833855,1.7579439,1.9235175,4.380762,-81.12078,-0.50086963,-6.6206923,0.3511378,0.000000
80,2,0,0,0,0,0.774149,1.8594531,2.009039,4.58588,-63.687775,-0.43275285,-1.3772824,0.36178342,0.000000
80,2,0,0,0,0,0.691995,2.142579,2.145783,4.965463,-37.014744,-0.30789202,4.4551907,0.21847174,0.000000
80,2,0,0,0,0,0.609519,1.707531,1.947699,4.1784844,-28.016953,-0.46817836,-2.1980896,0.2713745,0.000000
80,2,0,0,0,0,0.244448,2.0392191,2.0932338,4.746069,-17.46737,-0.73357564,12.657013,0.23021811,0.000000
81,2,0,0,0,0,0.827164,1.7352569,1.9213996,4.369475,-81.09889,-0.511978,-6.7527633,0.3817634,0.000000
81,2,0,0,0,0,0.750786,1.662602,1.9091097,4.1935964,-63.744934,-0.4702112,-1.5251987,0.3720879,0.000000
81,2,0,0,0,0,0.745578,2.1118584,2.1369958,4.9152865,-37.13231,-0.4246413,4.3570824,0.19329062,0.000000
81,2,0,0,0,0,0.511253,1.8285236,2.0139656,4.31858,-28.155985,-0.46576244,-2.0902863,0.24170855,0.000000
82,2,0,0,0,0,0.794103,1.6654406,1.9023039,4.1774125,-63.799934,-0.32057327,-1.4971547,0.40835893,0.000000
82,2,0,0,0,0,0.767977,1.8022648,1.956486,4.447752,-80.8646,-0.4120279,-6.722972,0.33507717,0.000000
82,2,0,0,0,0,0.637214,1.8856089,2.0375025,4.7289963,-37.13284,-0.3033388,4.1176524,0.15342006,0.000000
82,2,0,0,0,0,0.596837,1.8024633,2.033854,4.3736973,-28.023422,-0.36785245,-1.9819462,0.29535255,0.000000
83,2,0,0,0,0,0.707127,1.72511,1.9286203,4.2612853,-63.620293,-0.29207283,-1.5782728,0.29282653,0.000000
83,2,0,0,0,0,0.681803,1.786834,1.9374087,4.3834114,-80.787285,-0.35500142,-6.6433396,0.40229413,0.000000
83,2,0,0,0,0,0.651633,1.8084903,1.9953647,4.4378247,-28.228695,-0.46149862,-1.8407886,0.2851667,0.000000
83,2,0,0,0,0,0.617321,2.1030426,2.093972,4.977937,-37.3581,-0.14590806,4.153604,0.23383157,0.000000
84,2,0,0,0,0,0.802285,1.75841,1.946725,4.367302,-63.35446,-0.39199585,-1.4836888,0.37634483,0.000000
84,2,0,0,0,0,0.585634,2.1366472,2.1015482,4.921232,-37.556908,-0.42886525,4.144843,0.2427015,0.000000
84,2,0,0,0,0,0.569635,1.7647882,1.8971164,4.1856236,-80.78546,-0.35843047,-6.7593393,0.31960392,0.000000
84,2,0,0,0,0,0.493507,1.7448208,1.9696006,4.3601804,-28.392094,-0.6832724,-1.8962376,0.26032972,0.000000
84,2,0,0,0,0,0.228552,1.7681348,2.1129284,5.3552275,-63.645874,-0.4569795,4.075453,0.2856126,0.000000
85,2,0,0,0,0,0.831310,1.6794379,1.8969518,4.376135,-63.50881,-0.5716566,-1.4530816,0.3635289,0.000000
85,2,0,0,0,0,0.755648,1.6747761,1.8748225,4.1855474,-80.656815,-0.39741528,-6.6392555,0.39199948,0.000000
85,2,0,0,0,0,0.590379,1.7378993,1.9654865,4.3335743,-28.624908,-0.9728999,-2.0382814,0.2380828,0.000000
85,2,0,0,0,0,0.362528,2.0077128,2.1105802,4.8091035,-37.75531,-0.6855586,3.906331,0.20326768,0.000000
85,2,0,0,0,0,0.230233,1.5484583,1.9323473,4.8624563,-85.55164,-0.68282586,-3.114954,0.32775795,0.000000
85,2,0,0,0,0,0.224636,1.685663,1.990816,4.9852495,-62.590088,-0.7283995,4.348356,0.3430462,0.000000
85,2,0,0,0,0,0.210698,1.6576806,1.9297535,4.374614,-53.24597,-1.0406669,28.731012,0.32279646,0.000000
86,2,0,0,0,0,0.872269,1.8180473,1.9582372,4.512991,-63.157234,-0.7361567,-1.3480158,0.30988723,0.000000
86,2,0,0,0,0,0.830450,1.814373,1.9950678,4.6176696,-80.47132,-0.50910836,-6.621437,0.35013223,0.000000
86,2,0,0,0,0,0.582905,1.6706127,1.9656804,4.247642,-28.829742,-1.263861,-2.0349052,0.24329098,0.000000
86,2,0,0,0,0,0.472797,1.9992468,2.1268787,4.8379383,-37.914,-0.9998981,3.8636012,0.2157658,0.000000
86,2,0,0,0,0,0.301057,1.6869762,2.00226,4.7962193,-32.798084,-1.316333,-6.3841906,0.14715463,0.000000
87,2,0,0,0,0,0.846751,1.78388,1.946471,4.4423933,-63.24949,-0.8275382,-1.372289,0.32789993,0.000000
87,2,0,0,0,0,0.837767,1.7671063,1.9404013,4.4411507,-80.455795,-0.8082637,-6.6486874,0.40167302,0.000000
87,2,0,0,0,0,0.559921,2.007603,2.058162,4.587989,-38.457466,-0.81345826,3.7114487,0.24300545,0.000000
87,2,0,0,0,0,0.446349,1.6754934,1.9096541,4.1068277,-28.884157,-1.1059549,-1.9503894,0.22181876,0.000000
88,2,0,0,0,0,0.825200,1.786509,1.9391752,4.423172,-80.27825,-0.49245664,-6.3836093,0.34211585,0.000000
88,2,0,0,0,0,0.755656,1.6978147,1.943825,4.313184,-63.10273,-0.51253974,-1.2148569,0.3488613,0.000000
88,2,0,0,0,0,0.527878,2.0701761,2.0956073,4.5680823,-38.662674,-0.5224778,3.8846416,0.200982,0.000000
88,2,0,0,0,0,0.403838,2.045062,2.158621,4.9178567,-28.575024,-0.8113649,-1.758446,0.2656931,0.000000
88,2,0,0,0,0,0.311831,1.9722874,2.0531151,4.5423975,-34.139153,-0.8444813,-27.493427,-0.09110055,0.000000
88,2,0,0,0,0,0.309546,1.7395095,1.9197009,4.2882423,-54.660473,-0.9439355,27.084145,0.6433624,0.000000
88,2,0,0,0,0,0.209446,1.8978815,2.10983,5.572504,-62.819904,-0.6532156,4.681046,0.2542594,0.000000
89,2,0,0,0,0,0.757685,1.7704673,1.923976,4.4325633,-80.18762,-0.19442207,-6.3071136,0.36137998,0.000000
89,2,0,0,0,0,0.631169,1.7062223,1.9462254,4.381357,-63.221382,-0.39156437,-1.1163075,0.34159702,0.000000
89,2,0,0,0,0,0.620067,2.0348783,2.0865917,4.6822996,-38.917767,-0.38193044,3.8441052,0.21248712,0.000000
89,2,0,0,0,0,0.456425,2.0395474,2.1328356,4.8462715,-28.773964,-0.70892763,-1.6715875,0.2568832,0.000000
89,2,0,0,0,0,0.326186,1.7527617,1.9738833,4.486101,-36.343952,-0.88436913,-26.850506,0.17850326,0.000000
89,2,0,0,0,0,0.213582,1.5697136,1.8856151,4.3829603,-45.62173,-1.8298771,-26.434694,0.127872,0.000000
90,2,0,0,0,0,0.732708,1.6036428,1.8093196,3.9809055,-63.32814,-0.85716885,-1.2470767,0.30726555,0.000000
90,2,0,0,0,0,0.650919,1.8172634,1.9369786,4.4840326,-80.1681,-0.69890505,-6.287797,0.34721595,0.000000
90,2,0,0,0,0,0.524831,2.055161,2.0938573,4.798455,-38.91949,-0.6744953,3.6732106,0.19897427,0.000000
90,2,0,0,0,0,0.524646,1.9347086,2.0731597,4.720729,-28.930462,-1.1335505,-1.9526873,0.22741275,0.000000
90,2,0,0,0,0,0.226556,1.9680154,2.20943,5.079808,-54.99634,-0.5198097,15.937466,1.3214933,0.000000
90,2,0,0,0,0,0.200227,2.2699883,2.4702263,5.7290792,-37.72629,-0.9041469,-28.212276,-0.18607627,0.000000
91,2,0,0,0,0,0.785465,1.7016814,1.9282318,4.3923564,-63.091316,-1.3154426,-1.0263462,0.3414517,0.000000
91,2,0,0,0,0,0.755953,1.7997961,1.940037,4.445624,-79.9852,-1.2988725,-6.2509604,0.3740562,0.000000
91,2,0,0,0,0,0.724388,1.8547335,1.9978206,4.467275,-39.44304,-1.2878985,3.6744184,0.18058673,0.000000
91,2,0,0,0,0,0.623295,1.9588475,2.051945,4.6195054,-29.084309,-1.4360673,-1.7663252,0.18922083,0.000000
92,2,0,0,0,0,0.824548,1.7385552,1.964841,4.5627556,-63.12979,-1.3495657,-0.8999765,0.2787946,0.000000
92,2,0,0,0,0,0.797493,1.7731512,1.9162765,4.35524,-80.11948,-1.2039973,-5.9821396,0.437593,0.000000
92,2,0,0,0,0,0.675118,1.7449949,1.9877796,4.579609,-29.27467,-1.9474093,-1.6471906,0.16640621,0.000000
92,2,0,0,0,0,0.643214,1.8238075,1.9716673,4.5076528,-39.559303,-1.6081783,3.7910733,0.18496174,0.000000
93,2,0,0,0,0,0.831723,1.7473288,1.9561946,4.5008755,-62.95856,-1.3082049,-0.787164,0.3308679,0.000000
93,2,0,0,0,0,0.739452,1.7368579,1.9141407,4.308629,-80.06952,-1.0021906,-5.8305926,0.34696597,0.000000
93,2,0,0,0,0,0.730399,1.793823,1.9538296,4.474539,-39.715225,-1.6061436,3.5986457,0.20501119,0.000000
93,2,0,0,0,0,0.728485,1.6675353,1.9293091,4.3699603,-29.218544,-1.9428464,-1.7356036,0.19048995,0.000000
93,2,0,0,0,0,0.263435,1.6814766,1.9094965,4.4858947,-52.87436,-1.6712716,-11.128603,0.3401032,0.000000
94,2,0,0,0,0,0.873163,1.7393196,1.9346037,4.407028,-63.101078,-1.1478586,-0.66150236,0.31348705,0.000000
94,2,0,0,0,0,0.780430,1.6837814,1.8826597,4.2321672,-80.04935,-1.0497426,-5.610135,0.36993206,0.000000
94,2,0,0,0,0,0.687408,1.8025028,1.9742017,4.4359884,-39.94057,-1.2559274,3.5223956,0.1685104,0.000000
94,2,0,0,0,0,0.630290,1.7230628,1.9777731,4.387188,-29.202686,-1.4723967,-1.7400057,0.26361108,0.000000
94,2,0,0,0,0,0.227261,1.5336038,1.9248781,4.975983,-83.9733,-1.3264391,-1.6678443,0.3045771,0.000000
95,2,0,0,0,0,0.873469,1.7028853,1.9011242,4.303402,-63.09643,-1.213958,-0.5027199,0.28956354,0.000000
95,2,0,0,0,0,0.763105,1.8432522,2.0074606,4.529124,-29.43742,-1.4417202,-1.4461055,0.23026451,0.000000
95,2,0,0,0,0,0.735731,1.7814751,1.961486,4.419943,-79.902954,-1.2252948,-5.4010296,0.34150574,0.000000
95,2,0,0,0,0,0.645124,1.8796577,2.0115156,4.560458,-40.276634,-1.1454102,3.656886,0.14870806,0.000000
95,2,0,0,0,0,0.223724,1.5661364,1.9586976,5.1259713,-84.133026,-1.3638864,-1.4761727,0.35571456,0.000000
96,2,0,0,0,0,0.846096,1.6352756,1.8705308,4.140049,-63.167927,-1.3037817,-0.4921496,0.27013093,0.000000
96,2,0,0,0,0,0.713093,1.7905861,1.905927,4.283316,-80.052986,-1.3437449,-5.380393,0.2836517,0.000000
96,2,0,0,0,0,0.660581,1.9167534,2.052442,4.5898113,-40.369263,-1.0995538,3.5781364,0.204204,0.000000
96,2,0,0,0,0,0.639131,1.7248392,1.9515483,4.2318707,-29.742836,-1.2969325,-1.5743632,0.17946726,0.000000
96,2,0,0,0,0,0.200971,1.574564,1.9718885,5.0722666,-84.045334,-1.5167147,-1.1208515,0.341016,0.000000
97,2,0,0,0,0,0.807390,1.7365208,1.9215031,4.3825016,-81.79325,-1.3095118,-6.003172,0.40099636,0.000000
97,2,0,0,0,0,0.711809,1.9276391,2.010482,4.6191554,-42.620914,-1.0927557,3.056243,0.22653463,0.000000
97,2,0,0,0,0,0.646853,1.7543349,1.8847961,4.3832235,-64.98126,-1.2043884,-0.96104455,0.29421896,0.000000
97,2,0,0,0,0,0.558749,1.8731418,2.0276108,4.5230236,-31.434067,-1.2236629,-1.8661153,0.18848757,0.000000
98,2,0,0,0,0,0.837281,1.7631383,1.94092,4.4781733,-79.9727,-1.2844163,-5.0166726,0.3666977,0.000000
98,2,0,0,0,0,0.775930,1.7879249,1.9408365,4.479299,-62.97654,-1.3215483,-0.15085936,0.25792748,0.000000
98,2,0,0,0,0,0.691747,1.8776188,2.0111902,4.5550575,-40.940758,-1.1538293,3.5383487,0.20192552,0.000000
98,2,0,0,0,0,0.525204,1.759285,1.9641185,4.3307986,-29.755981,-1.4872134,-1.517163,0.21949056,0.000000
99,2,0,0,0,0,0.868123,1.7524866,1.9317193,4.4173117,-80.09534,-1.1255913,-4.7794733,0.2951895,0.000000
99,2,0,0,0,0,0.811508,1.7600222,1.9098554,4.3273087,-63.12599,-1.1716746,-0.07601285,0.30344343,0.000000
99,2,0,0,0,0,0.633813,1.8706825,2.0145843,4.538705,-41.184086,-1.0882183,3.5419111,0.17794853,0.000000
99,2,0,0,0,0,0.565082,1.8508785,2.0178566,4.7341633,-29.56148,-1.4356662,-1.6292865,0.17753273,0.000000
99,2,0,0,0,0,0.220391,1.8250327,1.9820772,4.627426,-22.548447,-3.0115118,-8.3448715,0.7680998,0.000000
100,2,0,0,0,0,0.873079,1.7699945,1.9299533,4.3992243,-79.99066,-1.1732088,-4.427858,0.34555256,0.000000
100,2,0,0,0,0,0.696448,1.7423472,1.9483794,4.304202,-63.139454,-1.102531,0.17983603,0.3428266,0.000000
100,2,0,0,0,0,0.616718,1.9687058,2.0468478,4.6544886,-29.647251,-1.0137604,-1.4107883,0.22282904,0.000000
100,2,0,0,0,0,0.582936,1.9339979,2.0833373,4.6236467,-41.404503,-0.9532162,3.68965,0.21339415,0.000000
101,2,0,0,0,0,0.854135,1.7665701,1.916767,4.3704867,-80.07548,-1.5865512,-4.0212517,0.37598693,0.000000
101,2,0,0,0,0,0.752550,1.773457,1.9685316,4.4303575,-63.21476,-1.497402,0.3933468,0.3368995,0.000000
101,2,0,0,0,0,0.668092,1.7058573,1.9135768,4.353709,-29.934393,-1.5696843,-1.5137117,0.13991416,0.000000
101,2,0,0,0,0,0.665471,1.8855816,2.0310404,4.5517635,-41.70057,-1.2746747,3.6916451,0.189383,0.000000
101,2,0,0,0,0,0.346127,1.5527108,1.8870399,4.431535,-26.677097,-2.859536,-8.864849,0.66323304,0.000000
102,2,0,0,0,0,0.731363,1.6915598,1.9266506,4.3308516,-63.28575,-1.8918762,0.6345842,0.29673967,0.000000
102,2,0,0,0,0,0.722818,1.7845339,1.9745128,4.4481616,-29.881023,-1.704929,-1.4428296,0.20305164,0.000000
102,2,0,0,0,0,0.703099,1.7894477,1.9263455,4.394354,-80.07436,-1.9532255,-3.6360564,0.31986484,0.000000
102,2,0,0,0,0,0.697376,1.8200877,1.9888061,4.5115604,-41.893406,-1.6156437,3.9444346,0.21547851,0.000000
102,2,0,0,0,0,0.254363,1.7249044,1.9713494,4.6668415,-28.53883,-2.9904146,-9.210771,0.42676228,0.000000
103,2,0,0,0,0,0.748150,1.8448308,1.985997,4.5355215,-42.134926,-1.6268028,4.054986,0.19302246,0.000000
103,2,0,0,0,0,0.691239,1.8074731,1.8847481,4.332842,-80.25639,-1.7946588,-3.3183281,0.24569067,0.000000
103,2,0,0,0,0,0.664821,1.7228632,1.9678807,4.3205376,-29.963856,-1.6810583,-1.3989179,0.1434383,0.000000
103,2,0,0,0,0,0.634132,1.7029431,1.9410206,4.304861,-63.333298,-1.7885504,0.90099645,0.24826533,0.000000
103,2,0,0,0,0,0.226007,1.6331711,1.9765666,4.7450113,-30.841934,-2.9541745,-9.466297,0.36962354,0.000000
104,2,0,0,0,0,0.812640,1.8455906,1.9572984,4.495869,-80.07449,-1.667002,-3.051024,0.33628044,0.000000
104,2,0,0,0,0,0.731568,1.8242457,1.9742858,4.5018663,-42.50796,-1.2909999,3.9873548,0.14193441,0.000000
104,2,0,0,0,0,0.719073,1.755408,1.966552,4.4108133,-30.190006,-1.5437269,-1.423141,0.11499895,0.000000
104,2,0,0,0,0,0.624206,1.6741464,1.8594625,4.0851054,-63.461105,-1.5613312,1.0665164,0.2105122,0.000000
104,2,0,0,0,0,0.262821,1.5291605,1.8804555,4.598892,-33.216953,-2.8391054,-9.360626,0.42281258,0.000000
104,2,0,0,0,0,0.246565,1.8215415,1.9931415,4.6936665,-23.86293,-1.9207087,-1.9724205,0.22555023,0.000000
105,2,0,0,0,0,0.789866,1.8660502,1.9607604,4.4831095,-80.29464,-1.6817223,-2.88069,0.3583294,0.000000
105,2,0,0,0,0,0.725030,1.8984072,2.00772,4.575446,-42.6788,-1.1816294,3.9988961,0.14286003,0.000000
105,2,0,0,0,0,0.598927,1.6094996,1.8034424,3.9524736,-63.529617,-1.5724308,1.1219954,0.2329975,0.000000
105,2,0,0,0,0,0.532933,1.796358,1.9768701,4.430846,-30.115593,-1.4207184,-1.1738253,0.1556006,0.000000
105,2,0,0,0,0,0.224276,1.5197929,1.9285588,4.4251075,-34.904675,-2.7177076,-9.555992,0.18778035,0.000000
106,2,0,0,0,0,0.796097,1.8565938,1.9591868,4.4825687,-80.3428,-1.9249299,-2.7882972,0.3717721,0.000000
106,2,0,0,0,0,0.785345,1.813694,1.9845886,4.5657754,-42.953423,-1.5660539,3.9820995,0.20320219,0.000000
106,2,0,0,0,0,0.688951,1.6732165,1.8945694,4.2522554,-63.58001,-1.8257582,1.2090127,0.2941204,0.000000
106,2,0,0,0,0,0.618593,1.8743253,2.027141,4.7458844,-29.947561,-1.8184121,-1.3744357,0.16448846,0.000000
106,2,0,0,0,0,0.291732,1.6395366,1.9621834,4.890912,-45.878914,-1.7124648,9.923322,0.23189227,0.000000
106,2,0,0,0,0,0.285994,1.8286833,1.9698246,4.540432,-34.380707,-1.987691,-6.2042193,0.3092587,0.000000
107,2,0,0,0,0,0.794965,1.8309121,1.9801787,4.523777,-42.207977,-2.9315853,3.7257638,0.19078068,0.000000
107,2,0,0,0,0,0.768961,1.614178,1.8346746,4.0492845,-62.727974,-3.3145332,0.981755,0.27507684,0.000000
107,2,0,0,0,0,0.705187,1.820292,2.0110738,4.602985,-79.248116,-3.492158,-2.9102015,0.30871084,0.000000
107,2,0,0,0,0,0.666347,1.8296375,1.9910465,4.5000734,-29.17326,-3.0722604,-1.5528028,0.1709849,0.000000
107,2,0,0,0,0,0.356756,1.7991261,1.973607,4.506305,-35.441765,-3.245164,-6.9856944,0.24274608,0.000000
108,2,0,0,0,0,0.781750,1.6277691,1.8337595,4.040165,-62.9183,-3.052411,0.87661815,0.3355343,0.000000
108,2,0,0,0,0,0.759714,1.9521203,2.0318487,4.6424527,-42.490105,-2.5378463,3.5548272,0.13074598,0.000000
108,2,0,0,0,0,0.674888,1.7806807,1.9853423,4.399874,-79.33934,-3.3055627,-2.8446882,0.2437618,0.000000
108,2,0,0,0,0,0.654342,1.7931477,2.0345545,4.441408,-29.21104,-2.5451279,-1.5402596,0.26497257,0.000000
108,2,0,0,0,0,0.252952,1.9912301,2.0805001,4.849307,-37.5557,-2.7671509,-7.015029,0.41727525,0.000000
108,2,0,0,0,0,0.241017,1.7645706,1.9175096,4.298776,-17.079632,-2.774349,-1.4997792,0.34925288,0.000000
109,2,0,0,0,0,0.776671,1.6593132,1.8941295,4.151436,-62.9204,-2.781822,0.9305186,0.2808989,0.000000
109,2,0,0,0,0,0.717392,2.0218997,2.0818045,4.715896,-42.75868,-2.2104707,3.6018434,0.12355986,0.000000
109,2,0,0,0,0,0.550932,2.0047135,2.1319683,4.6340313,-29.53424,-2.074018,-1.6382532,0.2572241,0.000000
109,2,0,0,0,0,0.527331,1.7592006,1.9110932,4.213291,-79.41443,-3.1453729,-2.9239004,0.24714088,0.000000
109,2,0,0,0,0,0.477833,1.9638932,2.1105726,5.0171146,-39.438507,-2.5148442,-7.343258,0.3080234,0.000000
109,2,0,0,0,0,0.204181,1.6597075,1.8718531,4.1984043,-42.96471,-3.5152879,-10.552527,0.3950745,0.000000
110,2,0,0,0,0,0.805919,1.6127806,1.8497334,4.119625,-62.862297,-3.1181214,0.9245696,0.29668373,0.000000
110,2,0,0,0,0,0.714730,1.9893588,2.0606081,4.7003713,-43.012505,-2.5411146,3.3536768,0.15032643,0.000000
110,2,0,0,0,0,0.494152,1.7278771,1.8782854,4.144439,-79.60126,-3.4522247,-2.984096,0.24390611,0.000000
110,2,0,0,0,0,0.392045,1.8479106,2.1065726,4.4420147,-29.692135,-2.4478061,-1.8485274,0.18046173,0.000000
110,2,0,0,0,0,0.338309,1.8027716,1.9892632,4.366493,-42.467705,-2.9765563,-7.89096,0.31446248,0.000000
110,2,0,0,0,0,0.222375,1.7574354,2.0401773,4.6446605,-71.415474,-2.9760468,21.684692,0.8303086,0.000000
111,2,0,0,0,0,0.801958,1.6353805,1.8286102,4.0416536,-62.96475,-3.5249743,0.8648834,0.2573926,0.000000
111,2,0,0,0,0,0.732862,1.8713148,2.014,4.5750136,-43.344795,-2.9442818,3.3420572,0.10947322,0.000000
111,2,0,0,0,0,0.713295,1.7087996,1.8789172,4.173261,-79.59811,-3.893341,-2.9383655,0.32355267,0.000000
111,2,0,0,0,0,0.324281,1.7304869,1.9367672,4.245662,-44.835747,-3.4485118,-8.433735,0.27785945,0.000000
111,2,0,0,0,0,0.248516,1.7851892,2.0359757,4.3910036,-29.76588,-2.794403,-1.8644602,0.13425617,0.000000
112,2,0,0,0,0,0.801293,1.8714724,2.0204127,4.5394382,-43.68296,-2.887655,3.3512816,0.119362414,0.000000
112,2,0,0,0,0,0.768951,1.6510823,1.8307418,4.0043526,-62.9199,-3.4711738,0.97148633,0.23879449,0.000000
112,2,0,0,0,0,0.750873,1.7181616,1.8901421,4.201771,-79.80832,-3.8086114,-2.7610192,0.31443602,0.000000
112,2,0,0,0,0,0.347646,1.5446136,1.9223412,4.3625135,-94.45773,-3.5476851,12.644123,-0.32045448,0.000000
112,2,0,0,0,0,0.343370,1.7785645,1.9448885,4.433818,-46.700935,-3.311862,-8.554529,0.2980606,0.000000
112,2,0,0,0,0,0.306579,1.8493042,2.0924363,4.5686264,-29.17778,-2.611145,-1.793004,0.23186019,0.000000
113,2,0,0,0,0,0.806709,1.7460095,1.9154125,4.32741,-79.817665,-3.6642513,-2.5176685,0.30199385,0.000000
113,2,0,0,0,0,0.744295,1.863188,2.0010867,4.512689,-43.828735,-2.8502557,3.3117673,0.122848675,0.000000
113,2,0,0,0,0,0.648787,1.6946647,1.9265699,4.3235908,-62.909203,-3.348631,1.1392813,0.27555496,0.000000
113,2,0,0,0,0,0.335830,1.8888942,2.0916016,4.5877566,-29.54765,-2.6230457,-1.8574672,0.31098443,0.000000
113,2,0,0,0,0,0.222740,1.7544982,1.9415193,4.534951,-48.972122,-3.4508994,-9.026236,0.2916332,0.000000
114,2,0,0,0,0,0.818057,1.7388816,1.9039867,4.2968926,-80.00388,-3.6048498,-2.3369365,0.29715848,0.000000
114,2,0,0,0,0,0.766870,1.8603022,1.9943058,4.518075,-44.038578,-2.8627293,3.2326677,0.11196598,0.000000
114,2,0,0,0,0,0.735483,1.6876212,1.8888054,4.2278395,-63.12482,-3.3400207,1.1229885,0.2225964,0.000000
114,2,0,0,0,0,0.444087,1.8295068,1.983795,4.4114604,-29.580706,-2.6896367,-1.4761386,0.3576916,0.000000
114,2,0,0,0,0,0.246108,1.6506157,1.9308375,4.2943525,-52.359943,-3.4762568,-9.283655,0.19155851,0.000000
115,2,0,0,0,0,0.799576,1.7120211,1.8877807,4.2186027,-79.56124,-3.6759253,-2.1229794,0.30537188,0.000000
115,2,0,0,0,0,0.773314,1.6848111,1.878835,4.217167,-62.910347,-3.363035,1.2338145,0.23840386,0.000000
115,2,0,0,0,0,0.758797,1.8355012,1.996979,4.496029,-43.839962,-2.8093412,3.1161783,0.13582465,0.000000
115,2,0,0,0,0,0.327009,1.6592728,1.9320171,4.5735893,-44.959633,-3.022769,9.027184,0.12775573,0.000000
115,2,0,0,0,0,0.275904,1.8015571,1.9581681,4.4806495,-53.487846,-3.490093,-9.71141,0.26826322,0.000000
115,2,0,0,0,0,0.215562,1.8656429,2.0858407,4.5713434,-29.299028,-2.6288505,-1.5603476,0.23047318,0.000000
116,2,0,0,0,0,0.796619,1.7187719,1.8680086,4.1423798,-80.14398,-3.8640225,-2.1563113,0.32989028,0.000000
116,2,0,0,0,0,0.760034,1.65937,1.8608838,4.1474133,-63.512016,-3.4497378,1.1090899,0.27738798,0.000000
116,2,0,0,0,0,0.679884,1.9424582,2.0735002,4.6537786,-44.582104,-2.76881,3.0601435,0.13825643,0.000000
116,2,0,0,0,0,0.453092,2.141305,2.0759175,4.9232736,-29.183262,-2.3536644,-1.6365263,0.22016595,0.000000
116,2,0,0,0,0,0.400562,1.5066456,1.9616481,5.246807,-69.55101,-3.7258997,5.5852327,0.2016302,0.000000
116,2,0,0,0,0,0.270667,1.9362204,2.139616,5.0343723,-55.572136,-3.5312047,-9.962538,0.275493,0.000000
117,2,0,0,0,0,0.799651,1.689704,1.879694,4.1973333,-63.490368,-3.157448,1.2103717,0.23579456,0.000000
117,2,0,0,0,0,0.737102,1.7016954,1.8500464,4.129941,-80.21078,-3.5821972,-1.9412036,0.28619143,0.000000
117,2,0,0,0,0,0.664068,1.9788969,2.0766842,4.6112647,-44.832607,-2.4765756,3.0199792,0.11205613,0.000000
117,2,0,0,0,0,0.372576,1.4904865,1.8882053,4.685975,-69.95622,-3.3864522,5.501684,0.2346178,0.000000
117,2,0,0,0,0,0.314258,2.0394673,2.1074214,4.9054446,-29.259228,-2.135678,-1.5238993,0.2413146,0.000000
118,2,0,0,0,0,0.773505,1.678659,1.9020193,4.181349,-63.553978,-2.9639769,1.2696884,0.22678913,0.000000
118,2,0,0,0,0,0.644377,1.6946517,1.8489105,4.1544743,-80.43535,-3.4660063,-1.876966,0.2611469,0.000000
118,2,0,0,0,0,0.613955,1.9621139,2.0579867,4.593931,-45.09478,-2.3515463,2.9025152,0.12546127,0.000000
118,2,0,0,0,0,0.371803,1.9451733,2.0688558,4.7191925,-29.347336,-2.115231,-1.7310939,0.26887703,0.000000
118,2,0,0,0,0,0.201234,1.6440978,1.9862256,5.1377497,-69.469635,-3.1821356,5.629841,0.20475909,0.000000
119,2,0,0,0,0,0.798889,1.6466986,1.8921026,4.191339,-63.594395,-3.0466475,1.2025952,0.23042768,0.000000
119,2,0,0,0,0,0.759518,1.7362869,1.9171293,4.3283,-80.37732,-3.4862838,-1.8555155,0.27331728,0.000000
119,2,0,0,0,0,0.563336,2.0198088,2.0918417,4.677463,-45.215633,-2.341306,2.762152,0.14037389,0.000000
120,2,0,0,0,0,0.783533,1.7194455,1.9170585,4.3511486,-80.57406,-3.877391,-1.7787879,0.28167278,0.000000
120,2,0,0,0,0,0.721946,1.7177377,1.908997,4.2060356,-63.648624,-3.3676195,1.1726227,0.21781525,0.000000
120,2,0,0,0,0,0.643800,2.1531892,2.184528,5.0486374,-45.10822,-2.654773,2.799511,0.10931678,0.000000
121,2,0,0,0,0,0.846694,1.7573814,1.9415811,4.4519854,-80.49959,-3.8634214,-1.5854218,0.24616343,0.000000
121,2,0,0,0,0,0.617748,1.785368,2.0116708,4.63396,-63.407063,-3.4614563,1.1670496,0.15203024,0.000000
121,2,0,0,0,0,0.497907,1.9376478,2.0361829,4.571983,-45.843773,-2.8146913,2.6894815,0.09303273,0.000000
121,2,0,0,0,0,0.286122,2.0606256,2.115179,4.843555,-29.076048,-2.3709428,-1.293411,0.31946278,0.000000
122,2,0,0,0,0,0.848819,1.7461838,1.9216001,4.3772793,-80.712906,-3.444668,-1.5132856,0.2373439,0.000000
122,2,0,0,0,0,0.717928,1.7551228,1.9755492,4.544323,-63.662727,-3.1527758,1.1560729,0.17068869,0.000000
122,2,0,0,0,0,0.601495,2.0415545,2.140801,4.993444,-45.598866,-2.6478453,2.619959,0.05662311,0.000000
122,2,0,0,0,0,0.244483,1.9438094,2.1004806,4.6664457,-29.312195,-2.3007107,-1.2200637,0.4478178,0.000000
123,2,0,0,0,0,0.840939,1.7808464,1.9407797,4.393656,-80.74136,-2.9784927,-1.4252329,0.18383753,0.000000
123,2,0,0,0,0,0.737911,1.7739947,1.976976,4.5470023,-63.872387,-2.685117,1.0887916,0.13259661,0.000000
123,2,0,0,0,0,0.710220,2.1728048,2.166448,4.9781003,-45.78392,-2.2320793,2.5693579,0.08436403,0.000000
123,2,0,0,0,0,0.234145,1.6911016,1.946886,4.4013767,-72.206924,-2.2271168,16.878576,0.4388009,0.000000
123,2,0,0,0,0,0.226492,1.875551,1.9994428,4.5718155,-33.945957,-0.9838364,37.82963,0.098455645,0.000000
123,2,0,0,0,0,0.212949,1.489713,1.9061639,4.787021,-80.98111,-2.9058347,3.6954095,0.30736858,0.000000
124,2,0,0,0,0,0.846108,1.7730255,1.9536918,4.4674034,-80.852425,-3.5270863,-1.4124322,0.1905781,0.000000
124,2,0,0,0,0,0.781007,1.7375166,1.9399741,4.343388,-64.119934,-3.0178978,1.0426028,0.13857242,0.000000
124,2,0,0,0,0,0.608791,2.0927272,2.112281,4.7338867,-46.204796,-2.4359977,2.3411784,0.10454948,0.000000
124,2,0,0,0,0,0.252674,1.7532432,2.0217524,5.082961,-58.880714,-2.91494,6.987097,0.20699827,0.000000
124,2,0,0,0,0,0.213468,2.7912927,2.8202262,8.955787,-42.34806,-2.0292208,8.51091,0.14274421,0.000000
125,2,0,0,0,0,0.825213,1.7339405,1.8906034,4.2373238,-80.985565,-4.0778294,-1.3585758,0.18203126,0.000000
125,2,0,0,0,0,0.765641,1.735499,1.9379753,4.285338,-64.29027,-3.4812124,1.0148242,0.12547535,0.000000
125,2,0,0,0,0,0.585628,2.0806828,2.12294,4.7735624,-46.475433,-2.775266,2.2437303,0.10008514,0.000000
125,2,0,0,0,0,0.297634,1.6524711,1.976467,4.833103,-32.979366,-2.0095336,28.332424,0.041854206,0.000000
125,2,0,0,0,0,0.206448,1.8115914,1.9764047,4.53061,-28.778597,-2.4616563,-1.3135061,0.2241793,0.000000
126,2,0,0,0,0,0.788353,1.7850821,1.947,4.3605013,-64.487885,-3.4987094,1.074327,0.16437352,0.000000
126,2,0,0,0,0,0.765243,1.7605133,1.9028473,4.284937,-81.101135,-4.1255774,-1.2500272,0.15025282,0.000000
126,2,0,0,0,0,0.601959,2.1161067,2.1437654,4.9471817,-46.48225,-2.815849,2.3122716,0.095746875,0.000000
126,2,0,0,0,0,0.289621,1.5803362,1.9243321,4.627621,-69.97786,-3.7850432,5.6333942,0.023855139,0.000000
126,2,0,0,0,0,0.263777,1.7290608,1.9920751,4.3916216,-28.881763,-2.4982376,-1.5320199,0.19790664,0.000000
127,2,0,0,0,0,0.845263,1.6864595,1.9216291,4.3438883,-64.980576,-4.1012764,0.88973093,0.10551,0.000000
127,2,0,0,0,0,0.735049,1.6953974,1.9346031,4.39655,-81.5405,-4.7707353,-1.2929528,0.14437756,0.000000
127,2,0,0,0,0,0.583529,1.9898937,2.0818374,4.695558,-47.251675,-3.3361962,2.016674,0.099337704,0.000000
127,2,0,0,0,0,0.318481,1.763201,1.9844952,4.4354587,-29.261078,-2.7837207,-1.75633,0.060115345,0.000000
127,2,0,0,0,0,0.296858,1.7039015,1.9733826,4.9388356,-33.425816,-2.5391002,27.484049,-0.016518269,0.000000
127,2,0,0,0,0,0.235162,1.679076,1.9830637,4.4873686,-81.78824,-4.190721,15.377781,0.35978714,0.000000
127,2,0,0,0,0,0.217903,1.5533769,1.9090114,4.2331443,-60.249237,-3.4379826,11.506681,1.4916921,0.000000
127,2,0,0,0,0,0.203677,1.7092049,2.0174334,4.594555,-48.581303,-2.5741773,37.774166,0.5670662,0.000000
128,2,0,0,0,0,0.828409,1.7148169,1.9620507,4.6151333,-81.100105,-4.8112326,-1.1664379,0.17274582,0.000000
128,2,0,0,0,0,0.814552,1.7755821,1.9516103,4.4417477,-64.48001,-4.171058,1.056555,0.16461335,0.000000
128,2,0,0,0,0,0.588232,2.0627575,2.0851235,4.6903973,-47.089165,-3.5095294,1.9761794,0.08603698,0.000000
128,2,0,0,0,0,0.321123,2.1749635,2.1648781,5.1668415,-28.183113,-2.8618584,-1.4611306,0.19998157,0.000000
128,2,0,0,0,0,0.293336,1.5471308,1.8950409,4.1062803,-61.81614,-3.8042214,11.279099,1.5127128,0.000000
129,2,0,0,0,0,0.864980,1.7357513,1.9386238,4.4934587,-81.22868,-4.337767,-1.1867394,0.18646309,0.000000
129,2,0,0,0,0,0.816512,1.7611179,1.9611633,4.472463,-64.63156,-3.820829,0.93740916,0.114534,0.000000
129,2,0,0,0,0,0.580862,1.967617,2.0617473,4.6502266,-47.34901,-3.116194,1.7759595,0.09207721,0.000000
129,2,0,0,0,0,0.407242,1.6223089,1.9055607,4.3825655,-59.838535,-3.350469,36.95599,-0.1611579,0.000000
129,2,0,0,0,0,0.366640,1.6705127,1.9626961,4.7761717,-33.041,-2.4540637,26.860336,-0.030444112,0.000000
129,2,0,0,0,0,0.235107,1.7083588,1.9632692,4.3944283,-61.15995,-2.8524866,29.47089,0.45175427,0.000000
129,2,0,0,0,0,0.201553,1.7435085,2.0046165,4.5419936,-29.500639,-3.8441584,-12.050975,0.1369485,0.000000
130,2,0,0,0,0,0.856397,1.7648852,1.9441828,4.4530787,-81.41479,-4.2517023,-1.193398,0.20479468,0.000000
130,2,0,0,0,0,0.819341,1.7060022,1.928444,4.281526,-64.87577,-3.6368468,0.757638,0.14118901,0.000000
130,2,0,0,0,0,0.642656,1.9654353,2.0930443,4.63216,-47.293774,-2.8794355,1.6404247,0.077889234,0.000000
131,2,0,0,0,0,0.854381,1.7786353,1.9521788,4.464662,-81.46646,-4.3770447,-1.2129512,0.20956524,0.000000
131,2,0,0,0,0,0.778802,1.7457231,1.9214611,4.268364,-64.95811,-3.8124866,0.61372614,0.07733127,0.000000
131,2,0,0,0,0,0.606806,1.9967127,2.0955253,4.616438,-47.36186,-3.0367525,1.4713898,0.0808288,0.000000
131,2,0,0,0,0,0.242336,1.7149878,1.9998014,4.285247,-91.122604,-3.974797,13.624948,0.28625605,0.000000
132,2,0,0,0,0,0.876980,1.7214322,1.9061203,4.361652,-81.49367,-4.654296,-1.2153091,0.19955207,0.000000
132,2,0,0,0,0,0.700480,1.7594147,1.9138907,4.345694,-65.0576,-4.1373196,0.4912405,0.09417198,0.000000
132,2,0,0,0,0,0.595859,2.0446763,2.0742047,4.6668563,-47.516685,-3.4920907,1.3414674,0.08772467,0.000000
132,2,0,0,0,0,0.301830,2.144318,2.1531055,4.9891133,-27.709133,-3.189909,-1.8035479,0.25351048,0.000000
132,2,0,0,0,0,0.272856,1.5882217,1.9094951,4.3991647,-94.40803,-4.266832,13.9182205,1.7647094,0.000000
132,2,0,0,0,0,0.205092,1.6409721,1.9421152,4.2649355,-72.02701,-3.8629603,10.361224,1.2609155,0.000000
133,2,0,0,0,0,0.812930,1.7494743,1.8881477,4.3284917,-81.07084,-4.7228365,-1.1763792,0.20707192,0.000000
133,2,0,0,0,0,0.711702,1.6625986,1.946029,4.513811,-64.57909,-4.413713,0.5216849,0.10087329,0.000000
133,2,0,0,0,0,0.648276,1.7574126,1.9025648,4.2279787,-47.234573,-3.9264016,1.2168326,0.045995597,0.000000
133,2,0,0,0,0,0.330624,1.9146821,2.0596406,4.6701612,-27.362461,-3.5470974,-2.1364942,0.1559799,0.000000
133,2,0,0,0,0,0.294205,1.5618975,1.9087238,4.3342886,-73.487816,-4.1896043,9.888209,1.5659217,0.000000
133,2,0,0,0,0,0.284882,1.943039,2.0096295,4.5890636,-44.3853,-4.2455606,-7.4341674,0.16844806,0.000000
133,2,0,0,0,0,0.217712,1.7124293,2.0819323,5.219947,-80.844864,-4.5422616,4.030016,0.15442869,0.000000
133,2,0,0,0,0,0.211497,1.6594431,1.9378166,4.4709797,-95.965744,-4.2690816,13.605195,1.5280795,0.000000
134,2,0,0,0,0,0.814040,1.7430805,1.8826014,4.3345537,-81.701935,-4.7539525,-1.3068328,0.20428455,0.000000
134,2,0,0,0,0,0.785955,1.6598742,1.9088709,4.410818,-65.19319,-4.4097843,0.2854154,0.15677205,0.000000
134,2,0,0,0,0,0.657609,1.8156472,1.9774158,4.3814645,-47.82892,-3.8454013,0.94674134,0.051741205,0.000000
134,2,0,0,0,0,0.453955,1.7872965,2.013215,4.359668,-27.719355,-3.5718873,-1.8529713,0.17341638,0.000000
134,2,0,0,0,0,0.439908,1.5520049,1.9049941,4.327984,-76.389496,-4.1645164,9.574329,1.5291291,0.000000
134,2,0,0,0,0,0.280345,1.5594966,1.8995173,4.4498153,-60.579407,-3.5439744,20.683378,0.337494,0.000000
134,2,0,0,0,0,0.248928,1.9769634,2.1108081,5.3234334,-37.68515,-3.5266347,6.8654346,0.027695643,0.000000
134,2,0,0,0,0,0.235538,1.9855921,2.0201945,4.6005087,-51.668922,-3.433321,8.0443,0.19530734,0.000000
135,2,0,0,0,0,0.798595,1.7245021,1.9407098,4.5055647,-65.36719,-4.411478,0.1608665,0.19183554,0.000000
135,2,0,0,0,0,0.787479,1.7264422,1.9253929,4.4394445,-81.55565,-4.8646054,-1.4493868,0.11039531,0.000000
135,2,0,0,0,0,0.508406,1.8929656,1.994298,4.347658,-48.03235,-3.7385488,0.7519324,0.0681549,0.000000
135,2,0,0,0,0,0.440749,1.5767126,1.8884765,4.4397016,-58.835182,-3.6212728,25.824352,0.037680723,0.000000
135,2,0,0,0,0,0.303915,2.2389612,2.2759862,5.4595976,-26.807047,-3.0914378,-2.0426776,0.1864382,0.000000
135,2,0,0,0,0,0.235743,1.7204459,1.9149786,4.239448,-27.719664,-4.0630035,-5.881864,0.5253898,0.000000
135,2,0,0,0,0,0.233656,1.9519453,1.9724789,4.448583,-48.521797,-4.203343,-8.544638,0.07804649,0.000000
135,2,0,0,0,0,0.219895,2.140779,2.25895,6.005749,-39.597828,-3.3651657,6.7698994,-0.047505397,0.000000
135,2,0,0,0,0,0.201869,1.744317,2.0384936,4.6272554,-73.06976,-3.8050857,6.8417783,1.5997952,0.000000
136,2,0,0,0,0,0.829328,1.7295794,1.9190066,4.413074,-81.749825,-4.9973226,-1.5361335,0.10461631,0.000000
136,2,0,0,0,0,0.812981,1.6952894,1.9065242,4.348867,-65.65794,-4.4994183,0.0022547245,0.11687816,0.000000
136,2,0,0,0,0,0.618186,2.0514665,2.146778,5.0390167,-47.83551,-3.7301397,0.6081326,0.03666778,0.000000
136,2,0,0,0,0,0.444928,2.049371,2.11253,4.76906,-27.311941,-3.2326293,-2.196108,0.18307151,0.000000
136,2,0,0,0,0,0.225156,1.5181482,1.9265677,4.2200203,-81.29335,-4.3283634,8.562895,1.6342239,0.000000
136,2,0,0,0,0,0.207562,1.8181407,1.9930224,4.5813913,-44.93441,-5.3578553,-14.419904,0.08166216,0.000000
137,2,0,0,0,0,0.860178,1.7182105,1.9119828,4.374147,-81.78477,-4.9442267,-1.5790362,0.12888676,0.000000
137,2,0,0,0,0,0.842287,1.7273897,1.9255921,4.437407,-65.75852,-4.497907,-0.034203768,0.07569199,0.000000
137,2,0,0,0,0,0.637663,1.8646477,2.0196545,4.6304183,-48.168564,-3.9397745,0.45979,0.029085346,0.000000
137,2,0,0,0,0,0.399933,1.9704342,2.080257,4.608741,-27.145468,-3.5338638,-2.0568137,0.18589419,0.000000
137,2,0,0,0,0,0.202427,1.6342037,1.9504682,4.533212,-34.624622,-5.199937,-17.324402,-0.14249547,0.000000
138,2,0,0,0,0,0.873045,1.7322044,1.9123459,4.3766956,-81.97833,-4.969078,-1.6135519,0.12792754,0.000000
138,2,0,0,0,0,0.866055,1.6782751,1.9059504,4.405126,-65.92766,-4.601633,-0.1698947,0.023701377,0.000000
138,2,0,0,0,0,0.629566,1.823308,2.0198712,4.6159425,-48.28728,-4.136746,0.32899523,0.009932052,0.000000
138,2,0,0,0,0,0.328656,1.5541807,1.8660846,4.2912683,-54.22246,-3.6688886,24.639992,0.14524311,0.000000
138,2,0,0,0,0,0.230766,1.648756,1.9906498,4.5303426,-86.40106,-4.6198153,8.668824,1.713491,0.000000
139,2,0,0,0,0,0.889277,1.6959199,1.8972656,4.3354325,-65.9738,-4.634794,-0.24175048,0.06757196,0.000000
139,2,0,0,0,0,0.871515,1.7166505,1.8998476,4.3455954,-81.90578,-5.0237827,-1.5920157,0.16795313,0.000000
139,2,0,0,0,0,0.729381,1.8568251,2.0166907,4.6274548,-48.355972,-4.116008,0.21079326,0.038234666,0.000000
139,2,0,0,0,0,0.436946,1.7019031,2.0068555,5.032323,-36.054874,-3.1106343,23.50229,-0.02128052,0.000000
139,2,0,0,0,0,0.252470,1.954248,2.078231,4.645068,-56.386208,-4.569528,-9.308223,0.06496532,0.000000
139,2,0,0,0,0,0.208781,3.0550907,3.0003765,8.830295,-55.42819,-5.079431,-25.732027,2.5668597,0.000000
140,2,0,0,0,0,0.886676,1.8196836,1.9643793,4.5343084,-66.046234,-4.377109,-0.3497088,0.19613284,0.000000
140,2,0,0,0,0,0.860262,1.7086576,1.8802127,4.284447,-82.00398,-4.9742017,-1.5542631,0.16546264,0.000000
140,2,0,0,0,0,0.719613,2.0006342,2.0769267,4.7673073,-48.485622,-3.9676356,0.08746076,0.058829553,0.000000
140,2,0,0,0,0,0.268329,1.7053318,1.9219043,4.466454,-33.16059,-2.7453294,23.399372,0.17968008,0.000000
140,2,0,0,0,0,0.221946,1.8559145,2.2182958,5.771886,-43.651222,-3.7210946,5.761718,0.037587203,0.000000
140,2,0,0,0,0,0.218458,1.6729558,1.9660915,4.680707,-37.45104,-2.8463535,23.346294,0.04665678,0.000000
140,2,0,0,0,0,0.216964,1.9695472,2.3353453,4.912506,-26.961191,-3.5409,-1.2994726,0.8367971,0.000000
141,2,0,0,0,0,0.874359,1.7234951,1.929665,4.389327,-66.3318,-4.2497663,-0.45460153,0.12684155,0.000000
141,2,0,0,0,0,0.752709,1.7533363,1.8810827,4.325317,-81.996704,-4.7136116,-1.5798488,0.10675012,0.000000
141,2,0,0,0,0,0.698807,2.0417862,2.0987349,4.78491,-48.88504,-3.672842,0.018214703,-0.002514083,0.000000
141,2,0,0,0,0,0.371748,1.7078888,1.937845,4.7178774,-36.13012,-2.56566,22.911688,0.1344004,0.000000
141,2,0,0,0,0,0.237263,1.5065815,1.8898722,4.20144,-93.75117,-4.439024,6.622449,1.7865012,0.000000
141,2,0,0,0,0,0.235646,1.6542816,1.9814541,4.856314,-58.07753,-3.4128788,23.806683,0.037027325,0.000000
142,2,0,0,0,0,0.776479,1.7432976,1.9109337,4.3839636,-66.3633,-4.4590464,-0.6490774,0.044462025,0.000000
142,2,0,0,0,0,0.689188,1.7666454,1.8648283,4.309491,-82.23892,-4.913306,-1.6319547,0.060256705,0.000000
142,2,0,0,0,0,0.679006,1.9844701,2.1103346,4.772495,-48.57208,-3.6534233,-0.069330215,0.08746073,0.000000
142,2,0,0,0,0,0.404225,1.5412245,1.9012986,4.274411,-38.495575,-6.4640207,-30.816183,-0.42151287,0.000000
142,2,0,0,0,0,0.207714,1.7014519,1.9488443,4.6119056,-47.326214,-4.4600554,-8.476036,0.04696104,0.000000
142,2,0,0,0,0,0.202542,1.5647464,1.9263256,4.5891123,-53.17981,-3.3786483,23.357582,0.027857943,0.000000
143,2,0,0,0,0,0.779138,1.8497027,1.9561028,4.5402946,-81.992676,-5.2364717,-1.7061055,0.1410557,0.000000
143,2,0,0,0,0,0.753931,1.8501189,1.991985,4.6201224,-48.672184,-4.216497,-0.19985366,0.06539002,0.000000
143,2,0,0,0,0,0.703331,1.7100782,1.9009914,4.263977,-66.462814,-4.765438,-0.60945606,0.034792837,0.000000
143,2,0,0,0,0,0.352842,1.868385,2.1002316,5.121686,-59.323326,-4.340141,4.8248005,0.21803999,0.000000
143,2,0,0,0,0,0.291460,1.8760443,2.0406752,4.6388407,-43.06483,-4.4585433,-9.396231,0.014382528,0.000000
143,2,0,0,0,0,0.236195,1.595293,1.9573759,4.90052,-64.77818,-4.7726717,4.1916037,-0.007682761,0.000000
143,2,0,0,0,0,0.216731,1.6817967,1.9320318,4.3612804,-49.593765,-4.874312,-8.904957,0.011025922,0.000000
143,2,0,0,0,0,0.201611,1.6546478,1.9662453,4.982987,-53.533043,-3.7852774,22.943043,-0.01597223,0.000000
144,2,0,0,0,0,0.813816,1.7793113,1.9312096,4.4674597,-82.2224,-5.4120193,-1.686388,0.20706275,0.000000
144,2,0,0,0,0,0.680779,1.7957865,1.9869384,4.6194725,-48.86426,-4.548601,-0.2718587,0.008180125,0.000000
144,2,0,0,0,0,0.505725,1.7239357,1.8989543,4.212406,-66.70124,-4.980736,-0.8180673,0.06508368,0.000000
144,2,0,0,0,0,0.364276,1.6080948,1.9201353,4.5585923,-94.242035,-5.3674912,23.769226,-0.049107287,0.000000
144,2,0,0,0,0,0.328488,1.82846,2.1347158,5.534388,-61.3749,-4.7717776,4.5943756,0.06584277,0.000000
144,2,0,0,0,0,0.216873,1.6718833,1.9388602,4.6319933,-83.02155,-5.0611887,23.368607,-0.018830031,0.000000
145,2,0,0,0,0,0.728234,1.7654245,1.9219884,4.363249,-82.25911,-5.282124,-1.714344,0.13753876,0.000000
145,2,0,0,0,0,0.609835,1.7136122,1.9516358,4.49682,-49.07937,-4.6322336,-0.4650092,0.027086878,0.000000
145,2,0,0,0,0,0.578551,1.6756885,1.8801622,4.2135224,-66.84872,-4.921318,-0.91708803,-0.0010698931,0.000000
145,2,0,0,0,0,0.292768,1.6385331,1.9578767,4.844045,-58.792698,-4.3968277,22.671217,-0.072271354,0.000000
145,2,0,0,0,0,0.231715,1.6823183,2.0218744,5.1728535,-63.47438,-4.8179893,4.3651953,0.06694505,0.000000
145,2,0,0,0,0,0.220753,1.6151308,1.9930658,5.1803956,-58.962574,-4.7754693,4.6933894,0.004565889,0.000000
146,2,0,0,0,0,0.781946,1.7355813,1.9128138,4.321548,-82.45145,-5.153495,-1.7018414,0.118717246,0.000000
146,2,0,0,0,0,0.669715,1.7120218,1.9237357,4.379947,-66.90545,-4.804769,-0.8975911,0.12195538,0.000000
146,2,0,0,0,0,0.578501,1.8556519,2.048412,4.8901253,-48.819786,-4.425205,-0.45422077,-0.041079737,0.000000
146,2,0,0,0,0,0.238009,1.661073,1.9927735,5.178292,-59.04283,-4.544569,4.6847067,-0.0012380681,0.000000
146,2,0,0,0,0,0.216323,1.6575272,1.997886,5.1599545,-64.08152,-4.722133,4.3801303,0.085966125,0.000000
146,2,0,0,0,0,0.212271,1.6008323,1.9293542,4.684079,-42.587517,-4.141525,5.124754,0.05286357,0.000000
