0,2,0,0,0,0,0.795389,1.7351902,1.9272525,4.316132,-3.006217,-0.49895534,3.4967735,0.06702732,0.000000
0,2,0,0,0,0,0.795123,1.528121,1.8545823,4.2773204,-53.46141,-1.92469,1.9782631,0.07845912,0.000000
0,2,0,0,0,0,0.694129,1.6528738,1.8884604,4.197898,-58.14193,-1.9237018,-3.028442,0.11084429,0.000000
0,2,0,0,0,0,0.582819,2.0125828,1.9805788,4.1811795,-0.6730499,-0.32669616,0.2975359,0.09524773,0.000000
0,2,0,0,0,0,0.548134,1.983459,2.317894,6.3563366,-73.29984,-2.0979128,5.120885,0.13205463,0.000000
1,2,0,0,0,0,0.855824,1.54221,1.8614906,4.372342,-53.214676,-1.8923504,1.9377661,0.0638829,0.000000
1,2,0,0,0,0,0.749167,1.7025111,1.9220047,4.1382756,-2.6140146,-0.4728424,3.504486,0.06684348,0.000000
1,2,0,0,0,0,0.687091,2.168385,2.0491624,4.6308765,-0.41861916,-0.2719404,0.22489008,0.04180191,0.000000
1,2,0,0,0,0,0.680006,1.6585424,1.8827573,4.164285,-58.130394,-1.8911724,-3.0324023,0.15180925,0.000000
1,2,0,0,0,0,0.549357,2.0429387,2.2748342,5.8030777,-72.155365,-2.0059066,5.185134,0.13148087,0.000000
1,2,0,0,0,0,0.228284,1.9494913,1.9932964,4.436309,-12.203337,-0.6528032,-34.12391,-0.4045189,0.000000
2,2,0,0,0,0,0.846437,1.5847455,1.8949165,4.478276,-52.704853,-1.858455,1.9570729,0.052968048,0.000000
2,2,0,0,0,0,0.701011,1.6510035,1.8953192,4.2725286,-58.27173,-1.9439971,-3.01266,0.10628961,0.000000
2,2,0,0,0,0,0.665606,2.15029,2.0676804,4.706407,-0.3932953,-0.34469855,0.14124203,-0.0023237427,0.000000
2,2,0,0,0,0,0.665509,1.8038223,1.9973176,4.6213245,-2.10958,-0.53639877,3.6038456,0.038975008,0.000000
2,2,0,0,0,0,0.522030,2.0150456,2.3848562,6.504376,-71.799225,-1.9799013,5.2059236,0.11662524,0.000000
2,2,0,0,0,0,0.377701,1.7907406,1.9845134,4.672723,-17.66925,-1.1202873,-34.770622,-0.17155339,0.000000
3,2,0,0,0,0,0.794709,1.7159147,1.9308627,4.3887944,-1.9495049,-0.60362864,3.557945,0.076103345,0.000000
3,2,0,0,0,0,0.778762,1.6604946,1.8751645,4.1798544,-58.26483,-1.9468893,-2.9041834,0.082334064,0.000000
3,2,0,0,0,0,0.771779,1.5220151,1.8577349,4.414115,-52.347763,-1.904594,1.9849423,0.051181402,0.000000
3,2,0,0,0,0,0.732578,2.2338364,2.066025,4.666913,-0.43351936,-0.24873877,0.21472132,0.054540798,0.000000
3,2,0,0,0,0,0.546655,2.0677748,2.3688679,6.202868,-70.74193,-1.9623806,5.3715563,0.06648709,0.000000
4,2,0,0,0,0,0.780863,1.6003656,1.8589929,4.2226443,-58.342907,-1.9264226,-2.8287454,0.093365334,0.000000
4,2,0,0,0,0,0.699937,1.5151987,1.8759165,4.4222903,-52.007484,-1.8510987,2.0000145,0.08470995,0.000000
4,2,0,0,0,0,0.671222,1.801079,1.9315803,4.1223288,-1.8233938,-0.44324946,3.6474023,0.14452434,0.000000
4,2,0,0,0,0,0.658451,2.1555858,2.0641952,4.6727123,-0.41369152,-0.22221124,0.27269602,0.09123985,0.000000
4,2,0,0,0,0,0.423366,2.0666523,2.4613223,6.8035374,-70.317055,-1.9443829,5.3519726,0.05787392,0.000000
4,2,0,0,0,0,0.340992,1.8692522,1.9914308,4.656091,-27.249693,-1.2946912,-34.63872,-0.16007349,0.000000
5,2,0,0,0,0,0.829784,1.5314,1.8706069,4.4163938,-52.127346,-1.9029038,1.9411458,0.062089536,0.000000
5,2,0,0,0,0,0.807510,1.6402221,1.8854408,4.260703,-58.80404,-1.9233701,-2.813649,0.059270635,0.000000
5,2,0,0,0,0,0.731084,1.813888,1.9578745,4.2496886,-1.9550543,-0.4415453,3.5834494,0.06748609,0.000000
5,2,0,0,0,0,0.696730,2.1614058,2.0471947,4.632999,-0.9323826,-0.18975268,0.21882686,0.06395394,0.000000
5,2,0,0,0,0,0.641472,2.0136952,2.321278,5.9825187,-69.41708,-1.9537477,5.420655,0.03269932,0.000000
5,2,0,0,0,0,0.442718,1.7447376,1.9352908,4.327485,-33.715538,-1.4914936,-34.34593,-0.29076347,0.000000
6,2,0,0,0,0,0.829976,1.5538061,1.8826482,4.4322896,-51.86329,-1.7950265,1.9737772,0.058728576,0.000000
6,2,0,0,0,0,0.794195,1.6745157,1.9142717,4.349884,-58.93042,-1.8544415,-2.7592742,0.07737366,0.000000
6,2,0,0,0,0,0.686004,2.1007848,2.0314646,4.5750446,-0.9030323,-0.13104033,0.27443737,0.09416722,0.000000
6,2,0,0,0,0,0.624555,1.7889906,1.9623392,4.1974263,-1.6046686,-0.3556786,3.5795374,0.07731043,0.000000
6,2,0,0,0,0,0.593352,1.6803701,2.009357,4.830964,-38.518948,-1.681783,-34.286087,-0.16682303,0.000000
6,2,0,0,0,0,0.586436,1.9975713,2.3677986,6.3013115,-68.87378,-1.9358057,5.4233227,0.054281622,0.000000
7,2,0,0,0,0,0.783112,1.6947026,1.9131938,4.306007,-59.43057,-1.7802826,-2.7718809,0.087939754,0.000000
7,2,0,0,0,0,0.769561,1.5245476,1.8547778,4.39855,-51.803772,-1.7374547,2.0119634,0.046651136,0.000000
7,2,0,0,0,0,0.765108,2.186176,2.044416,4.583027,-1.3539906,-0.093691245,0.12214959,-0.007524076,0.000000
7,2,0,0,0,0,0.628837,1.9315491,2.0035493,4.6053143,-1.5507135,-0.2869023,3.6680949,0.08891444,0.000000
7,2,0,0,0,0,0.594940,2.0084605,2.28987,6.1277003,-68.45505,-1.8037121,5.4575624,0.06966089,0.000000
7,2,0,0,0,0,0.324458,2.0012016,2.188559,5.297517,-43.219482,-1.6039724,-34.24272,-0.050047085,0.000000
8,2,0,0,0,0,0.816743,1.5169516,1.8790951,4.4865437,-50.43158,-1.6107645,2.0526853,0.07915656,0.000000
8,2,0,0,0,0,0.786355,1.7061524,1.9155089,4.3221006,-58.55854,-1.6695747,-2.6555293,0.07516969,0.000000
8,2,0,0,0,0,0.745037,2.1314645,2.0413191,4.6334376,-0.3827219,-0.065770924,0.24288183,0.0701845,0.000000
8,2,0,0,0,0,0.742657,1.8724179,1.9586604,4.356977,-0.4707346,-0.25296053,3.6364455,0.07812478,0.000000
8,2,0,0,0,0,0.562247,2.051032,2.3764765,6.336032,-66.829796,-1.7727367,5.54527,0.053430684,0.000000
8,2,0,0,0,0,0.423864,1.9055351,2.1127095,5.11956,-46.845818,-1.7433187,-34.147614,-0.05937753,0.000000
9,2,0,0,0,0,0.831150,1.5411001,1.8802742,4.467715,-49.58558,-1.5168417,2.0668418,0.09596841,0.000000
9,2,0,0,0,0,0.794404,1.7566732,1.9236794,4.337369,-58.10596,-1.5504047,-2.632453,0.10941389,0.000000
9,2,0,0,0,0,0.764187,2.1787782,2.0484781,4.6338143,0.07502556,-0.048962742,0.1747607,-0.02819053,0.000000
9,2,0,0,0,0,0.726205,1.785027,1.8851498,4.0623517,-0.13551521,-0.25445154,3.649546,0.069786325,0.000000
9,2,0,0,0,0,0.636773,1.9854014,2.2518997,6.1308794,-65.42088,-1.6202534,5.483913,0.0681048,0.000000
9,2,0,0,0,0,0.480015,1.9173555,2.135092,5.216882,-51.004227,-1.5818157,-34.128056,-0.025341554,0.000000
10,2,0,0,0,0,0.809672,1.5309768,1.9001114,4.611741,-49.648064,-1.5369585,2.153584,0.08525826,0.000000
10,2,0,0,0,0,0.800135,1.6793609,1.9093175,4.343172,-58.666122,-1.666471,-2.6447568,0.077930056,0.000000
10,2,0,0,0,0,0.719552,1.7693119,1.8511248,3.9703588,-0.39497757,-0.20401631,3.6732726,0.040029712,0.000000
10,2,0,0,0,0,0.716417,2.053322,2.006568,4.530385,-0.4806881,-0.060808375,0.21708089,0.032214936,0.000000
10,2,0,0,0,0,0.551381,2.0094948,2.3353295,6.1602325,-65.24187,-1.644903,5.548656,0.055164255,0.000000
10,2,0,0,0,0,0.500688,1.9324715,2.2458096,5.5658937,-55.63387,-1.7889125,-34.120438,-0.07818287,0.000000
10,2,0,0,0,0,0.214816,1.624475,1.8505241,4.136921,-25.160004,-1.2562903,-36.013313,-0.472697,0.000000
11,2,0,0,0,0,0.782562,1.6801944,1.9079297,4.2867956,-58.254623,-1.6245018,-2.6184726,0.1270178,0.000000
11,2,0,0,0,0,0.741912,2.1614103,2.049851,4.6433077,-0.0044116974,0.082049906,0.26194212,0.0941453,0.000000
11,2,0,0,0,0,0.721972,1.5268729,1.8968124,4.660953,-48.579746,-1.4811516,2.2482183,0.11378693,0.000000
11,2,0,0,0,0,0.664389,1.9666352,2.2485175,6.0264893,-64.01327,-1.61731,5.515517,0.09209484,0.000000
11,2,0,0,0,0,0.663344,1.8218721,1.9264193,4.099102,0.4126892,-0.14107507,3.6295562,0.089512624,0.000000
11,2,0,0,0,0,0.256623,1.7707314,1.9297013,4.26722,-29.65983,-0.98192585,-35.933018,-0.4606167,0.000000
11,2,0,0,0,0,0.225966,1.6838582,1.9465103,4.39915,-37.833298,-1.3949692,-35.411564,-0.24490432,0.000000
11,2,0,0,0,0,0.220184,1.7590963,1.9688988,4.535426,-58.988937,-1.7636676,-34.062454,-0.060597174,0.000000
12,2,0,0,0,0,0.851967,1.5442185,1.8959846,4.552689,-48.96836,-1.4375802,2.1968472,0.08372568,0.000000
12,2,0,0,0,0,0.807378,1.6115348,1.8866383,4.2331867,-59.045288,-1.5742695,-2.5068026,0.049805067,0.000000
12,2,0,0,0,0,0.777885,2.1753182,2.0474048,4.628563,-0.7876339,0.0743632,0.20943528,0.06601663,0.000000
12,2,0,0,0,0,0.645781,1.95312,2.1990118,5.4990044,-63.61785,-1.4954675,5.6229067,0.0432413,0.000000
12,2,0,0,0,0,0.505515,1.7198606,1.9775352,4.473082,0.48199844,-0.12804863,3.6030245,0.040332317,0.000000
12,2,0,0,0,0,0.271071,1.5871747,1.9023026,4.3253026,-33.794205,-1.3553395,-36.15085,-0.5103085,0.000000
12,2,0,0,0,0,0.252829,1.8223412,1.991391,4.47876,-64.273224,-1.7555275,-33.956993,-0.28261307,0.000000
13,2,0,0,0,0,0.855457,1.5738468,1.8969601,4.4884887,-48.36838,-1.3609536,2.242004,0.06357668,0.000000
13,2,0,0,0,0,0.763497,2.2216043,2.0607138,4.659651,-0.42118645,0.06372222,0.20203179,0.035358503,0.000000
13,2,0,0,0,0,0.758996,1.6550336,1.9401038,4.3607635,-58.89524,-1.5450524,-2.4754567,0.058000106,0.000000
13,2,0,0,0,0,0.733159,1.6968725,1.8707554,4.191018,0.7945957,-0.11085905,3.7306142,0.04600271,0.000000
13,2,0,0,0,0,0.660448,1.8957675,2.2200692,5.9224176,-62.92868,-1.5102283,5.5815887,0.09404755,0.000000
13,2,0,0,0,0,0.248017,1.8156416,1.9427365,4.2202415,-40.280052,-1.1242144,-35.670616,-0.3779156,0.000000
14,2,0,0,0,0,0.815473,1.5689332,1.8575873,4.349125,-47.56049,-1.3281935,2.2720153,0.085744895,0.000000
14,2,0,0,0,0,0.801631,1.6012806,1.90207,4.2866926,-58.449154,-1.5484607,-2.3803785,0.019594867,0.000000
14,2,0,0,0,0,0.772035,2.2023516,2.0497541,4.5973673,0.024741173,0.058601975,0.15384972,-0.016438302,0.000000
14,2,0,0,0,0,0.758438,1.7085108,1.8927786,4.1684175,1.554883,-0.06192167,3.603355,0.032049842,0.000000
14,2,0,0,0,0,0.544597,1.9542292,2.2932115,5.9989357,-61.84574,-1.4868923,5.6831746,0.07493014,0.000000
14,2,0,0,0,0,0.295810,1.7676082,1.9910094,4.45217,-43.165913,-1.3800008,-35.931618,-0.30696598,0.000000
15,2,0,0,0,0,0.824376,1.5145187,1.8694824,4.397003,-47.63465,-1.3305632,2.3111587,0.040986445,0.000000
15,2,0,0,0,0,0.767196,1.7044508,1.9665253,4.3659496,-58.985916,-1.5033756,-2.3301978,-0.0017346513,0.000000
15,2,0,0,0,0,0.753667,2.1929412,2.0218801,4.528375,-0.36880112,0.05057046,0.23705691,0.05777015,0.000000
15,2,0,0,0,0,0.644533,1.8779751,2.2439923,5.8600483,-61.38289,-1.4123031,5.7041698,0.1042061,0.000000
15,2,0,0,0,0,0.619740,1.7400771,1.9326317,4.112448,1.5209141,-0.1061182,3.5975554,0.071319655,0.000000
15,2,0,0,0,0,0.268811,1.838561,2.031201,4.5818095,-49.794502,-1.3208381,-35.423584,-0.2151651,0.000000
16,2,0,0,0,0,0.866039,1.5278817,1.871891,4.4208922,-47.22261,-1.2764397,2.3384597,0.016264971,0.000000
16,2,0,0,0,0,0.782809,1.680754,1.9416158,4.3067274,-59.078182,-1.4492353,-2.3476512,0.016652837,0.000000
16,2,0,0,0,0,0.759507,2.2035093,2.0503216,4.5893135,-0.4565096,0.021699458,0.25141764,0.0008831315,0.000000
16,2,0,0,0,0,0.577914,1.9061989,2.2753267,5.654017,-60.148376,-1.3096138,5.90242,0.085957795,0.000000
16,2,0,0,0,0,0.548767,1.7130082,1.9387904,4.3598776,2.08288,-0.14790146,3.607237,0.04754767,0.000000
16,2,0,0,0,0,0.238705,1.7704568,1.9227352,4.3047895,-81.97345,-1.8600872,-33.419487,-0.2824707,0.000000
16,2,0,0,0,0,0.217600,1.8559155,1.9567885,4.3414054,-54.342693,-1.2697047,-35.48109,-0.3240453,0.000000
17,2,0,0,0,0,0.806710,2.227087,2.0366976,4.541324,-0.85730076,0.045868874,0.24468106,0.013180336,0.000000
17,2,0,0,0,0,0.783589,1.6621668,1.9368808,4.321886,-59.604942,-1.4793836,-2.3069413,0.014694439,0.000000
17,2,0,0,0,0,0.771973,1.5111544,1.8641263,4.4583015,-47.155598,-1.304975,2.3079143,-0.01242372,0.000000
17,2,0,0,0,0,0.675693,1.711021,1.9110533,4.213951,1.6617203,-0.1136502,3.6449425,0.045173764,0.000000
17,2,0,0,0,0,0.537695,1.9517407,2.365052,6.377273,-60.45502,-1.3470541,5.7914896,0.1190047,0.000000
17,2,0,0,0,0,0.280765,1.7368538,1.92031,4.357562,-86.32826,-2.2198946,-33.51553,-0.060669687,0.000000
18,2,0,0,0,0,0.796381,2.1266348,2.0345979,4.5460114,-0.45776367,0.054575235,0.20782149,-0.032842617,0.000000
18,2,0,0,0,0,0.795420,1.5523081,1.8991785,4.5336285,-46.181732,-1.3545551,2.332447,0.017695354,0.000000
18,2,0,0,0,0,0.772983,1.6563593,1.9380741,4.329567,-59.219746,-1.5906193,-2.3446145,0.044600885,0.000000
18,2,0,0,0,0,0.605228,1.922058,2.3076797,5.7364607,-58.56108,-1.3762329,5.9504614,0.067067474,0.000000
18,2,0,0,0,0,0.604560,1.7316868,1.9317743,4.257003,2.3217077,-0.021298558,3.768264,0.10250198,0.000000
19,2,0,0,0,0,0.816669,1.5754274,1.892391,4.4344187,-45.75473,-1.3086469,2.3653054,-0.022946505,0.000000
19,2,0,0,0,0,0.775953,2.135995,2.0251908,4.5159197,-0.47176647,0.06692043,0.3177427,0.07916584,0.000000
19,2,0,0,0,0,0.735913,1.6267799,1.925518,4.334166,-59.34691,-1.5956767,-2.2969782,0.091976464,0.000000
19,2,0,0,0,0,0.659175,1.6738284,1.9113352,4.1871634,2.7401285,0.0008201599,3.7315822,0.049643338,0.000000
19,2,0,0,0,0,0.587534,1.9822413,2.3007004,6.0158224,-58.231262,-1.3609983,5.8893085,0.08465132,0.000000
20,2,0,0,0,0,0.805289,1.5187366,1.8643429,4.4561734,-44.891823,-1.316224,2.3454928,-0.012159282,0.000000
20,2,0,0,0,0,0.735370,1.82639,1.9620289,4.1939945,0.064068794,-0.119663194,0.22211099,0.0065986705,0.000000
20,2,0,0,0,0,0.734607,1.6637037,1.9121187,4.4564734,-59.08603,-1.6313628,-2.249703,0.061627105,0.000000
20,2,0,0,0,0,0.566092,1.9425212,2.2506986,5.818511,-56.820805,-1.3224291,5.88712,0.087322965,0.000000
20,2,0,0,0,0,0.406459,1.74976,2.0162494,4.7556047,3.9163942,-0.085512534,3.8180938,0.12238605,0.000000
21,2,0,0,0,0,0.795285,1.917043,1.9803028,4.359414,-0.4151144,-0.13595587,0.20437574,0.025611022,0.000000
21,2,0,0,0,0,0.792700,1.6552446,1.9167862,4.5292196,-59.725166,-1.6547548,-2.3053048,0.076822065,0.000000
21,2,0,0,0,0,0.709949,1.4764514,1.8608348,4.385515,-45.00918,-1.3335,2.3270216,0.048780896,0.000000
21,2,0,0,0,0,0.645178,1.9961498,2.334399,6.1349916,-56.595158,-1.4003781,5.9113197,0.09830993,0.000000
21,2,0,0,0,0,0.610757,1.6877819,1.9267702,4.426878,3.3967152,-0.10699263,3.8103359,0.1318829,0.000000
22,2,0,0,0,0,0.846476,1.5028288,1.8721862,4.462262,-44.7374,-1.3268359,2.2411249,0.04354415,0.000000
22,2,0,0,0,0,0.807165,1.6680453,1.9159378,4.4156733,-59.83738,-1.6497107,-2.2935152,0.071217045,0.000000
22,2,0,0,0,0,0.745225,1.7454128,1.9307308,4.173296,-0.55702496,-0.1278117,0.2502519,0.0026989826,0.000000
22,2,0,0,0,0,0.679341,1.6910826,1.891361,4.1998754,3.5950994,0.023230016,3.7485504,0.05570233,0.000000
22,2,0,0,0,0,0.578138,1.9644101,2.3195083,5.955252,-55.77314,-1.3172896,5.9096556,0.07280961,0.000000
23,2,0,0,0,0,0.820798,1.5265847,1.8940907,4.595546,-43.791924,-1.3320333,2.3296757,0.00059050234,0.000000
23,2,0,0,0,0,0.812980,1.7085576,1.9392256,4.508199,-59.518227,-1.651219,-2.3006704,0.07369981,0.000000
23,2,0,0,0,0,0.726691,2.0653949,2.02581,4.3832555,-0.13850784,0.016594857,0.1880691,-0.02726746,0.000000
23,2,0,0,0,0,0.667365,1.7228749,1.9348247,4.247957,4.5343533,0.038880825,3.6813164,0.103850245,0.000000
23,2,0,0,0,0,0.550826,1.9054928,2.2955663,6.1553917,-54.88636,-1.4045498,5.9058967,0.098808244,0.000000
24,2,0,0,0,0,0.827685,1.6120619,1.8834081,4.437579,-60.05751,-1.6533065,-2.2877476,0.044650983,0.000000
24,2,0,0,0,0,0.694828,1.4767747,1.8517531,4.329772,-43.71258,-1.2946336,2.3403168,0.01981239,0.000000
24,2,0,0,0,0,0.686068,1.7990842,1.9218963,4.0800495,-0.6257086,-0.24026898,0.24175355,0.0036019695,0.000000
24,2,0,0,0,0,0.619617,1.953214,2.2856557,6.027388,-54.262672,-1.294111,5.9034815,0.10956376,0.000000
24,2,0,0,0,0,0.571553,1.7578945,2.0070336,4.759158,4.713827,-0.20439498,3.4712563,0.018337907,0.000000
25,2,0,0,0,0,0.852969,1.626919,1.9058684,4.5060654,-60.20828,-1.6805435,-2.2637286,0.053439125,0.000000
25,2,0,0,0,0,0.839247,1.4602671,1.8445139,4.389008,-43.613575,-1.3236082,2.339706,0.04932143,0.000000
25,2,0,0,0,0,0.720153,1.7155422,1.9591435,4.4992867,4.71694,-0.10717231,3.669257,0.06485971,0.000000
25,2,0,0,0,0,0.688768,2.2245398,2.0533,4.628632,-0.30245304,-0.038956583,0.22045827,0.01350171,0.000000
25,2,0,0,0,0,0.590685,1.9577322,2.300763,5.972046,-53.579376,-1.4018667,5.9803195,0.1111422,0.000000
26,2,0,0,0,0,0.851827,1.4720044,1.8642875,4.4764023,-43.00563,-1.2975986,2.5107577,0.11969518,0.000000
26,2,0,0,0,0,0.830418,1.6638286,1.9240204,4.514393,-60.291027,-1.6387084,-2.2622592,0.040643156,0.000000
26,2,0,0,0,0,0.699725,1.7070403,1.9272482,4.3189073,4.929117,-0.087751836,3.6685035,0.085395925,0.000000
26,2,0,0,0,0,0.624509,2.1274939,2.047656,4.607207,-0.3891039,-0.017266393,0.11716619,0.036606282,0.000000
26,2,0,0,0,0,0.622308,1.9896568,2.385334,6.3362107,-52.75669,-1.239501,5.949886,0.11385209,0.000000
27,2,0,0,0,0,0.836397,1.7061558,1.9381667,4.5192003,-60.877888,-1.6319624,-2.294734,0.038293406,0.000000
27,2,0,0,0,0,0.711827,2.129222,2.0332618,4.5768957,-0.90439415,0.0070751905,0.28119114,0.061669223,0.000000
27,2,0,0,0,0,0.686615,1.7075471,1.9254932,4.2731514,4.8960247,-0.09803659,3.5246484,0.07075882,0.000000
27,2,0,0,0,0,0.660876,1.4619503,1.8379035,4.535369,-43.034687,-1.3574865,2.434054,0.08301976,0.000000
27,2,0,0,0,0,0.648428,1.9921179,2.336926,6.0235763,-52.80867,-1.3042929,5.985067,0.10634233,0.000000
28,2,0,0,0,0,0.840434,1.5158288,1.8911374,4.606852,-42.135086,-0.04085605,2.839371,0.03128943,0.000000
28,2,0,0,0,0,0.827831,1.6706632,1.9455507,4.6154823,-60.383625,-0.424557,-1.7250247,0.08487171,0.000000
28,2,0,0,0,0,0.757862,1.7896384,1.9037195,4.2256866,-0.32149792,1.0655168,0.86254644,0.07348816,0.000000
28,2,0,0,0,0,0.640820,1.7345213,1.9514502,4.5233326,6.0219145,1.1125696,4.1497874,0.20418328,0.000000
28,2,0,0,0,0,0.628974,2.0468333,2.4609928,6.402318,-51.084713,0.0677703,6.6670103,0.13982782,0.000000
29,2,0,0,0,0,0.855144,1.5448248,1.8791747,4.427737,-41.731003,0.012916729,2.8954859,0.025926013,0.000000
29,2,0,0,0,0,0.849366,1.6646106,1.946356,4.648825,-60.510277,-0.39679992,-1.6565739,0.040150657,0.000000
29,2,0,0,0,0,0.794825,2.1845431,2.034858,4.575927,-0.21832085,1.1395886,0.7801759,0.04255167,0.000000
29,2,0,0,0,0,0.700059,1.6873167,1.9216981,4.2455845,6.0953865,1.0041071,4.164562,0.07197544,0.000000
29,2,0,0,0,0,0.524585,2.0515864,2.3714292,6.069374,-50.545208,0.018306196,6.671401,0.13470718,0.000000
30,2,0,0,0,0,0.842547,1.6723073,1.9212468,4.489542,-60.586082,-0.40797406,-1.5695862,-0.009491388,0.000000
30,2,0,0,0,0,0.818413,2.140671,2.016119,4.5323396,-0.3052349,1.1226541,0.7869747,0.07316469,0.000000
30,2,0,0,0,0,0.812888,1.5409026,1.8686714,4.4017944,-41.430817,-0.018602505,2.9427958,0.03270935,0.000000
30,2,0,0,0,0,0.674744,1.744211,1.9503987,4.398474,6.682996,1.0172558,4.1501026,0.088083416,0.000000
30,2,0,0,0,0,0.622729,2.033833,2.3976889,6.053853,-49.609447,0.050708592,6.7988777,0.12839678,0.000000
31,2,0,0,0,0,0.830107,1.652374,1.91836,4.464439,-60.69979,-0.44774413,-1.5472256,-0.004916893,0.000000
31,2,0,0,0,0,0.795771,1.5266724,1.8783612,4.4425454,-40.966934,-0.059791923,2.9520211,0.08543889,0.000000
31,2,0,0,0,0,0.792446,1.9890571,1.9666357,4.416156,-0.4339466,1.0481644,0.7646951,0.025680397,0.000000
31,2,0,0,0,0,0.630567,1.7716124,1.9926453,4.6747847,7.2243395,0.97219044,4.155154,0.111092724,0.000000
31,2,0,0,0,0,0.456140,1.8451328,2.2110758,5.3643045,-49.270008,-0.11326371,6.6781764,0.16414447,0.000000
32,2,0,0,0,0,0.863717,1.5539216,1.8894578,4.540261,-40.503426,-0.10816716,2.9343607,0.022644255,0.000000
32,2,0,0,0,0,0.837647,1.6483711,1.9124546,4.4381447,-60.8359,-0.47251642,-1.5303186,0.009159265,0.000000
32,2,0,0,0,0,0.770102,1.8786144,1.906805,4.239239,-0.5670061,0.9361952,0.8027763,0.11732386,0.000000
32,2,0,0,0,0,0.656985,1.7484962,1.9453574,4.323144,7.301634,0.9888072,4.207467,0.14129116,0.000000
32,2,0,0,0,0,0.574782,1.8894386,2.3095913,5.9731026,-48.316692,-0.002753064,6.830134,0.068185,0.000000
33,2,0,0,0,0,0.859301,1.6538208,1.9154172,4.4404135,-61.042305,-0.46361476,-1.4904394,-0.0034179944,0.000000
33,2,0,0,0,0,0.830727,2.1289096,1.9931328,4.4748316,-0.39758492,1.0367404,0.8716979,0.11394813,0.000000
33,2,0,0,0,0,0.809147,1.555309,1.8907824,4.5589848,-40.081825,-0.13397056,3.0551152,0.010471739,0.000000
33,2,0,0,0,0,0.713708,1.7236881,1.9052832,4.271239,7.5273705,0.90765023,4.188471,0.124845974,0.000000
33,2,0,0,0,0,0.296392,2.1139407,2.541387,6.6266236,-47.09808,0.13281587,6.9135246,0.09596864,0.000000
34,2,0,0,0,0,0.838741,1.6626899,1.9236917,4.4280996,-61.1215,-0.62214243,-1.4572009,-0.004593354,0.000000
34,2,0,0,0,0,0.832052,1.5292532,1.874715,4.4626856,-39.692204,-0.19172798,2.9869032,0.018186709,0.000000
34,2,0,0,0,0,0.823726,2.114048,1.9900415,4.45871,-0.20533562,1.1088598,0.89422446,0.05153969,0.000000
34,2,0,0,0,0,0.503046,1.7458553,1.954359,4.3442883,8.031905,1.0387533,4.0150366,0.118775256,0.000000
34,2,0,0,0,0,0.429322,2.0259264,2.415663,6.1776476,-46.461994,-0.13595247,6.8200817,0.06971927,0.000000
35,2,0,0,0,0,0.876135,1.5595222,1.8689102,4.3825974,-39.540794,-0.19585893,3.0139341,0.064512536,0.000000
35,2,0,0,0,0,0.828014,1.7016999,1.9401262,4.4407687,-61.316193,-0.60290366,-1.3950213,0.035236686,0.000000
35,2,0,0,0,0,0.769690,2.091225,2.010045,4.4701495,-0.18237114,1.0622233,0.7518293,-0.005042079,0.000000
35,2,0,0,0,0,0.646058,1.7347853,1.9889765,4.531354,8.617568,0.99831295,4.1501513,0.019881554,0.000000
35,2,0,0,0,0,0.404956,2.048736,2.508094,6.583223,-45.662186,-0.012906924,6.9063587,0.050852135,0.000000
36,2,0,0,0,0,0.862774,1.5397911,1.8712707,4.453966,-38.995712,-0.24241339,3.073277,0.010594141,0.000000
36,2,0,0,0,0,0.849522,1.6189286,1.9083188,4.3836656,-61.615353,-0.65687597,-1.3616596,0.02643958,0.000000
36,2,0,0,0,0,0.746926,2.0733361,2.0021946,4.444069,-0.301219,0.98516643,0.81201386,0.0035964428,0.000000
36,2,0,0,0,0,0.694406,1.676865,1.960083,4.373682,8.704216,0.9002611,4.0719757,0.01764648,0.000000
36,2,0,0,0,0,0.438085,2.051146,2.4134207,6.2279606,-45.052784,-0.098639145,7.021006,0.06435107,0.000000
37,2,0,0,0,0,0.853007,1.5778422,1.9036608,4.433823,-64.10494,-0.6496502,-1.3647523,0.03393913,0.000000
37,2,0,0,0,0,0.746781,1.5471933,1.913164,4.6941314,-40.83133,-0.27354372,2.9621475,0.04873728,0.000000
37,2,0,0,0,0,0.708999,2.0101607,1.9884232,4.373933,-2.5876207,0.73536754,0.68807757,-0.018045276,0.000000
37,2,0,0,0,0,0.662355,1.6927996,1.9269985,4.2781386,6.833643,0.7874762,4.0082383,0.054059993,0.000000
37,2,0,0,0,0,0.435365,2.0178602,2.41528,6.029288,-46.430565,-0.060780525,6.9709883,0.10279383,0.000000
38,2,0,0,0,0,0.888197,1.5497993,1.8651978,4.4030995,-38.305016,-0.33780557,3.0597093,0.043674413,0.000000
38,2,0,0,0,0,0.856679,1.577815,1.8773293,4.31291,-61.86161,-0.7893019,-1.3253795,0.095775776,0.000000
38,2,0,0,0,0,0.689959,2.0958223,2.0012336,4.3405156,-0.34268188,0.76813567,0.84276056,0.016832318,0.000000
38,2,0,0,0,0,0.613587,1.7271762,1.9671804,4.5627975,9.726234,0.77739394,4.074089,0.064158775,0.000000
38,2,0,0,0,0,0.320950,1.9762967,2.3432405,5.949012,-42.904263,-0.07696533,7.0394135,0.08275719,0.000000
39,2,0,0,0,0,0.871834,1.548351,1.8695368,4.423158,-37.767883,-0.3887214,3.1432133,0.03060929,0.000000
39,2,0,0,0,0,0.868466,1.553739,1.8675421,4.313579,-62.03372,-0.8328553,-1.3040855,0.10527328,0.000000
39,2,0,0,0,0,0.705306,1.8652534,1.9146048,4.1188445,-0.54320335,0.58045566,0.7879758,0.043349087,0.000000
39,2,0,0,0,0,0.663985,1.6979082,1.9264574,4.263274,9.929756,0.75072443,4.1138153,0.07897907,0.000000
39,2,0,0,0,0,0.431173,1.8882631,2.2762702,5.7834244,-42.68793,-0.2214103,7.0678945,0.11160703,0.000000
40,2,0,0,0,0,0.856823,1.6094034,1.913673,4.4394436,-62.317955,-0.85845983,-1.2877383,0.034896873,0.000000
40,2,0,0,0,0,0.747959,1.5371907,1.8976016,4.5551047,-37.331104,-0.3866096,3.0753493,0.040889822,0.000000
40,2,0,0,0,0,0.650690,1.7124898,1.9731586,4.3341484,10.316294,0.7734747,4.1180935,0.054160602,0.000000
40,2,0,0,0,0,0.616424,2.0256543,2.0139556,4.589792,-0.21437168,0.6579081,0.8122182,0.10047285,0.000000
40,2,0,0,0,0,0.493104,1.8781824,2.1756692,5.551102,-41.811775,-0.20310536,7.0387235,0.08459,0.000000
41,2,0,0,0,0,0.867083,1.568697,1.9034812,4.4538193,-62.44957,-0.89273524,-1.2630258,0.062271424,0.000000
41,2,0,0,0,0,0.865044,1.5636749,1.8920615,4.5509276,-37.18319,-0.41293365,3.0746791,0.033724952,0.000000
41,2,0,0,0,0,0.744965,2.128356,2.0396972,4.6153126,-0.26336098,0.7059152,0.7641275,0.0032752499,0.000000
41,2,0,0,0,0,0.547567,1.6513548,1.9168417,4.105464,10.416709,0.67975664,4.1577787,0.13948932,0.000000
41,2,0,0,0,0,0.483877,1.8862002,2.200885,5.418,-41.07215,-0.23252866,7.181386,0.0709842,0.000000
42,2,0,0,0,0,0.891234,1.5357218,1.8659539,4.4101744,-36.972336,-0.46828583,3.07306,0.030059732,0.000000
42,2,0,0,0,0,0.849369,1.590235,1.9210877,4.503124,-62.81745,-0.91742814,-1.297476,0.029852897,0.000000
42,2,0,0,0,0,0.768476,2.0489798,1.9936131,4.498529,-0.24098015,0.52854836,0.7441467,0.04621894,0.000000
42,2,0,0,0,0,0.625760,1.719512,1.9264624,4.282284,10.9677925,0.6544452,4.3701496,0.25762,0.000000
42,2,0,0,0,0,0.395863,1.9970932,2.3123446,5.9677553,-40.155914,-0.2094778,7.192504,0.100132525,0.000000
43,2,0,0,0,0,0.868922,1.5755466,1.9005432,4.466862,-63.01292,-0.95039123,-1.3690963,0.077561766,0.000000
43,2,0,0,0,0,0.804507,1.5225799,1.834036,4.3545184,-36.321198,-0.45118886,3.1089613,0.018251441,0.000000
43,2,0,0,0,0,0.751717,1.9994731,1.975379,4.446809,-0.3979683,0.5255196,0.84938896,0.08331239,0.000000
43,2,0,0,0,0,0.673920,1.7194014,1.9180865,4.2343016,11.255447,0.6622546,4.3157864,0.13354112,0.000000
43,2,0,0,0,0,0.505673,1.8716025,2.1844363,5.3421483,-39.724064,-0.29951662,7.1958303,0.08859722,0.000000
44,2,0,0,0,0,0.849235,1.5478368,1.8747516,4.4779305,-36.080643,-0.4023495,3.0969315,0.011409456,0.000000
44,2,0,0,0,0,0.844772,1.5553789,1.8985347,4.43487,-63.21714,-0.86507416,-1.2945137,0.06959397,0.000000
44,2,0,0,0,0,0.793201,2.0521579,1.989306,4.4889874,-0.3989334,0.51799506,0.7910867,0.04799495,0.000000
44,2,0,0,0,0,0.517964,1.6778684,1.9194922,4.1185813,11.695093,0.59938186,4.292741,0.10024603,0.000000
44,2,0,0,0,0,0.450424,1.8877513,2.210739,5.5813837,-38.657574,-0.13074194,7.2441106,0.08000627,0.000000
45,2,0,0,0,0,0.897052,1.5599579,1.867545,4.3938327,-35.7218,-0.3931877,3.1077251,0.019416796,0.000000
45,2,0,0,0,0,0.838038,1.5662093,1.9080366,4.419662,-63.316082,-0.8512119,-1.3136369,0.07174221,0.000000
45,2,0,0,0,0,0.785874,1.9237766,1.9423834,4.3251324,-0.31131172,0.400638,0.79369056,0.11103036,0.000000
45,2,0,0,0,0,0.700137,1.643481,1.8864877,4.258698,12.077606,0.5139361,4.1525917,0.04789284,0.000000
45,2,0,0,0,0,0.328994,1.9617405,2.2007446,5.2673993,-38.246582,-0.22759067,7.1732864,0.055251658,0.000000
46,2,0,0,0,0,0.872476,1.5363412,1.856266,4.366792,-35.363827,-0.3730002,3.1835594,0.007805261,0.000000
46,2,0,0,0,0,0.833343,1.601094,1.9097159,4.3511233,-63.444748,-0.8007884,-1.334984,0.06639781,0.000000
46,2,0,0,0,0,0.825890,1.7795627,1.8869925,4.119303,-0.6460333,0.36021265,0.79125535,0.05225722,0.000000
46,2,0,0,0,0,0.655052,1.6940916,1.9423153,4.2911496,12.3931265,0.5392324,4.2519417,0.09424144,0.000000
46,2,0,0,0,0,0.510500,1.9305038,2.242503,5.49063,-37.10534,-0.09421468,7.319521,0.099494785,0.000000
47,2,0,0,0,0,0.806012,1.5572505,1.8436173,4.1547046,-66.00965,-1.0553547,-1.4213936,0.05031923,0.000000
47,2,0,0,0,0,0.797272,1.7752714,1.88874,4.192728,-2.9489775,0.24747878,0.71867275,0.1323836,0.000000
47,2,0,0,0,0,0.760147,1.5179542,1.8945131,4.513976,-37.207214,-0.5495488,3.020014,0.0071576997,0.000000
47,2,0,0,0,0,0.561650,1.7272234,1.9986904,4.3149548,10.672072,0.51780826,4.039096,0.0125423,0.000000
47,2,0,0,0,0,0.431139,1.8971848,2.2136316,5.7110744,-38.30667,-0.23921551,7.1343036,0.0925094,0.000000
48,2,0,0,0,0,0.884689,1.5380464,1.854249,4.348643,-34.673767,-0.5078333,3.0801957,0.036250208,0.000000
48,2,0,0,0,0,0.774642,1.9276338,1.9740282,4.4043465,-0.20276451,0.4808192,0.7219703,0.031643085,0.000000
48,2,0,0,0,0,0.770602,1.5922964,1.8811735,4.237013,-63.87192,-1.1386606,-1.3168722,0.04000135,0.000000
48,2,0,0,0,0,0.687132,1.7838634,2.0162487,4.714928,13.573855,0.63644576,4.3157096,0.05160928,0.000000
48,2,0,0,0,0,0.491813,1.9616401,2.2723584,5.6255684,-35.47345,-0.28087986,7.239931,0.06248772,0.000000
49,2,0,0,0,0,0.897043,1.5415301,1.8314635,4.20178,-34.281864,-0.4770355,3.1592417,0.019911531,0.000000
49,2,0,0,0,0,0.739959,2.127624,2.015028,4.469884,-0.19596863,0.58732283,0.86234087,0.054741982,0.000000
49,2,0,0,0,0,0.706836,1.5990226,1.8848065,4.2547655,-64.08284,-1.0576664,-1.282395,0.042722322,0.000000
49,2,0,0,0,0,0.683486,1.6903524,1.9298847,4.3419423,13.57112,0.5499918,4.2576413,0.084692314,0.000000
49,2,0,0,0,0,0.436090,1.9371431,2.2850916,5.929082,-34.471603,-0.11409782,7.2804236,0.11212324,0.000000
50,2,0,0,0,0,0.769414,1.4938387,1.8104786,4.314016,-33.877144,-0.5536352,3.1411376,-0.0015936521,0.000000
50,2,0,0,0,0,0.760598,2.0386994,1.9928067,4.3817744,-0.3144226,0.61806977,0.7490831,0.0012396285,0.000000
50,2,0,0,0,0,0.726621,1.6281648,1.8840274,4.1298923,-64.19653,-1.2061523,-1.4061693,0.104693405,0.000000
50,2,0,0,0,0,0.506660,1.8772416,2.2030709,5.3287764,-34.007298,-0.21061657,7.188936,0.07767076,0.000000
50,2,0,0,0,0,0.420015,1.7034775,2.0124938,4.5331,13.8474655,0.61258894,4.2079067,0.046381153,0.000000
51,2,0,0,0,0,0.831100,1.5256692,1.8651536,4.4464135,-33.714096,-0.55059636,3.105186,0.0013546669,0.000000
51,2,0,0,0,0,0.696909,2.0496054,2.0186448,4.35221,-0.34736252,0.5579537,0.69279546,-0.04246974,0.000000
51,2,0,0,0,0,0.660442,1.6633382,1.9321377,4.5219245,-64.60204,-1.2146615,-1.376917,0.09959639,0.000000
51,2,0,0,0,0,0.579171,1.8505573,2.198131,5.485633,-33.153797,-0.17835088,7.26441,0.10716453,0.000000
51,2,0,0,0,0,0.340418,1.63006,1.9106085,4.1431017,13.73528,0.59679556,4.3753037,0.15803155,0.000000
52,2,0,0,0,0,0.878109,1.5611601,1.8845545,4.479306,-33.368034,-0.534031,3.194092,0.008738653,0.000000
52,2,0,0,0,0,0.773139,1.6357507,1.9127214,4.4353485,-64.80912,-1.2494152,-1.37184,0.10343056,0.000000
52,2,0,0,0,0,0.668525,2.0255733,1.9696747,4.2734027,-0.41409397,0.62591463,0.80709505,-0.058713943,0.000000
52,2,0,0,0,0,0.466442,1.9793046,2.2981622,5.4781694,-32.46492,-0.23188363,7.2121286,0.08780022,0.000000
52,2,0,0,0,0,0.437143,1.6684105,1.9519522,4.4887543,14.682506,0.6872196,4.154693,0.080973566,0.000000
53,2,0,0,0,0,0.895549,1.5604897,1.8430938,4.2739863,-32.981304,-0.55674773,3.2519197,0.0053252727,0.000000
53,2,0,0,0,0,0.791507,1.6291623,1.8989676,4.372539,-64.94384,-1.2559953,-1.3524821,0.027131245,0.000000
53,2,0,0,0,0,0.700770,2.069139,1.9884912,4.331399,-0.546154,0.5322629,0.83037055,0.033084087,0.000000
53,2,0,0,0,0,0.530794,1.8998281,2.25256,5.490261,-31.51708,-0.15754762,7.305359,0.09460966,0.000000
53,2,0,0,0,0,0.420319,1.7483697,2.008677,4.389341,15.059332,0.6511407,4.099019,-0.06821818,0.000000
54,2,0,0,0,0,0.808481,1.6178403,1.8823206,4.3215203,-65.03302,-1.7377414,-1.4295146,0.01686762,0.000000
54,2,0,0,0,0,0.757511,1.55485,1.9139173,4.602118,-32.49066,-0.7929413,3.1151748,0.03347494,0.000000
54,2,0,0,0,0,0.706215,2.118504,2.0516915,4.6704884,-0.2016344,0.4820055,0.71447086,0.057579882,0.000000
54,2,0,0,0,0,0.412107,1.9570985,2.28014,5.4869595,-30.988178,-0.3896668,7.2077518,0.10825016,0.000000
54,2,0,0,0,0,0.318854,1.6141939,1.9573216,4.2532997,15.205438,0.6962161,4.12579,-0.018919947,0.000000
54,2,0,0,0,0,0.215704,1.6345499,1.9039291,4.2812147,5.7776136,0.22643057,-8.642599,-0.063979834,0.000000
55,2,0,0,0,0,0.878991,1.5789258,1.8773891,4.4160566,-32.28379,-0.70739985,3.116495,0.037756987,0.000000
55,2,0,0,0,0,0.834689,1.6587627,1.9152057,4.4344263,-65.24504,-1.5268308,-1.4470897,0.054990526,0.000000
55,2,0,0,0,0,0.665510,1.6320192,1.8866801,4.167658,-0.36663246,0.17890781,0.79161966,0.005970314,0.000000
55,2,0,0,0,0,0.595952,1.8674911,2.2276292,5.456986,-29.992117,-0.32081002,7.1967664,0.10386289,0.000000
55,2,0,0,0,0,0.394288,1.7364985,2.0257354,4.6026764,15.875437,0.6153721,4.2805643,0.18065357,0.000000
56,2,0,0,0,0,0.896915,1.5421144,1.840706,4.2446003,-31.976646,-0.7260314,3.163153,0.05283694,0.000000
56,2,0,0,0,0,0.844459,1.5780784,1.873689,4.2851963,-65.46232,-1.6123397,-1.4767385,0.05863514,0.000000
56,2,0,0,0,0,0.698202,2.1498442,2.0515757,4.6351004,-0.29297543,0.5224337,0.6983711,-0.025730297,0.000000
56,2,0,0,0,0,0.584594,1.7904221,1.9933007,4.4568143,16.240437,0.66594195,4.258577,0.09413399,0.000000
56,2,0,0,0,0,0.486679,1.9507058,2.2602324,5.6915436,-28.939503,-0.24866617,7.181406,0.10059941,0.000000
57,2,0,0,0,0,0.865314,1.5424824,1.7962604,4.0850587,-31.61419,-0.7400145,3.2383192,0.06792804,0.000000
57,2,0,0,0,0,0.854699,1.632458,1.8926319,4.29952,-65.56861,-1.7013264,-1.4805453,0.060258284,0.000000
57,2,0,0,0,0,0.769303,1.9773535,1.9802775,4.4801407,-0.3034954,0.42744333,0.727427,0.109180756,0.000000
57,2,0,0,0,0,0.564205,1.907033,2.2565656,5.5198193,-28.38174,-0.3609819,7.1810575,0.08889093,0.000000
57,2,0,0,0,0,0.482115,1.7390156,1.9854325,4.3429112,16.534721,0.6630022,4.2386065,0.123197086,0.000000
58,2,0,0,0,0,0.839778,1.644975,1.8916917,4.2573614,-65.669395,-1.9563601,-1.550747,0.02046534,0.000000
58,2,0,0,0,0,0.826068,2.1176848,2.0179896,4.5242567,-0.2528515,0.37911886,0.78128654,0.04066883,0.000000
58,2,0,0,0,0,0.760131,1.5606084,1.8356895,4.090389,-31.279095,-0.95007944,3.259151,0.08506965,0.000000
58,2,0,0,0,0,0.590680,1.9242978,2.28154,5.683058,-27.270943,-0.51538855,7.202677,0.094696276,0.000000
58,2,0,0,0,0,0.491685,1.8149062,2.0330749,4.6791553,17.125875,0.6479038,4.3558474,0.05562907,0.000000
59,2,0,0,0,0,0.865457,1.5410385,1.8616939,4.326515,-31.006075,-0.8096378,3.2642484,-0.01571682,0.000000
59,2,0,0,0,0,0.863630,1.6596317,1.9064258,4.3486423,-65.92911,-1.4767928,-1.5228755,-0.013697274,0.000000
59,2,0,0,0,0,0.822803,2.1327734,2.0215888,4.5221786,-0.31306934,0.2880305,0.76706266,0.019546676,0.000000
59,2,0,0,0,0,0.509589,1.7089988,1.9851787,4.518142,17.360271,0.25417492,4.252081,0.021661853,0.000000
59,2,0,0,0,0,0.504161,1.935745,2.243617,5.5240855,-26.770088,-0.42405576,7.143897,0.089207575,0.000000
60,2,0,0,0,0,0.864508,1.6510468,1.8927667,4.3089104,-65.69007,-1.2332146,-1.5734758,0.030952783,0.000000
60,2,0,0,0,0,0.861252,1.5901175,1.8839321,4.3867702,-30.019577,-0.74475765,3.372037,0.009022268,0.000000
60,2,0,0,0,0,0.737057,2.0825844,2.0074759,4.470798,0.1610117,0.22124869,0.78940225,-0.019828904,0.000000
60,2,0,0,0,0,0.617050,1.887146,2.1965463,5.395472,-25.438688,-0.34327254,7.19257,0.08041842,0.000000
60,2,0,0,0,0,0.394750,1.7225723,2.0158534,4.416709,18.281704,0.21080938,4.26348,0.013770676,0.000000
61,2,0,0,0,0,0.864655,1.6210252,1.8879322,4.298447,-66.36585,-1.5902643,-1.6227839,0.024857903,0.000000
61,2,0,0,0,0,0.822822,1.5642583,1.8334917,4.2188764,-30.344593,-0.87195665,3.3508904,-0.03743008,0.000000
61,2,0,0,0,0,0.745394,2.091591,2.0168447,4.4791813,-0.33495426,0.2535483,0.7219322,-0.031242985,0.000000
61,2,0,0,0,0,0.481600,1.8837891,2.1270738,5.068984,-25.445753,-0.48743224,7.053566,0.097637095,0.000000
61,2,0,0,0,0,0.392445,1.7409124,2.0540428,4.8111897,18.507624,0.3294754,4.252247,-0.020517018,0.000000
62,2,0,0,0,0,0.867921,1.6587334,1.9258171,4.424759,-66.59247,-1.7252752,-1.6905577,0.040475257,0.000000
62,2,0,0,0,0,0.798843,2.1385283,2.0169353,4.4901342,-0.25561428,0.21819833,0.7617998,0.010925296,0.000000
62,2,0,0,0,0,0.782000,1.5592442,1.8781881,4.3981094,-29.98103,-0.94940436,3.2758045,-0.0074579986,0.000000
62,2,0,0,0,0,0.686028,1.7492969,2.031985,4.906267,-24.493399,-0.5649471,7.1019254,0.07591444,0.000000
62,2,0,0,0,0,0.515463,1.6531345,1.9825249,4.4835715,18.530357,0.21837483,4.2516813,0.019053916,0.000000
63,2,0,0,0,0,0.881654,1.5319841,1.8646545,4.344898,-29.675676,-0.79724896,3.2662568,-0.009288908,0.000000
63,2,0,0,0,0,0.866680,1.6061054,1.9009501,4.3661942,-66.759125,-1.432202,-1.627836,0.06235742,0.000000
63,2,0,0,0,0,0.786325,2.1054146,2.008667,4.5062532,-0.21875572,0.2567812,0.84265316,0.07863341,0.000000
63,2,0,0,0,0,0.492906,1.8294954,2.1038356,5.315995,-23.5768,-0.34760615,7.067956,0.0889088,0.000000
63,2,0,0,0,0,0.462142,1.6040138,1.9283882,4.2798257,18.71505,0.09051725,4.4283953,0.04568644,0.000000
64,2,0,0,0,0,0.868526,1.5183854,1.8605242,4.3475294,-29.19841,-0.65647006,3.3459558,-0.023707366,0.000000
64,2,0,0,0,0,0.842044,1.5816145,1.8768258,4.292121,-66.93055,-1.1601939,-1.6372994,0.07000349,0.000000
64,2,0,0,0,0,0.787494,2.0166566,1.9658775,4.3246336,-0.13127518,0.2896656,0.78820515,0.019554976,0.000000
64,2,0,0,0,0,0.690526,1.7402973,1.9903966,4.69768,-23.178028,-0.32606763,7.068074,0.079677045,0.000000
64,2,0,0,0,0,0.343157,1.8023632,1.9825227,4.253863,19.375954,0.18792611,4.8680935,0.21023381,0.000000
65,2,0,0,0,0,0.811237,1.5767145,1.8657761,4.230682,-67.13726,-1.539238,-1.6217263,-0.020796562,0.000000
65,2,0,0,0,0,0.796227,1.559474,1.8138056,4.1643786,-28.951385,-0.68878984,3.3819513,-0.047129348,0.000000
65,2,0,0,0,0,0.733692,1.9706814,1.9797313,4.3788924,-0.07350254,0.28948605,0.75405717,-0.011115052,0.000000
65,2,0,0,0,0,0.467691,1.7983863,2.038956,4.9348,-22.163012,-0.24796028,7.1130085,0.06213335,0.000000
65,2,0,0,0,0,0.344258,1.8863926,2.0150728,4.6694365,19.929342,0.43389368,4.7282634,0.2127108,0.000000
66,2,0,0,0,0,0.823479,1.587793,1.8909222,4.415278,-28.604477,-0.73197997,3.4078574,-0.023537762,0.000000
66,2,0,0,0,0,0.793532,1.5690913,1.8761535,4.2893887,-67.251144,-1.802795,-1.6263666,0.027416915,0.000000
66,2,0,0,0,0,0.779258,2.0740755,1.9860406,4.399829,-0.3385439,0.29853365,0.65720034,-0.0072388137,0.000000
66,2,0,0,0,0,0.573404,1.8579044,2.130587,5.029128,-21.323696,-0.28646094,7.182106,0.0703448,0.000000
66,2,0,0,0,0,0.433294,1.8076848,2.0064468,4.492682,20.099815,0.62014765,4.3860383,0.05880384,0.000000
67,2,0,0,0,0,0.870715,1.5467634,1.8863702,4.449414,-28.218727,-0.90746754,3.397573,-0.029561387,0.000000
67,2,0,0,0,0,0.780595,1.6661787,1.8923641,4.1219726,-67.39446,-1.7744586,-1.6429722,0.04109843,0.000000
67,2,0,0,0,0,0.680898,1.7833724,1.9208918,4.260678,-0.2227459,-0.004945725,0.73288167,-0.007225423,0.000000
67,2,0,0,0,0,0.546826,1.8447175,2.086737,4.958713,-20.396843,-0.40480542,7.1426497,0.08483522,0.000000
67,2,0,0,0,0,0.441792,1.8380232,1.9981104,4.4316278,20.51073,0.38848498,4.8234067,0.18673852,0.000000
68,2,0,0,0,0,0.856008,1.539044,1.8538074,4.289122,-27.774216,-0.92885154,3.4349089,-0.029278832,0.000000
68,2,0,0,0,0,0.777572,1.6783587,1.9250282,4.4570785,-67.714485,-1.6279687,-1.6315986,0.017027084,0.000000
68,2,0,0,0,0,0.746839,2.0474977,1.9964764,4.355876,-0.32378864,0.0473828,0.6774858,-0.03424048,0.000000
68,2,0,0,0,0,0.439475,1.8221537,2.0301192,4.6616764,-19.796286,-0.48322242,7.119529,0.04083459,0.000000
68,2,0,0,0,0,0.338189,1.9367812,2.0613537,5.033633,21.4345,0.23677048,4.82103,0.18724227,0.000000
69,2,0,0,0,0,0.802891,1.6525202,1.9297186,4.4998264,-67.88641,-1.5660299,-1.6077156,-0.002901415,0.000000
69,2,0,0,0,0,0.722014,2.0481122,1.9942986,4.26425,-0.36786556,0.06935638,0.7597573,0.00023140176,0.000000
69,2,0,0,0,0,0.711652,1.5415066,1.8027816,4.13388,-27.557114,-0.84610593,3.4664125,-0.013303254,0.000000
69,2,0,0,0,0,0.475892,1.7288973,1.9891716,4.54643,-18.95222,-0.39725345,7.133601,0.006488182,0.000000
69,2,0,0,0,0,0.397817,1.8384762,2.011456,4.65237,21.647823,0.12770548,4.8568397,0.18715404,0.000000
70,2,0,0,0,0,0.861903,1.5129836,1.8494425,4.2919474,-27.19837,-0.89245784,3.3869493,-0.033420727,0.000000
70,2,0,0,0,0,0.806445,1.7221028,1.9465966,4.49809,-67.98981,-1.5121108,-1.595385,0.004555814,0.000000
70,2,0,0,0,0,0.666042,2.0143037,1.9761107,4.2559395,-0.29960918,0.022433847,0.77406156,0.008404244,0.000000
70,2,0,0,0,0,0.442372,1.7539356,2.018367,4.708,-18.086761,-0.45983338,6.8999763,-0.0094010625,0.000000
70,2,0,0,0,0,0.403435,1.8489085,1.99789,4.496376,21.749651,0.10248907,4.8467026,0.24571946,0.000000
71,2,0,0,0,0,0.889990,1.4972411,1.814187,4.115922,-26.975508,-0.8676535,3.3990119,-0.007851303,0.000000
71,2,0,0,0,0,0.826607,1.6715612,1.9253377,4.4259744,-68.17212,-1.6143706,-1.611785,0.020948846,0.000000
71,2,0,0,0,0,0.587047,1.6907625,1.8710139,4.0231104,-0.47205257,-0.12351856,0.8103953,0.02683505,0.000000
71,2,0,0,0,0,0.504541,1.7432177,2.003301,4.613971,-17.37656,-0.410338,7.0947504,0.014905578,0.000000
71,2,0,0,0,0,0.232382,1.8350546,2.0506597,4.554014,22.181702,0.060423568,4.9725237,0.23208255,0.000000
71,2,0,0,0,0,0.208003,2.2664425,2.338421,5.476061,17.260338,0.46912006,-24.665081,-0.2891178,0.000000
72,2,0,0,0,0,0.862729,1.51347,1.8095334,4.0856943,-26.48403,-0.8790739,3.4702826,-0.028369542,0.000000
72,2,0,0,0,0,0.832149,1.6641912,1.9340684,4.4841595,-68.4429,-1.6665413,-1.5708139,0.004968241,0.000000
72,2,0,0,0,0,0.690694,2.118315,2.0495021,4.6231265,-0.049987793,0.04321158,0.79039943,0.07336246,0.000000
72,2,0,0,0,0,0.302748,1.8670895,2.1635003,5.0314474,-16.603006,-0.4427765,7.2069535,-0.02924502,0.000000
72,2,0,0,0,0,0.243209,2.2020636,2.530422,5.378192,23.40812,0.061015666,5.4513597,0.112603456,0.000000
73,2,0,0,0,0,0.868115,1.6246028,1.9110429,4.435577,-68.43661,-2.0398045,-1.5664457,0.041224062,0.000000
73,2,0,0,0,0,0.719558,1.5237786,1.8717659,4.405595,-26.000925,-0.97172976,3.4872184,0.026206018,0.000000
73,2,0,0,0,0,0.655069,2.0881147,2.0313828,4.5714436,-0.13192558,0.063679785,0.79847074,0.06508724,0.000000
73,2,0,0,0,0,0.261845,1.8415103,2.0455973,4.881604,-15.692146,-0.39738637,6.9035974,-0.072796926,0.000000
73,2,0,0,0,0,0.211152,2.1206973,2.5108805,5.365296,23.295734,0.2517212,5.6358414,0.5386131,0.000000
74,2,0,0,0,0,0.869964,1.579768,1.8463584,4.1984296,-25.783737,-0.952628,3.5041094,0.0018531212,0.000000
74,2,0,0,0,0,0.838016,1.6808724,1.9065304,4.306713,-68.45791,-1.7788464,-1.5535469,0.008046087,0.000000
74,2,0,0,0,0,0.692652,2.2045512,2.0744357,4.7093835,-0.14842796,-0.122823745,0.73850954,0.0798798,0.000000
74,2,0,0,0,0,0.236610,1.9135538,2.0806644,4.6891546,-15.156101,-0.4324382,7.1134253,-0.12899464,0.000000
75,2,0,0,0,0,0.895443,1.4899036,1.8468314,4.292307,-25.366816,-1.065458,3.509598,-0.003526206,0.000000
75,2,0,0,0,0,0.856473,1.6370722,1.8842382,4.286461,-68.556244,-1.4622499,-1.5171759,0.047388423,0.000000
75,2,0,0,0,0,0.727891,1.9197559,1.9999557,4.6186953,-0.13170052,-0.4700477,0.81293845,0.008447084,0.000000
75,2,0,0,0,0,0.291230,1.7938441,2.1158822,5.2326007,-13.919546,-0.6047009,7.0677395,-0.039313555,0.000000
75,2,0,0,0,0,0.201101,2.0077405,2.036869,4.789333,-44.54943,-0.9695374,-10.395893,-0.08341265,0.000000
76,2,0,0,0,0,0.866681,1.6818974,1.9344597,4.425026,-68.92516,-1.5678035,-1.5429608,0.012928925,0.000000
76,2,0,0,0,0,0.840181,1.4437666,1.8326299,4.3104095,-24.953342,-1.0646509,3.5349092,-0.027804723,0.000000
76,2,0,0,0,0,0.735634,2.000872,2.0034084,4.533465,-0.17526054,-0.26401106,0.705863,-0.030688504,0.000000
76,2,0,0,0,0,0.238980,1.8671646,2.0574632,5.3272915,-12.763987,-0.4906896,7.5813875,0.0069262576,0.000000
77,2,0,0,0,0,0.865712,1.6382711,1.9074612,4.3490877,-71.40794,-1.9975709,-1.6258432,-0.0022118322,0.000000
77,2,0,0,0,0,0.738839,1.651777,1.8757366,4.1610312,-2.6392498,-0.5410533,0.70167094,-0.018436825,0.000000
77,2,0,0,0,0,0.720596,1.4859965,1.8520701,4.335963,-26.950756,-1.2066858,3.539872,0.026417093,0.000000
77,2,0,0,0,0,0.261314,1.8373342,2.0981987,4.967926,-14.757719,-0.6118941,7.0574226,-0.04300271,0.000000
78,2,0,0,0,0,0.887408,1.5104101,1.8523117,4.3332505,-24.292656,-1.0329471,3.5366385,-0.0020336225,0.000000
78,2,0,0,0,0,0.851886,1.7207832,1.9748808,4.51984,-69.18921,-1.4512924,-1.5407306,0.025688082,0.000000
78,2,0,0,0,0,0.644173,1.9807577,2.0074463,4.549258,-0.2373972,-0.45912245,0.8437535,0.041144677,0.000000
78,2,0,0,0,0,0.252994,1.8146975,2.0830202,5.027253,-11.222809,-0.5736129,7.2324114,-0.049516413,0.000000
79,2,0,0,0,0,0.890373,1.4836049,1.8628552,4.406088,-23.872139,-1.0506768,3.5672421,0.013797868,0.000000
79,2,0,0,0,0,0.815264,1.7642365,2.0072575,4.5357304,-69.44748,-1.6627829,-1.5864995,0.018527746,0.000000
79,2,0,0,0,0,0.657799,1.5925587,1.9254478,4.369048,-0.15638828,-0.74616456,0.6050975,-0.03218843,0.000000
79,2,0,0,0,0,0.372170,1.669601,2.0024445,4.8558354,-10.833595,-0.492601,7.1748586,-0.03361521,0.000000
79,2,0,0,0,0,0.227132,1.6970549,1.9740348,4.4648976,6.9826803,-0.5786664,-13.549627,-0.13876373,0.000000
80,2,0,0,0,0,0.853433,1.580148,1.8859774,4.3749623,-69.325935,-1.6920571,-1.5301107,0.03649477,0.000000
80,2,0,0,0,0,0.829802,1.5217525,1.8313154,4.1821055,-23.500233,-0.792635,3.5435834,-0.046644494,0.000000
80,2,0,0,0,0,0.753446,1.9339957,1.9668424,4.417293,-0.27294827,-0.012956426,0.7520262,0.008856796,0.000000
80,2,0,0,0,0,0.320266,1.8418455,2.1244388,5.101143,-9.645312,-0.09205061,7.1755085,-0.0386082,0.000000
80,2,0,0,0,0,0.243282,1.7647529,1.91624,4.348062,17.564571,0.24188593,1.524276,0.13114922,0.000000
81,2,0,0,0,0,0.849822,1.5552402,1.8688667,4.3305497,-69.51324,-1.6504636,-1.5626882,0.025672263,0.000000
81,2,0,0,0,0,0.749509,1.4779115,1.7679589,4.0713086,-23.33422,-0.7984251,3.5295906,-0.042574935,0.000000
81,2,0,0,0,0,0.722813,2.145691,2.052471,4.621447,-0.26841164,0.06799066,0.726285,-0.047102306,0.000000
81,2,0,0,0,0,0.411904,1.8009555,1.9952868,4.6453676,-9.275275,-0.10569984,7.1503587,-0.08430414,0.000000
81,2,0,0,0,0,0.214570,1.6495918,1.9946812,4.7804976,-38.183502,-1.7889118,-28.5474,-0.5199351,0.000000
82,2,0,0,0,0,0.855635,1.4830029,1.8312081,4.2268324,-23.033905,-0.93378,3.4881,-0.017477855,0.000000
82,2,0,0,0,0,0.781029,1.625848,1.8901439,4.2872543,-69.73101,-1.8809444,-1.5007187,0.03930389,0.000000
82,2,0,0,0,0,0.734235,2.136664,2.058651,4.6321898,-0.36109543,0.013410628,0.7042487,-0.056516506,0.000000
82,2,0,0,0,0,0.298747,2.011661,2.227753,5.4273767,-8.143242,-0.084585056,6.8526106,-0.046383083,0.000000
83,2,0,0,0,0,0.866464,1.4955161,1.8904065,4.535455,-22.424316,-1.0192134,3.569594,0.00902077,0.000000
83,2,0,0,0,0,0.746260,1.576759,1.871995,4.177053,-69.85057,-2.394586,-1.5352169,0.041897506,0.000000
83,2,0,0,0,0,0.743913,2.0915804,2.01593,4.5298557,-0.38643932,0.07344058,0.7879096,0.018399939,0.000000
83,2,0,0,0,0,0.368436,1.791379,2.0350866,4.7378554,-7.717455,-0.11600277,7.170014,-0.05968315,0.000000
84,2,0,0,0,0,0.776988,1.6097217,1.862822,4.2200513,-22.065155,-0.52769387,3.6543648,0.03672967,0.000000
84,2,0,0,0,0,0.776428,2.0029466,1.9784329,4.4244976,-0.39915943,0.38447124,0.7394575,-0.05568868,0.000000
84,2,0,0,0,0,0.728916,1.5952519,1.879365,4.146323,-69.88817,-2.468844,-1.5392239,0.02777661,0.000000
84,2,0,0,0,0,0.262516,1.4611088,1.8336482,4.1578727,-6.335124,-1.1521689,-34.10069,-0.47538742,0.000000
84,2,0,0,0,0,0.210334,1.8606155,1.9509624,4.434627,-7.6862946,0.14013639,7.732965,0.17478414,0.000000
85,2,0,0,0,0,0.802891,1.6181061,1.9164054,4.513023,-70.22395,-2.3119678,-1.529786,0.04576888,0.000000
85,2,0,0,0,0,0.784249,2.0919318,2.017231,4.5532327,-0.28966618,0.44623303,0.6568202,0.094202064,0.000000
85,2,0,0,0,0,0.693170,1.5431094,1.7963156,3.9345534,-21.956085,-0.40197346,3.6713994,0.023521122,0.000000
85,2,0,0,0,0,0.402011,1.9243212,1.990611,4.539608,-6.072301,0.37543267,7.104378,-0.012933953,0.000000
85,2,0,0,0,0,0.230413,2.1119418,2.1004057,4.969156,4.545761,0.31428882,-14.875738,0.029851114,0.000000
86,2,0,0,0,0,0.885801,1.5516677,1.7965965,3.9306674,-21.568655,-0.59091103,3.5955827,0.03601349,0.000000
86,2,0,0,0,0,0.798049,2.1505165,2.0488496,4.627537,-0.23130608,0.27918383,0.6783291,0.014061432,0.000000
86,2,0,0,0,0,0.762744,1.5682328,1.8784457,4.378176,-70.29024,-2.3554626,-1.4715004,0.0164949,0.000000
86,2,0,0,0,0,0.731889,1.9397144,2.1168625,4.963591,-96.99298,-2.965983,1.1658581,0.12285121,0.000000
86,2,0,0,0,0,0.277893,1.6610422,2.0131507,4.5132737,-57.31132,-2.0373654,-27.854977,1.0573575,0.000000
86,2,0,0,0,0,0.255302,1.9867626,1.9833648,4.558163,-5.146617,0.19266713,7.0392504,-0.028067812,0.000000
87,2,0,0,0,0,0.875608,1.5374599,1.8039787,4.0041714,-23.617846,-0.8744248,3.5222,0.008709101,0.000000
87,2,0,0,0,0,0.814651,1.785861,1.996009,4.6302543,-72.802086,-2.1977496,-1.6221477,0.010804256,0.000000
87,2,0,0,0,0,0.745499,2.0208821,1.9950434,4.4967365,-2.6028976,0.015716553,0.651464,0.01999053,0.000000
87,2,0,0,0,0,0.303205,1.9242837,2.044496,4.744761,-6.8287525,-0.03505245,7.1926117,-0.039304886,0.000000
87,2,0,0,0,0,0.218787,1.643,2.0105026,4.5257053,-62.635998,-2.0768745,-27.885674,1.4427344,0.000000
88,2,0,0,0,0,0.826409,1.6220251,1.910293,4.40499,-70.44251,-2.043155,-1.5694778,0.00734987,0.000000
88,2,0,0,0,0,0.809370,1.4762826,1.8501617,4.3744926,-20.643082,-0.9905407,3.5506246,-0.010867313,0.000000
88,2,0,0,0,0,0.793740,2.0988166,2.0104463,4.453675,-0.15193939,-0.083633885,0.7286726,-0.04284028,0.000000
88,2,0,0,0,0,0.558254,1.9256244,2.2455564,5.5148416,-96.935394,-2.4670496,1.1342312,0.08377475,0.000000
88,2,0,0,0,0,0.333898,1.9754531,2.0423648,4.702552,-3.57792,-0.12239538,7.0144053,-0.1032435,0.000000
89,2,0,0,0,0,0.817126,1.7368511,1.9481691,4.418108,-70.65721,-1.9096861,-1.6168804,0.025735117,0.000000
89,2,0,0,0,0,0.768069,1.5026922,1.8662624,4.351072,-20.232546,-0.81617033,3.5798955,-0.019635372,0.000000
89,2,0,0,0,0,0.753284,1.8858203,2.1954036,5.456442,-96.32131,-2.5369508,1.064481,0.110263765,0.000000
89,2,0,0,0,0,0.738587,2.0864487,2.0181198,4.5312376,-0.23273945,0.04585001,0.7746425,0.05663132,0.000000
89,2,0,0,0,0,0.408262,1.9534926,1.9937515,4.4995975,-3.4818525,0.023669988,7.030953,0.050654903,0.000000
90,2,0,0,0,0,0.875630,1.5433284,1.8148128,4.0420203,-20.055841,-0.6545589,3.617393,0.05536104,0.000000
90,2,0,0,0,0,0.844103,1.6478415,1.9272575,4.48144,-70.7727,-1.9318732,-1.6273566,0.04736554,0.000000
90,2,0,0,0,0,0.812086,2.1376781,2.0099373,4.4946194,-0.21240902,0.11302498,0.75935555,0.046452183,0.000000
90,2,0,0,0,0,0.752931,1.9299698,2.1570644,5.3076863,-96.256744,-2.4440138,1.1042196,0.09923772,0.000000
90,2,0,0,0,0,0.308564,1.9639237,1.9911243,4.548971,-1.9033117,0.17519793,7.093065,-0.019210638,0.000000
91,2,0,0,0,0,0.886150,1.5315654,1.8443774,4.236568,-19.562092,-0.71091074,3.5333557,0.0064227227,0.000000
91,2,0,0,0,0,0.854438,1.6253961,1.9268668,4.4953537,-70.82756,-1.9765667,-1.6806388,-0.0065762363,0.000000
91,2,0,0,0,0,0.737973,2.0321174,2.0023198,4.4657907,-0.32415962,0.11133912,0.71361756,0.032422118,0.000000
91,2,0,0,0,0,0.690911,1.8894901,2.1187518,5.1681194,-96.14314,-2.4882748,1.0379833,0.09705293,0.000000
92,2,0,0,0,0,0.849881,1.5579541,1.8311677,4.0974836,-19.218315,-0.7392736,3.546131,-0.054285705,0.000000
92,2,0,0,0,0,0.841421,1.8471918,1.99329,4.515833,-70.89485,-1.7387712,-1.6883237,0.0081667835,0.000000
92,2,0,0,0,0,0.802656,2.1063473,2.0052836,4.482023,-0.27689648,-0.04123564,0.73513734,0.029777672,0.000000
92,2,0,0,0,0,0.610649,1.9015297,2.169289,5.135681,-95.79087,-2.3283134,1.0630604,0.065993115,0.000000
92,2,0,0,0,0,0.373479,1.9796,2.004597,4.588911,-0.4365425,0.10724333,6.978283,-0.05607083,0.000000
93,2,0,0,0,0,0.859773,1.6361673,1.8893261,4.2930865,-70.90761,-1.8275815,-1.7206707,0.008207311,0.000000
93,2,0,0,0,0,0.772248,2.0749729,2.012733,4.499568,-0.23687649,-0.19601513,0.72451806,0.0419811,0.000000
93,2,0,0,0,0,0.747605,1.5502918,1.8660076,4.246709,-18.762373,-0.8397203,3.65268,0.030622117,0.000000
93,2,0,0,0,0,0.581187,1.8925964,2.2435887,5.2367783,-95.71477,-2.1922936,1.0580976,0.010931293,0.000000
93,2,0,0,0,0,0.383853,1.9514908,2.028836,4.6578703,0.2057705,-0.024755672,7.175382,-0.061863244,0.000000
93,2,0,0,0,0,0.209065,1.5494893,1.9122326,4.4376645,3.0974283,-0.8891548,-17.276384,-0.40338212,0.000000
94,2,0,0,0,0,0.876023,1.5820767,1.8277246,3.9572535,-18.60207,-0.8496694,3.6708963,0.08621525,0.000000
94,2,0,0,0,0,0.867525,1.663115,1.9055926,4.3487825,-70.997345,-1.6130056,-1.6560519,0.068123475,0.000000
94,2,0,0,0,0,0.713739,1.8365383,1.9554759,4.2897134,-0.25888634,-0.41764563,0.6755061,-0.0010563652,0.000000
94,2,0,0,0,0,0.642517,1.9520502,2.2548623,5.4983506,-95.74141,-1.8479048,1.0499372,0.07552758,0.000000
94,2,0,0,0,0,0.432913,1.944746,2.054369,4.8353767,1.2298069,-0.16019289,7.19983,-0.05640729,0.000000
95,2,0,0,0,0,0.872963,1.5720863,1.8652508,4.261755,-18.102467,-0.7236204,3.6081977,0.006862786,0.000000
95,2,0,0,0,0,0.859960,1.6822907,1.9291072,4.4279394,-71.11772,-1.8153663,-1.7242736,0.021115692,0.000000
95,2,0,0,0,0,0.772621,1.9010973,2.1844392,5.263061,-95.33772,-2.2789867,0.9543476,0.09885562,0.000000
95,2,0,0,0,0,0.749873,2.074407,2.0035586,4.493327,-0.27807522,-0.0055357367,0.8425162,0.08942128,0.000000
95,2,0,0,0,0,0.290713,1.8444443,1.947198,4.428823,1.5690994,0.042841047,7.301058,-0.05588252,0.000000
96,2,0,0,0,0,0.864814,1.5365736,1.81387,3.9306695,-18.028992,-0.57241297,3.6156788,0.041773785,0.000000
96,2,0,0,0,0,0.851542,1.5937338,1.8945227,4.3880587,-71.23628,-1.9549403,-1.7434481,0.01895975,0.000000
96,2,0,0,0,0,0.793028,2.1020355,1.9997857,4.5166287,-0.1292305,0.033580214,0.70732284,0.101211466,0.000000
96,2,0,0,0,0,0.738785,1.9335823,2.2536998,5.503635,-95.224396,-2.335963,1.069313,0.08906707,0.000000
96,2,0,0,0,0,0.278959,1.8153429,2.006713,4.8310685,-96.21385,-2.710025,-12.051286,-0.1399704,0.000000
96,2,0,0,0,0,0.221372,2.464489,2.6301556,6.208538,-78.24025,-2.2357743,-31.410357,0.8070102,0.000000
96,2,0,0,0,0,0.221000,1.6653445,2.0068557,4.7661085,-89.37067,-2.9608943,-36.38456,-0.25099373,0.000000
97,2,0,0,0,0,0.820771,1.709301,1.9540852,4.4376025,-73.75493,-1.9933912,-1.8074868,0.034812484,0.000000
97,2,0,0,0,0,0.805373,2.0686083,1.9916348,4.4621396,-2.4905195,-0.05523935,0.6360012,0.06413083,0.000000
97,2,0,0,0,0,0.661570,1.6024143,1.8349133,4.1356277,-20.050175,-0.6438326,3.5238738,-0.034591194,0.000000
97,2,0,0,0,0,0.255767,2.258456,2.4595847,5.448699,-83.31769,-2.3008907,-31.72057,1.0168152,0.000000
97,2,0,0,0,0,0.228065,1.9105364,1.9595312,4.3838577,0.37164688,0.1348232,7.0756493,-0.12946114,0.000000
98,2,0,0,0,0,0.844231,1.7234652,1.9515303,4.415063,-71.385315,-1.8710895,-1.6677313,0.043329045,0.000000
98,2,0,0,0,0,0.808711,1.5236859,1.8441982,4.2015104,-17.256506,-0.77038866,3.6461568,0.0009796617,0.000000
98,2,0,0,0,0,0.796021,1.9910069,1.9819169,4.3286557,-0.09273243,-0.07113145,0.62878686,-0.05752083,0.000000
98,2,0,0,0,0,0.618926,1.848078,2.2126565,5.642097,-94.91425,-2.296472,0.9841821,0.10710201,0.000000
98,2,0,0,0,0,0.231606,1.8745694,2.0368254,4.8571553,4.508012,0.09445968,7.494169,-0.20586829,0.000000
99,2,0,0,0,0,0.876968,1.5035889,1.7856838,3.88977,-17.0046,-0.7461398,3.6642532,-0.012905512,0.000000
99,2,0,0,0,0,0.844515,1.6952074,1.924612,4.3595624,-71.37413,-1.9618644,-1.6933829,0.030127544,0.000000
99,2,0,0,0,0,0.778061,1.9709191,1.9757268,4.326228,-0.16109371,-0.10821873,0.61686707,-0.04829268,0.000000
99,2,0,0,0,0,0.579144,1.8329589,2.0775301,5.115083,-94.72781,-2.3702588,0.99732447,0.10229701,0.000000
99,2,0,0,0,0,0.360623,2.1541126,2.4009614,5.454911,-86.13547,-2.3879745,-31.728642,1.069734,0.000000
99,2,0,0,0,0,0.289156,2.1924791,2.2292647,5.3455844,-29.650816,-0.8096528,-15.985818,0.008564216,0.000000
99,2,0,0,0,0,0.227512,1.8893261,2.0285537,4.626198,4.5831804,0.02171792,7.351694,-0.16796839,0.000000
99,2,0,0,0,0,0.222735,2.657211,2.613549,6.9348392,22.489594,0.38610256,-23.198507,-0.029583894,0.000000
100,2,0,0,0,0,0.857576,1.5345275,1.824096,3.8745108,-17.251478,-0.77002954,3.6214786,0.024367098,0.000000
100,2,0,0,0,0,0.834131,1.8087409,1.9939213,4.5168753,-72.249115,-1.9916382,-1.6674799,-0.0040589264,0.000000
100,2,0,0,0,0,0.705598,1.9145317,1.9867191,4.2846665,-0.8069582,-0.20261778,0.62948537,-0.08587673,0.000000
100,2,0,0,0,0,0.554490,1.9016066,2.2226782,5.2123184,-95.18471,-2.4784198,1.0802467,0.066915676,0.000000
100,2,0,0,0,0,0.344410,2.318751,2.4851859,5.727193,-88.8362,-2.4263687,-31.758331,0.7712652,0.000000
100,2,0,0,0,0,0.344407,2.1633072,2.2412097,5.2740555,20.49119,0.39342207,-8.877641,-0.07152467,0.000000
100,2,0,0,0,0,0.230765,2.1552749,2.25246,5.859164,-33.318085,-0.9354837,-15.91077,-0.049849503,0.000000
100,2,0,0,0,0,0.224074,1.9633744,1.9875002,4.390768,8.233835,0.09995416,7.4678574,-0.16605881,0.000000
101,2,0,0,0,0,0.865132,1.5920671,1.8987496,4.44505,-72.366005,-2.2598064,-1.7260885,0.0612503,0.000000
101,2,0,0,0,0,0.760237,1.51125,1.7796685,3.9386685,-16.900476,-0.62082887,3.715201,0.032058995,0.000000
101,2,0,0,0,0,0.731923,1.9361782,1.9652421,4.3581905,-0.9653082,-0.013310373,0.4972294,-0.08884367,0.000000
101,2,0,0,0,0,0.670426,1.8796997,2.152379,5.243725,-95.08345,-2.8273606,1.0988085,0.07161525,0.000000
101,2,0,0,0,0,0.254411,2.1473122,2.130201,4.857557,17.645441,0.4266089,-9.51775,-0.1284858,0.000000
101,2,0,0,0,0,0.250086,1.8537979,2.0597394,4.865367,-35.090973,-1.173521,-16.043417,-0.089775726,0.000000
101,2,0,0,0,0,0.236270,1.9726708,1.9112103,4.39521,3.5025053,0.221692,7.4079323,-0.21212557,0.000000
101,2,0,0,0,0,0.204744,2.0683937,2.2472172,5.068902,-90.72402,-2.9261189,-31.82232,1.319368,0.000000
102,2,0,0,0,0,0.838276,1.6837187,1.9377911,4.4379396,-72.45124,-2.1077046,-1.7545009,0.030811181,0.000000
102,2,0,0,0,0,0.837338,1.5785888,1.8006698,3.9774466,-16.457405,-0.65353703,3.7725334,0.08626876,0.000000
102,2,0,0,0,0,0.783357,2.0438476,1.9834341,4.454639,-1.111208,-0.03534092,0.7093227,0.07601136,0.000000
102,2,0,0,0,0,0.713640,1.8736427,2.1768897,5.358164,-94.98067,-2.6398091,0.90902543,0.13277775,0.000000
102,2,0,0,0,0,0.255445,1.9190311,2.1221547,5.4639006,-37.956287,-1.2796215,-16.159039,-0.06574841,0.000000
102,2,0,0,0,0,0.222783,2.2198796,2.407546,5.473956,-93.26004,-2.7193813,-32.75875,1.0038311,0.000000
103,2,0,0,0,0,0.870871,1.6427568,1.9198647,4.4304442,-72.428856,-2.0061564,-1.7546272,0.06702611,0.000000
103,2,0,0,0,0,0.855330,1.5342486,1.7863235,3.954389,-16.30893,-0.7830349,3.7470326,0.09010136,0.000000
103,2,0,0,0,0,0.761442,1.947191,2.2537816,5.4371495,-94.741486,-2.29301,1.0411088,0.113968715,0.000000
103,2,0,0,0,0,0.753690,1.9538243,1.971195,4.366585,-0.9723654,-0.28827953,0.6641405,0.028733134,0.000000
103,2,0,0,0,0,0.266642,2.1028874,2.132449,4.8601537,10.276506,-0.32193372,-23.88527,-0.20991017,0.000000
103,2,0,0,0,0,0.219808,2.0536044,2.0850427,4.7643957,12.839378,-0.21252935,-9.532173,-0.11824899,0.000000
103,2,0,0,0,0,0.214362,2.2228475,2.510515,5.774227,-96.014404,-2.604907,-32.20388,0.54755354,0.000000
103,2,0,0,0,0,0.211296,1.8183962,2.0296223,4.803938,-40.13056,-1.5357699,-16.263893,-0.08663903,0.000000
104,2,0,0,0,0,0.844894,1.6836351,1.9115578,4.310367,-72.369835,-1.7447715,-1.7140584,0.039297383,0.000000
104,2,0,0,0,0,0.836223,1.5878282,1.8504477,4.11753,-15.657681,-1.0765659,3.7201743,0.016006865,0.000000
104,2,0,0,0,0,0.756132,2.0371776,2.001195,4.447577,-1.0149212,-0.55415416,0.6633834,-0.013329324,0.000000
104,2,0,0,0,0,0.732892,1.8878031,2.1190634,4.91096,-94.28827,-1.9652059,1.0457327,0.12203176,0.000000
105,2,0,0,0,0,0.839642,1.7000599,1.9365022,4.3664083,-72.44197,-1.7457805,-1.6976717,0.05299188,0.000000
105,2,0,0,0,0,0.715722,1.6414206,1.9379449,4.08036,-1.1116791,-0.87400585,0.64036214,-0.038237706,0.000000
105,2,0,0,0,0,0.694266,1.4834397,1.8731201,4.375671,-15.109922,-1.2026138,3.7758665,-0.0120946,0.000000
105,2,0,0,0,0,0.690054,1.8918755,2.2089076,5.360622,-94.69154,-2.0210714,1.0266187,0.13787436,0.000000
105,2,0,0,0,0,0.346817,2.006772,2.0483198,4.697166,8.00962,-0.6037115,-9.612787,-0.19361088,0.000000
105,2,0,0,0,0,0.301837,2.1951091,2.2086215,5.047904,5.3623257,-0.82322115,-23.971909,-0.27077693,0.000000
106,2,0,0,0,0,0.871009,1.6338031,1.9053383,4.3529,-72.4094,-1.7824569,-1.6933765,0.05400495,0.000000
106,2,0,0,0,0,0.772050,1.5451661,1.8487855,4.25505,-14.922141,-0.9557089,3.7862687,0.05364109,0.000000
106,2,0,0,0,0,0.704030,1.893549,1.9986839,4.3531427,-0.9557533,-0.50525844,0.6064528,-0.020350758,0.000000
106,2,0,0,0,0,0.652530,1.8941705,2.117567,5.071916,-94.11711,-1.9344715,1.1023065,0.07975471,0.000000
106,2,0,0,0,0,0.213193,1.8916359,2.002814,4.4822965,5.4283752,-0.5359903,-9.62896,-0.17396915,0.000000
106,2,0,0,0,0,0.206327,2.0003204,2.0699744,4.96522,-47.77802,-1.2264396,-16.536362,-0.067747496,0.000000
107,2,0,0,0,0,0.841137,1.677119,1.9548001,4.487401,-72.59976,-1.6967386,-1.6300446,0.042047877,0.000000
107,2,0,0,0,0,0.769744,1.5090375,1.8267303,4.130242,-14.81395,-0.92100203,3.7176428,0.07632451,0.000000
107,2,0,0,0,0,0.728539,2.0450282,2.011326,4.4126663,-1.0170841,-0.32985222,0.7302593,0.026819581,0.000000
107,2,0,0,0,0,0.584823,1.9056816,2.3195555,5.805888,-94.21308,-1.9006455,1.10497,0.09568623,0.000000
107,2,0,0,0,0,0.350827,2.0206873,2.0600603,4.687618,3.0979347,-0.4521163,-9.685208,-0.19595791,0.000000
107,2,0,0,0,0,0.251215,1.7385395,1.9698815,4.632341,-49.95736,-1.4074149,-16.656897,-0.06576579,0.000000
107,2,0,0,0,0,0.225784,1.9644191,1.9955348,4.594987,11.186288,-0.033212572,7.3938293,-0.02135901,0.000000
108,2,0,0,0,0,0.847321,1.8303027,1.9987892,4.5377192,-72.56445,-1.6100556,-1.6710749,0.040962838,0.000000
108,2,0,0,0,0,0.812597,1.5169646,1.8098098,3.9996502,-14.374451,-0.83076,3.8123622,0.13614649,0.000000
108,2,0,0,0,0,0.731077,1.8783741,1.9586797,4.3129625,-1.1001081,-0.4172439,0.6804478,0.06390308,0.000000
108,2,0,0,0,0,0.683511,1.941745,2.168756,5.09828,-93.72934,-1.832457,1.1080033,0.11324377,0.000000
108,2,0,0,0,0,0.222603,1.9412231,1.9776685,4.508165,11.632421,-0.06801443,7.3697586,-0.012538952,0.000000
109,2,0,0,0,0,0.855402,1.6643766,1.9316261,4.469082,-72.623825,-1.7576928,-1.643019,0.0647891,0.000000
109,2,0,0,0,0,0.764486,1.5115032,1.805361,4.011323,-13.962927,-0.7774048,3.6840453,-0.013027787,0.000000
109,2,0,0,0,0,0.713905,1.9038565,1.9660237,4.2897677,-1.1477537,-0.27154383,0.67070585,0.024962474,0.000000
109,2,0,0,0,0,0.578224,1.8832861,2.1999917,5.5456285,-93.62186,-2.095413,1.0544428,0.07132578,0.000000
109,2,0,0,0,0,0.291710,2.1831334,2.1406653,5.0239077,-1.2464781,-0.6659757,-9.870237,-0.17749375,0.000000
110,2,0,0,0,0,0.833746,1.7313814,1.9842383,4.5024004,-72.022545,-1.904254,-1.6830732,0.021983694,0.000000
110,2,0,0,0,0,0.756392,1.9460633,2.2203982,5.2666345,-92.81575,-2.3003109,1.1495298,0.082393676,0.000000
110,2,0,0,0,0,0.711356,1.5492091,1.8493106,4.237038,-12.862597,-0.6742152,3.9121132,0.01174387,0.000000
110,2,0,0,0,0,0.692065,1.9905782,1.9818034,4.2811055,-0.35431385,-0.07652649,0.70286494,0.029084053,0.000000
111,2,0,0,0,0,0.844851,1.5751505,1.8862958,4.3938713,-72.79025,-2.0990636,-1.6422302,0.06576482,0.000000
111,2,0,0,0,0,0.818022,1.6212339,1.8607552,4.2525244,-13.240237,-0.52534723,4.0349007,0.04282834,0.000000
111,2,0,0,0,0,0.799247,1.9081507,2.1866074,5.38962,-93.46115,-2.403136,1.1457372,0.1384685,0.000000
111,2,0,0,0,0,0.659151,2.008426,1.958946,4.1998854,-0.97817326,0.033131897,0.62437904,-0.057177875,0.000000
111,2,0,0,0,0,0.245991,2.057332,2.117192,4.7842083,-9.332586,-0.63395214,-24.322575,-0.34436092,0.000000
111,2,0,0,0,0,0.225543,1.943438,2.0596676,4.8897276,-59.85057,-1.7208359,-16.995335,0.043484904,0.000000
112,2,0,0,0,0,0.851720,1.5623493,1.8855114,4.4015155,-72.797424,-2.1701937,-1.6056156,0.05837408,0.000000
112,2,0,0,0,0,0.808962,1.5717194,1.8443377,4.2110133,-12.714798,-0.59304285,3.995784,0.08038734,0.000000
112,2,0,0,0,0,0.769436,1.9138274,2.199889,5.4808702,-93.24786,-2.548063,1.2005572,0.113792814,0.000000
112,2,0,0,0,0,0.642157,1.8983257,1.9608779,4.233824,-1.0549088,-0.06470597,0.65244365,-0.014363848,0.000000
112,2,0,0,0,0,0.205886,1.9560037,2.0841274,5.174029,-62.552868,-1.979332,-16.998812,-0.037686728,0.000000
113,2,0,0,0,0,0.851741,1.5845857,1.890399,4.399289,-72.838715,-2.0815697,-1.6030288,0.06277178,0.000000
113,2,0,0,0,0,0.794407,1.5736452,1.8009263,3.9889028,-12.54117,-0.5776468,4.000724,0.04925129,0.000000
113,2,0,0,0,0,0.748023,1.9261738,2.2082357,5.4940147,-93.12717,-2.4896333,1.1721866,0.0952698,0.000000
113,2,0,0,0,0,0.594344,1.8419603,1.9517322,4.2143655,-1.0895996,-0.14027873,0.73019576,0.07228081,0.000000
114,2,0,0,0,0,0.827615,1.6751027,1.9553537,4.534391,-72.781906,-2.1493268,-1.588648,0.028206047,0.000000
114,2,0,0,0,0,0.674539,1.8683667,2.1745858,5.425315,-92.93138,-2.5592756,1.1951418,0.15412116,0.000000
114,2,0,0,0,0,0.659604,1.9781977,1.9795802,4.259941,-1.1169462,-0.06869882,0.58905196,-0.06227197,0.000000
114,2,0,0,0,0,0.626856,1.5508982,1.7792318,3.8452318,-12.390858,-0.5978546,3.9514275,0.031417836,0.000000
114,2,0,0,0,0,0.285651,2.012778,2.101247,5.4059544,-67.524704,-2.072778,-17.118246,-0.045869224,0.000000
115,2,0,0,0,0,0.834655,1.5527067,1.794651,3.9486482,-11.111373,-0.5149718,4.013388,0.091572054,0.000000
115,2,0,0,0,0,0.825510,1.6988131,1.9671335,4.494999,-72.13022,-2.0721016,-1.5720663,0.034642387,0.000000
115,2,0,0,0,0,0.785184,1.8862352,2.0760365,4.8448877,-91.65176,-2.5176258,1.2146404,0.14001662,0.000000
115,2,0,0,0,0,0.648363,2.1474633,2.067715,4.699214,-0.1078825,0.0025690198,0.6050645,-0.015256149,0.000000
115,2,0,0,0,0,0.204175,1.8723915,2.0291317,4.81768,-68.964645,-2.2272096,-17.04556,-0.021719282,0.000000
116,2,0,0,0,0,0.850134,1.565363,1.7860895,3.8462486,-10.756739,-0.5131936,4.0498505,0.06290087,0.000000
116,2,0,0,0,0,0.818862,1.6748679,1.9818398,4.596974,-71.99406,-2.0261376,-1.5492032,-0.002454387,0.000000
116,2,0,0,0,0,0.678456,2.141472,2.0682032,4.698228,-0.10044575,-0.04651992,0.6699971,0.020930663,0.000000
116,2,0,0,0,0,0.648386,1.9224823,2.1762648,5.0721636,-91.610596,-2.3629029,1.2742429,0.1226558,0.000000
116,2,0,0,0,0,0.287681,2.2601793,2.1957042,5.83486,-71.849335,-2.0527406,-17.173347,-0.041557446,0.000000
116,2,0,0,0,0,0.205375,1.6743109,1.9303753,4.5920873,0.57392883,-1.2241611,-28.82555,-0.06139571,0.000000
117,2,0,0,0,0,0.829270,1.7870612,2.0043886,4.6202455,-72.03479,-1.9163374,-1.5225265,0.026959643,0.000000
117,2,0,0,0,0,0.809628,1.5578996,1.8198705,3.9093957,-10.386736,-0.55731815,3.9679391,-0.018139085,0.000000
117,2,0,0,0,0,0.635090,2.1449244,2.0815177,4.741149,-0.112327576,-0.1273297,0.6278682,0.025961503,0.000000
117,2,0,0,0,0,0.569322,1.9814451,2.3031802,5.489939,-91.70525,-2.2988863,1.1947137,0.06821098,0.000000
117,2,0,0,0,0,0.243476,2.1775565,2.1869786,6.1576376,-74.54736,-2.0229685,-17.277508,-0.0337951,0.000000
118,2,0,0,0,0,0.860072,1.6385564,1.9074423,4.3872557,-72.806564,-2.0791717,-1.5904634,0.054789513,0.000000
118,2,0,0,0,0,0.727152,1.9243875,2.2169535,5.3997216,-92.2153,-2.4454877,1.1509296,0.13271281,0.000000
118,2,0,0,0,0,0.685345,1.5256304,1.7869635,3.8239934,-10.830606,-0.62622344,4.000187,-0.008701405,0.000000
118,2,0,0,0,0,0.620767,1.9269669,1.9692659,4.32019,-1.1225834,-0.16130185,0.62960076,0.054570924,0.000000
118,2,0,0,0,0,0.325439,2.112084,2.1506045,5.6834917,-77.566055,-2.2742343,-17.325901,-0.013889026,0.000000
119,2,0,0,0,0,0.854577,1.6538733,1.9150442,4.3885136,-72.77799,-2.000247,-1.5205504,0.058791343,0.000000
119,2,0,0,0,0,0.823565,1.601786,1.8274357,4.0122457,-10.312078,-0.66676205,4.031951,0.041258775,0.000000
119,2,0,0,0,0,0.796784,1.8873055,2.1503649,5.229484,-92.0138,-2.3236108,1.1976444,0.1301029,0.000000
119,2,0,0,0,0,0.658356,2.0185788,1.971132,4.217411,-1.1434164,-0.14378661,0.6719934,0.02081284,0.000000
119,2,0,0,0,0,0.242996,1.8912079,1.9961329,4.6240196,-79.41402,-2.3907752,-17.262878,-0.023910651,0.000000
120,2,0,0,0,0,0.861871,1.5365218,1.7948737,3.9878135,-9.976398,-0.7353315,4.0953474,0.08049983,0.000000
120,2,0,0,0,0,0.847572,1.6211063,1.8935747,4.3224287,-72.60567,-1.8987437,-1.4716418,0.030952608,0.000000
120,2,0,0,0,0,0.776432,1.868506,2.125463,5.17418,-91.746895,-2.1892695,1.3508697,0.07099927,0.000000
120,2,0,0,0,0,0.655145,1.9252064,1.9341111,4.219357,-1.1073675,-0.22853544,0.6665046,0.0112949945,0.000000
120,2,0,0,0,0,0.339666,1.9824743,2.0352113,5.1924953,-82.01552,-2.2195907,-17.335175,-0.053244002,0.000000
120,2,0,0,0,0,0.213761,1.633829,1.89014,4.336961,-9.171096,-2.09604,-29.130718,0.23523033,0.000000
121,2,0,0,0,0,0.848736,1.6531138,1.9402269,4.5057826,-72.80908,-1.8954692,-1.5007402,0.07662504,0.000000
121,2,0,0,0,0,0.808309,1.5299976,1.7894154,3.9798403,-9.531588,-0.67797965,4.0268,0.07764499,0.000000
121,2,0,0,0,0,0.728460,1.8944106,2.158689,5.2022676,-91.54128,-2.2623956,1.2707765,0.109356895,0.000000
121,2,0,0,0,0,0.667197,2.1887207,2.065768,4.727153,-0.83168507,-0.2386123,0.64483213,0.011731425,0.000000
121,2,0,0,0,0,0.299974,1.8980098,1.9986335,4.590868,-84.181625,-2.3148365,-17.368654,0.0018021879,0.000000
122,2,0,0,0,0,0.859272,1.5959072,1.87569,4.3007836,-72.63331,-1.9218888,-1.491358,0.103923246,0.000000
122,2,0,0,0,0,0.655457,1.548927,1.7993208,3.948937,-9.185204,-0.7053677,4.0631,0.02322409,0.000000
122,2,0,0,0,0,0.619807,1.8208584,2.0962617,5.0237384,-91.20732,-2.21093,1.2787505,0.12493388,0.000000
122,2,0,0,0,0,0.556095,1.8601282,1.9142631,4.071311,-1.1950369,-0.35735497,0.5594502,-0.062159855,0.000000
122,2,0,0,0,0,0.325052,2.058383,2.0608423,5.0401983,-86.9221,-2.2805533,-17.430895,-0.009592238,0.000000
123,2,0,0,0,0,0.840559,1.6830959,1.9195733,4.355713,-72.60759,-1.9428959,-1.4899675,0.053389996,0.000000
123,2,0,0,0,0,0.767462,1.5957208,1.8564864,4.2320533,-8.7779665,-0.6774504,4.062829,0.07053876,0.000000
123,2,0,0,0,0,0.654526,1.7955285,2.128899,5.225561,-91.33058,-2.2925436,1.313573,0.10584416,0.000000
123,2,0,0,0,0,0.556314,2.0326567,2.0585113,4.6968894,-0.8052273,-0.23033598,0.77291125,0.03070451,0.000000
123,2,0,0,0,0,0.241834,1.7818687,1.9574817,4.5422463,-88.950325,-2.5528054,-17.341402,-0.024700116,0.000000
124,2,0,0,0,0,0.844097,1.717761,1.9529563,4.471732,-72.65873,-1.8934853,-1.4249537,0.035528213,0.000000
124,2,0,0,0,0,0.676409,1.6450545,1.8476362,3.9726746,-8.481153,-0.5842371,4.0856066,0.03490481,0.000000
124,2,0,0,0,0,0.610544,2.0043564,1.9620863,4.131959,-1.2003365,-0.14283434,0.6004916,-0.08349289,0.000000
124,2,0,0,0,0,0.578722,1.8855107,2.2705503,5.627724,-91.16877,-2.219589,1.3666445,0.07370228,0.000000
124,2,0,0,0,0,0.237735,1.7968532,2.1739554,5.141526,-91.632935,-2.456076,-17.609566,-0.047844358,0.000000
125,2,0,0,0,0,0.826424,1.8319526,1.9996152,4.530753,-72.59547,-1.9176388,-1.4643103,0.057863846,0.000000
125,2,0,0,0,0,0.780960,1.5645672,1.8060905,3.7997189,-8.072034,-0.57935214,4.042733,0.043725472,0.000000
125,2,0,0,0,0,0.662863,2.1148121,2.0472572,4.6337686,-0.8518524,-0.118910566,0.5734743,0.04347109,0.000000
125,2,0,0,0,0,0.558857,1.9480904,2.2352326,5.362192,-90.892044,-2.288112,1.3229932,0.046077818,0.000000
125,2,0,0,0,0,0.331953,1.6698167,1.9545095,4.4120126,-93.741776,-2.733094,-17.734278,-0.0674849,0.000000
126,2,0,0,0,0,0.835373,1.7414688,1.9662569,4.506622,-72.61151,-1.8781775,-1.4577361,0.074123286,0.000000
126,2,0,0,0,0,0.677315,1.8698612,2.1537192,5.213616,-90.71812,-2.171523,1.2498783,0.09277912,0.000000
126,2,0,0,0,0,0.628815,2.153991,2.0586076,4.6389613,-0.8586159,-0.17755328,0.56034803,0.012160094,0.000000
126,2,0,0,0,0,0.604587,1.5788782,1.8168812,3.8755057,-7.758603,-0.5898771,4.0723047,0.05586771,0.000000
126,2,0,0,0,0,0.368901,1.5918051,2.1080117,5.012676,-96.34088,-2.648178,-18.00066,0.12710236,0.000000
127,2,0,0,0,0,0.832862,1.6726034,1.9310249,4.439958,-71.82909,-2.0364492,-1.4598346,0.008682915,0.000000
127,2,0,0,0,0,0.760650,1.8748562,2.123386,5.1308484,-89.824036,-2.2888942,1.2603652,0.13340084,0.000000
127,2,0,0,0,0,0.710616,1.6031106,1.8358042,4.102236,-6.5998926,-0.4107201,4.0987053,0.057932526,0.000000
127,2,0,0,0,0,0.620446,1.7335799,1.8835939,4.0265408,-0.56854534,-0.1770601,0.52439284,-0.04305005,0.000000
128,2,0,0,0,0,0.848315,1.5975611,1.9026716,4.4157314,-72.56377,-2.041356,-1.4939914,0.024925571,0.000000
128,2,0,0,0,0,0.792616,1.8906813,2.1477046,5.2851944,-90.21355,-2.3083804,1.3113344,0.0712467,0.000000
128,2,0,0,0,0,0.665699,2.1122103,2.0475836,4.637123,-0.9355459,-0.034047842,0.6047081,0.0067274906,0.000000
128,2,0,0,0,0,0.522223,1.5811483,1.8358827,4.0747447,-6.8582554,-0.38488978,4.0399065,0.082668185,0.000000
129,2,0,0,0,0,0.830618,1.6143932,1.8934553,4.3077164,-72.39693,-2.1575212,-1.4868145,0.0065202215,0.000000
129,2,0,0,0,0,0.779293,1.906243,2.1616619,5.2709045,-90.06298,-2.4338174,1.3852129,0.0617626,0.000000
129,2,0,0,0,0,0.633077,1.5671575,1.7947643,3.9422956,-6.8463573,-0.31705296,4.006215,0.07881439,0.000000
129,2,0,0,0,0,0.600035,1.9979627,1.9542875,4.164735,-1.1972399,-0.013566226,0.55414414,0.027862972,0.000000
130,2,0,0,0,0,0.848754,1.6540512,1.9082866,4.3601575,-72.51213,-2.1584263,-1.484602,0.051986735,0.000000
130,2,0,0,0,0,0.746142,1.8485731,2.1177676,5.183341,-89.89052,-2.477654,1.3289311,0.08875053,0.000000
130,2,0,0,0,0,0.658506,2.1412868,2.0522823,4.635498,-0.9412899,0.021942794,0.6438186,0.04588554,0.000000
130,2,0,0,0,0,0.468723,1.5871698,1.8146988,3.8796256,-6.177599,-0.27776802,4.0995455,0.12123219,0.000000
131,2,0,0,0,0,0.837621,1.6652867,1.9043577,4.313682,-72.510666,-2.010175,-1.4186462,0.050223447,0.000000
131,2,0,0,0,0,0.651223,2.079092,2.0318842,4.5880294,-0.9153824,-0.19038522,0.726089,0.04339665,0.000000
131,2,0,0,0,0,0.644839,1.8586655,2.1956077,5.4166493,-89.88038,-2.3432865,1.3417583,0.10867147,0.000000
131,2,0,0,0,0,0.323580,1.6067076,1.891353,4.2044477,-5.707757,-0.5313668,4.0948634,0.047521017,0.000000
132,2,0,0,0,0,0.830543,1.7586544,1.9528508,4.4350085,-72.42103,-1.8252553,-1.4606869,0.07338181,0.000000
132,2,0,0,0,0,0.718465,1.5944746,1.8154771,3.9834602,-5.196472,-0.5863433,4.0830584,0.014980472,0.000000
132,2,0,0,0,0,0.700064,1.8211243,2.1506686,5.2358255,-89.849434,-2.1227746,1.2389588,0.08817552,0.000000
132,2,0,0,0,0,0.618876,1.9582129,1.9559711,4.0611725,-1.2695351,-0.22379933,0.58294547,-0.11813335,0.000000
132,2,0,0,0,0,0.222108,2.553784,2.409222,5.6667223,-4.6485023,-1.524937,-17.24889,-0.16488823,0.000000
132,2,0,0,0,0,0.206855,1.618505,1.9161096,4.561641,9.781722,-0.5621563,-4.166725,0.015750688,0.000000
133,2,0,0,0,0,0.822670,1.6717657,1.9146452,4.354206,-72.443825,-1.8571483,-1.4719678,0.09345677,0.000000
133,2,0,0,0,0,0.684198,1.5858341,1.7972791,3.925513,-4.996499,-0.66733027,4.120653,0.05256236,0.000000
133,2,0,0,0,0,0.613938,1.9190893,2.207134,5.232778,-89.256546,-2.0927417,1.1968398,0.06470209,0.000000
133,2,0,0,0,0,0.539040,1.866038,1.9379908,3.9916382,-1.3223667,-0.41588157,0.6884239,-0.04935214,0.000000
134,2,0,0,0,0,0.833672,1.6430632,1.8996874,4.2998624,-72.40628,-1.8988479,-1.456861,0.06572452,0.000000
134,2,0,0,0,0,0.573020,1.8257198,2.1826768,5.52514,-89.56339,-2.1873772,1.1973635,0.08581059,0.000000
134,2,0,0,0,0,0.540466,1.8911406,1.9522638,4.040196,-1.3292027,-0.3270442,0.69280565,-0.020845123,0.000000
134,2,0,0,0,0,0.435767,1.6339829,1.9719207,4.443517,-4.249381,-0.60345155,4.151285,0.03752196,0.000000
134,2,0,0,0,0,0.323348,1.9548383,2.1221564,5.180746,18.733648,-0.2758516,-7.844597,-0.04781983,0.000000
135,2,0,0,0,0,0.831302,1.664059,1.9102535,4.3324575,-72.3869,-1.9583906,-1.466027,0.046408,0.000000
135,2,0,0,0,0,0.697104,1.9266846,2.213481,5.248183,-89.12927,-2.2071152,1.2660993,0.087660894,0.000000
135,2,0,0,0,0,0.551541,1.6042755,1.8515823,4.013763,-4.0874414,-0.59063655,4.239813,0.05185674,0.000000
135,2,0,0,0,0,0.530435,1.9028834,1.934213,4.080447,-1.273571,-0.31803054,0.75753295,0.03409829,0.000000
135,2,0,0,0,0,0.289301,1.709301,1.920077,4.3381314,15.72942,-0.4489252,-7.8626747,-0.0051532914,0.000000
136,2,0,0,0,0,0.802012,1.6854887,1.9209483,4.354795,-72.42468,-2.0050895,-1.4356599,0.055525627,0.000000
136,2,0,0,0,0,0.798965,1.8803384,2.14139,5.150917,-88.86708,-2.246658,1.2839688,0.10205755,0.000000
136,2,0,0,0,0,0.676817,1.5982299,1.8130429,3.9628758,-3.6627836,-0.5673485,4.182741,0.034259796,0.000000
136,2,0,0,0,0,0.552599,1.9809015,1.954006,4.088468,-1.2416706,-0.24511379,0.6170809,-0.04913292,0.000000
136,2,0,0,0,0,0.247587,1.7180814,1.9101928,4.1778116,13.198547,-0.4898707,-7.8113775,0.061346713,0.000000
137,2,0,0,0,0,0.793357,1.6847353,1.9122148,4.304779,-71.62377,-1.9021734,-1.4254746,0.07771494,0.000000
137,2,0,0,0,0,0.766708,1.8856492,2.158216,5.129327,-87.919556,-2.1575136,1.4246051,0.06755708,0.000000
137,2,0,0,0,0,0.674045,1.6122434,1.8377023,4.0121346,-2.760501,-0.45766717,4.178834,0.026039433,0.000000
137,2,0,0,0,0,0.608249,2.1281662,2.0485568,4.65173,-0.053004265,-0.2158691,0.51698095,-0.10455863,0.000000
137,2,0,0,0,0,0.350980,1.6926159,1.839664,4.12077,11.454483,-0.49692482,-8.119783,-0.11933897,0.000000
138,2,0,0,0,0,0.780707,1.6972849,1.9257816,4.3419595,-72.412445,-2.0303593,-1.3891687,0.05323924,0.000000
138,2,0,0,0,0,0.774327,1.8641987,2.150551,5.268311,-88.49618,-2.2782514,1.3247595,0.13950306,0.000000
138,2,0,0,0,0,0.735261,2.167843,2.0436845,4.6276608,-0.8334732,-0.19157165,0.6053639,0.0027410586,0.000000
138,2,0,0,0,0,0.251375,1.6848421,1.936664,4.0837793,-2.9106522,-0.4265652,4.274379,0.10007557,0.000000
138,2,0,0,0,0,0.205882,3.2476678,2.5687487,6.464783,13.228177,-0.09394744,-10.624498,0.8724653,0.000000
139,2,0,0,0,0,0.787851,1.6662893,1.8995674,4.264994,-72.33474,-2.0205204,-1.394193,0.06543943,0.000000
139,2,0,0,0,0,0.736808,1.8993758,2.1906965,5.3188815,-88.409515,-2.2992697,1.3510448,0.062430743,0.000000
139,2,0,0,0,0,0.646017,2.0106592,1.9480501,4.0875654,-1.1500797,-0.2163248,0.7122265,-0.031681675,0.000000
139,2,0,0,0,0,0.431224,1.7040554,1.9707057,4.3185105,-2.2490444,-0.53462136,4.350583,0.105913006,0.000000
140,2,0,0,0,0,0.731856,1.7260065,1.9164734,4.2593074,-72.28189,-2.1211467,-1.3139961,0.023330865,0.000000
140,2,0,0,0,0,0.717933,1.872741,2.066214,4.897321,-87.99047,-2.4864018,1.3738647,0.105681114,0.000000
140,2,0,0,0,0,0.621549,2.013996,1.9536672,4.088228,-1.1671057,-0.23313524,0.7826483,0.011757832,0.000000
140,2,0,0,0,0,0.496307,1.692476,1.8876314,4.214617,-1.8982582,-0.45891857,4.630245,0.22249171,0.000000
140,2,0,0,0,0,0.205266,1.7331691,1.9237807,4.2989197,3.3008528,-0.5768831,-8.036828,0.086224265,0.000000
141,2,0,0,0,0,0.741616,1.6827466,1.9122903,4.289494,-72.33985,-2.0630934,-1.2883346,-0.0025543352,0.000000
141,2,0,0,0,0,0.713816,1.821502,2.1092367,5.363396,-88.07016,-2.4007225,1.3870192,0.12857816,0.000000
141,2,0,0,0,0,0.706008,2.1444178,2.0322819,4.5748334,-0.7835808,-0.23235205,0.6071709,0.06352669,0.000000
141,2,0,0,0,0,0.386460,1.6876774,1.8875935,4.1696367,-1.5979195,-0.5255953,4.690895,0.1772747,0.000000
141,2,0,0,0,0,0.223805,1.8033179,1.8996469,4.3144526,1.1503544,-0.62913615,-8.287077,0.061019145,0.000000
142,2,0,0,0,0,0.800981,1.7158744,1.9308789,4.3690624,-72.382454,-2.0539622,-1.3073772,0.060659904,0.000000
142,2,0,0,0,0,0.651331,2.2107844,2.095098,4.7912827,-0.70757866,-0.22291154,0.63006127,-0.053275455,0.000000
142,2,0,0,0,0,0.611450,1.834116,2.1018412,4.759247,-87.71146,-2.3250072,1.435166,0.067153856,0.000000
142,2,0,0,0,0,0.381651,1.6299667,1.8506505,3.9894042,-1.3040676,-0.4401622,4.614522,0.1857322,0.000000
142,2,0,0,0,0,0.242748,1.747479,1.9402322,4.305228,-1.4563007,-0.8530272,-8.69502,-0.18968025,0.000000
143,2,0,0,0,0,0.784619,1.6914725,1.8988044,4.256923,-72.30165,-2.004364,-1.2176771,0.020693826,0.000000
143,2,0,0,0,0,0.745302,1.9105558,2.124064,5.0035696,-87.48215,-2.2324328,1.4755833,0.10655865,0.000000
143,2,0,0,0,0,0.614574,1.8686774,1.9212211,4.0575304,-1.113884,-0.29332733,0.679983,0.01358892,0.000000
143,2,0,0,0,0,0.440780,1.6833429,1.9328837,4.4515743,-0.60512066,-0.59192455,4.631798,0.16997485,0.000000
144,2,0,0,0,0,0.808982,1.6878629,1.9121493,4.30821,-72.30821,-2.045939,-1.2406288,0.06459592,0.000000
144,2,0,0,0,0,0.767174,1.8135958,2.0744689,4.943331,-87.39973,-2.3663354,1.4640168,0.09272236,0.000000
144,2,0,0,0,0,0.571070,1.9774846,1.9750342,4.1705623,-1.1299744,-0.26882023,0.7775483,-0.016997471,0.000000
144,2,0,0,0,0,0.460411,1.5992317,1.8873105,4.295982,-0.39752293,-0.58511174,4.5412197,0.1119321,0.000000
145,2,0,0,0,0,0.802185,1.7008418,1.9164209,4.307535,-72.27171,-1.9511462,-1.2048135,0.049560457,0.000000
145,2,0,0,0,0,0.791304,1.7878666,2.031952,4.7410774,-87.18857,-2.260086,1.4893825,0.0809207,0.000000
145,2,0,0,0,0,0.613250,1.9898783,1.9743669,4.143732,-1.0912685,-0.23169439,0.7628799,-0.017875604,0.000000
145,2,0,0,0,0,0.501914,1.6103214,1.8729367,4.227827,-0.04123783,-0.5996745,4.564429,0.19188395,0.000000
146,2,0,0,0,0,0.790653,1.7076102,1.9216337,4.3124433,-72.25299,-1.9637957,-1.1685762,0.05215437,0.000000
146,2,0,0,0,0,0.645196,1.9061444,2.234916,5.4302173,-87.30548,-2.267854,1.4666737,0.1307769,0.000000
146,2,0,0,0,0,0.614062,2.2159462,2.0708556,4.6529064,-0.6964054,-0.24712493,0.74797225,-0.06546302,0.000000
146,2,0,0,0,0,0.502771,1.6183922,1.8611014,4.063557,0.35993195,-0.59644675,4.558842,0.1104435,0.000000
147,2,0,0,0,0,0.827713,1.8313293,2.0638463,4.928995,-86.89221,-2.277722,1.5839312,0.087050095,0.000000
147,2,0,0,0,0,0.786272,1.7389176,1.9271747,4.3159637,-72.19287,-1.975246,-1.1915839,0.06625716,0.000000
147,2,0,0,0,0,0.586917,1.9467452,1.978105,4.1175613,-0.9770727,-0.21908605,0.6664963,-0.044829357,0.000000
147,2,0,0,0,0,0.392964,1.6266255,1.877424,4.2782946,0.9957752,-0.53584015,4.484131,0.08711747,0.000000
148,2,0,0,0,0,0.812717,1.6719048,1.9079466,4.292513,-72.146866,-1.9390466,-1.1953679,0.07170391,0.000000
148,2,0,0,0,0,0.677151,1.8854017,2.2238262,5.6263304,-86.85156,-2.1651175,1.4741197,0.107564494,0.000000
148,2,0,0,0,0,0.545871,1.9876587,1.9914542,4.1270366,-0.98897743,-0.22626287,0.7745155,-0.015619483,0.000000
148,2,0,0,0,0,0.504745,1.6346675,1.8841518,4.226077,1.1579361,-0.57403463,4.50832,0.10856837,0.000000
148,2,0,0,0,0,0.270543,1.7064738,1.9142003,4.4502244,-50.064583,-3.3176017,-12.902304,-0.02246461,0.000000
149,2,0,0,0,0,0.787356,1.6572578,1.8964868,4.2512136,-72.143585,-1.9312228,-1.1383401,0.04346704,0.000000
149,2,0,0,0,0,0.745290,1.8064234,2.0529985,4.8550973,-86.28104,-2.2037709,1.58556,0.08618696,0.000000
149,2,0,0,0,0,0.606701,2.0041976,1.9884241,4.2000556,-1.0434532,-0.25469422,0.6536479,-0.07390326,0.000000
149,2,0,0,0,0,0.538191,1.6224538,1.851273,4.0837545,1.4422398,-0.5529098,4.4963064,0.06694116,0.000000
150,2,0,0,0,0,0.798376,1.7039394,1.9394088,4.3827343,-71.37372,-1.8525193,-1.1490424,0.0660011,0.000000
150,2,0,0,0,0,0.756808,1.8363361,2.1471267,5.370265,-85.88521,-2.1324885,1.5211873,0.15216345,0.000000
150,2,0,0,0,0,0.570063,2.0106263,1.9915968,4.304925,-0.16705227,-0.26938775,0.8103888,0.05104176,0.000000
150,2,0,0,0,0,0.467591,1.6916912,1.9579985,4.3199973,2.8292828,-0.6054629,4.6356316,0.17930803,0.000000
151,2,0,0,0,0,0.819410,1.5764437,1.8711897,4.2496333,-72.014114,-2.0426466,-1.1637679,0.0441055,0.000000
151,2,0,0,0,0,0.669467,1.7979295,2.047972,4.9858203,-86.0893,-2.2546568,1.5147841,0.12369326,0.000000
151,2,0,0,0,0,0.599127,1.9599202,1.989094,4.2516475,-1.0027227,-0.33176607,0.6274659,-0.04666511,0.000000
151,2,0,0,0,0,0.477805,1.587284,1.8431537,3.9245663,2.1673708,-0.7131322,4.5563416,0.08281541,0.000000
151,2,0,0,0,0,0.297840,1.7924597,1.9444239,4.481195,-49.427483,-4.074983,-14.32802,0.293674,0.000000
152,2,0,0,0,0,0.801248,1.5999839,1.8863025,4.2585726,-71.9577,-1.9614859,-1.1669766,0.052270584,0.000000
152,2,0,0,0,0,0.589860,1.8617351,2.1277502,5.1677475,-86.01534,-2.1405616,1.6019115,0.09808262,0.000000
152,2,0,0,0,0,0.568427,1.7834244,1.8943341,4.112828,-1.0411015,-0.40248644,0.71333814,-0.022133484,0.000000
152,2,0,0,0,0,0.506494,1.6622825,1.8964565,4.325176,2.902588,-0.5968061,4.464201,0.025577476,0.000000
153,2,0,0,0,0,0.746243,1.7521198,1.929711,4.295448,-71.961136,-2.0161352,-1.2034585,0.0065134326,0.000000
153,2,0,0,0,0,0.674305,1.9417319,2.1812525,5.0742,-85.70506,-2.2411053,1.6179779,0.09268683,0.000000
153,2,0,0,0,0,0.568055,2.0454478,1.9947262,4.278046,-0.91461563,-0.21927124,0.8016267,0.01949511,0.000000
153,2,0,0,0,0,0.475993,1.6373022,1.9019196,4.265334,3.256875,-0.5549313,4.4329305,0.039638534,0.000000
154,2,0,0,0,0,0.797235,1.695044,1.910239,4.2860126,-71.963165,-1.9653683,-1.2655287,0.061937906,0.000000
154,2,0,0,0,0,0.704922,2.0226827,1.9687462,4.2278357,-0.88756084,-0.20173001,0.78235114,0.0015145644,0.000000
154,2,0,0,0,0,0.573835,1.9096701,2.1842299,5.134717,-85.673386,-2.1888022,1.5605507,0.08259991,0.000000
154,2,0,0,0,0,0.410293,1.652321,1.8906732,4.2186985,3.5619402,-0.40914172,4.4603267,0.10390063,0.000000
155,2,0,0,0,0,0.786265,1.7022263,1.90908,4.2759933,-71.89763,-1.9625165,-1.2489566,0.049446434,0.000000
155,2,0,0,0,0,0.734328,2.0230372,1.9658376,4.2802577,-0.8831339,-0.1744667,0.71130955,-0.045462787,0.000000
155,2,0,0,0,0,0.718517,1.8785398,2.1201818,5.0312905,-85.49187,-2.1951401,1.5337181,0.08922972,0.000000
155,2,0,0,0,0,0.522088,1.6023054,1.8446261,4.022342,3.817315,-0.38859305,4.602324,0.25677037,0.000000
155,2,0,0,0,0,0.243459,1.4642832,1.7990615,4.1946764,-57.20457,-2.097444,-6.5302916,-0.07623547,0.000000
156,2,0,0,0,0,0.790805,1.7374954,1.9288921,4.340118,-71.92414,-1.9279661,-1.2676177,0.06721884,0.000000
156,2,0,0,0,0,0.747987,2.0559134,2.0047438,4.3274884,-0.80061436,-0.24859762,0.7105903,-0.025319595,0.000000
156,2,0,0,0,0,0.726518,1.8872795,2.1275456,5.033721,-85.35114,-2.1802464,1.5278418,0.10994099,0.000000
156,2,0,0,0,0,0.581115,1.5823414,1.8257548,4.1052456,4.546014,-0.514872,4.470648,0.07742567,0.000000
