0,2,0,0,0,0,0.787807,1.9934578,1.9598992,4.4195976,-0.37285995,-0.3096217,0.09989756,0.072980285,0.000000
0,2,0,0,0,0,0.244888,4.070118,3.3631148,22.365139,-70.51721,-1.0609704,3.932165,0.037262898,0.000000
1,2,0,0,0,0,0.768310,2.0993385,2.0148861,4.5492163,-0.43445206,-0.36258918,0.16778386,-0.036601134,0.000000
1,2,0,0,0,0,0.282715,4.0873804,3.348409,22.039377,-70.384766,-1.0661385,3.8665876,0.04053113,0.000000
2,2,0,0,0,0,0.775534,2.0055084,1.9640629,4.423844,-0.3681717,-0.3751034,0.1918747,0.072935164,0.000000
2,2,0,0,0,0,0.237964,4.092148,3.5140033,22.01669,-70.18768,-1.1184453,3.8604364,0.07152658,0.000000
2,2,0,0,0,0,0.213108,1.561975,1.9200454,4.4196444,-19.016483,-2.478678,-31.306576,1.2135115,0.000000
3,2,0,0,0,0,0.783418,2.0616624,1.9813095,4.455092,-0.27767277,-0.3403843,0.14993808,0.044189814,0.000000
3,2,0,0,0,0,0.322313,4.1703777,3.445173,22.74965,-69.988174,-1.0566281,3.938148,0.09565919,0.000000
3,2,0,0,0,0,0.213948,1.6307538,1.9623818,5.015599,-14.492641,-1.0354335,12.996846,-0.027829874,0.000000
4,2,0,0,0,0,0.771839,2.0714505,1.991869,4.483705,-0.34587574,-0.38763672,0.18348119,0.09202008,0.000000
4,2,0,0,0,0,0.290011,4.111499,3.4477375,22.485706,-69.98814,-1.0505854,3.908208,0.10146981,0.000000
5,2,0,0,0,0,0.802743,2.08709,1.9916523,4.4615703,0.24209595,-0.37567174,0.19450289,-0.020420872,0.000000
5,2,0,0,0,0,0.275444,3.9723644,3.3057413,20.840473,-70.02641,-1.1067785,3.7867713,0.09483869,0.000000
6,2,0,0,0,0,0.744247,2.0794396,1.9963977,4.4912963,-0.29630375,-0.39322406,0.24394989,0.031575046,0.000000
6,2,0,0,0,0,0.323028,4.0276775,3.3733275,21.077463,-70.19557,-1.0494106,3.8570645,0.11538459,0.000000
6,2,0,0,0,0,0.266500,1.6114603,1.9600266,4.922786,-14.462999,-1.0867457,13.020006,-0.03588159,0.000000
7,2,0,0,0,0,0.759654,1.7654191,1.8807154,4.1198993,-0.42086983,-0.5695533,0.2324242,0.0151503375,0.000000
7,2,0,0,0,0,0.244325,1.6001965,1.9430548,4.85482,-14.48159,-1.0940723,13.021384,-0.014518114,0.000000
7,2,0,0,0,0,0.231478,3.95788,3.3313656,21.65011,-70.24626,-1.0225098,3.6401548,0.11958276,0.000000
7,2,0,0,0,0,0.225768,1.5301566,1.897334,4.362785,-34.79362,-2.7936945,-32.43076,1.691878,0.000000
7,2,0,0,0,0,0.212360,2.9359188,2.4726555,6.761151,-62.424484,-1.5209962,2.8750896,-0.024157833,0.000000
8,2,0,0,0,0,0.733467,2.0815334,2.0023093,4.514652,0.27449036,-0.5297004,0.24167731,-0.0028873621,0.000000
8,2,0,0,0,0,0.273637,3.992025,3.34556,21.500263,-69.61827,-0.93788946,3.4726562,0.07844412,0.000000
9,2,0,0,0,0,0.748069,1.8469043,1.913974,4.2415757,-0.3331747,-0.6299015,0.11138651,0.07751819,0.000000
9,2,0,0,0,0,0.282408,1.5958939,1.9360695,4.8029637,-14.394726,-1.1479374,13.017318,-0.028702848,0.000000
9,2,0,0,0,0,0.214561,1.9388947,2.1670318,4.8574343,-34.311165,-1.8262043,-35.921818,1.4953086,0.000000
9,2,0,0,0,0,0.210770,4.0363417,3.406517,22.79995,-69.961105,-0.83016896,3.0554276,0.056172654,0.000000
10,2,0,0,0,0,0.684656,2.1372247,2.0202,4.536324,-0.2872696,-0.4618623,0.17367017,-0.00051596516,0.000000
10,2,0,0,0,0,0.270484,3.9806547,3.3135233,21.671608,-70.058716,-0.9714725,3.3035514,0.04830522,0.000000
10,2,0,0,0,0,0.206326,1.6213912,1.9653652,4.939764,-14.34778,-1.1248649,13.049091,-0.022360805,0.000000
11,2,0,0,0,0,0.731704,1.6481799,1.8446718,4.010165,0.1879549,-0.6043695,0.3244987,0.054733463,0.000000
11,2,0,0,0,0,0.236223,1.7692965,1.997472,4.938827,-13.739218,-1.0522344,13.074415,-0.015544285,0.000000
11,2,0,0,0,0,0.225023,3.9331756,3.2238524,21.659904,-68.28842,-1.0366435,3.151668,0.071966514,0.000000
12,2,0,0,0,0,0.707090,2.169047,2.04655,4.635865,-0.22615337,-0.31327415,0.1686163,-0.0011307471,0.000000
12,2,0,0,0,0,0.216282,4.0695033,3.3108883,22.248537,-68.48505,-0.99800444,2.9435434,0.058887254,0.000000
13,2,0,0,0,0,0.701698,2.184516,2.0574086,4.7020783,-0.783329,-0.37925386,0.15922529,0.043210734,0.000000
13,2,0,0,0,0,0.333713,1.6372776,1.9187264,4.259674,-46.69149,-1.8287055,-36.23438,2.1548085,0.000000
13,2,0,0,0,0,0.224736,4.0326176,3.3110595,22.641174,-69.050186,-1.0359695,2.9555054,0.06611568,0.000000
14,2,0,0,0,0,0.678355,2.1907473,2.047226,4.606096,-0.7545862,-0.37106162,0.16712695,0.004784282,0.000000
14,2,0,0,0,0,0.267123,1.5170672,1.9368632,4.423402,-70.23822,-1.5550386,-35.20075,1.7296317,0.000000
14,2,0,0,0,0,0.246861,1.5053487,1.9346671,4.2042117,-50.312237,-2.0041516,-36.08695,1.7187042,0.000000
15,2,0,0,0,0,0.676282,1.7960858,1.936579,4.3550596,-0.18328094,-0.6029825,0.2676695,0.06884822,0.000000
15,2,0,0,0,0,0.207954,3.998321,3.2859287,22.18839,-68.51529,-1.0998223,2.8926086,0.05927176,0.000000
16,2,0,0,0,0,0.674488,2.1846004,2.03158,4.62632,-0.035805702,-0.3783508,0.0655615,-0.029580228,0.000000
16,2,0,0,0,0,0.278611,4.115322,3.456492,22.51979,-69.279976,-1.1536415,2.9610007,0.053808156,0.000000
17,2,0,0,0,0,0.540008,2.0296211,1.9548296,4.356756,0.20284462,-0.4122394,0.14318037,0.00093026494,0.000000
17,2,0,0,0,0,0.255526,1.5336937,1.9563249,4.489117,-77.9473,-1.8400121,-35.050385,1.635311,0.000000
18,2,0,0,0,0,0.592068,2.043493,1.9534029,4.3334904,0.25314522,-0.39597762,0.23284903,0.08835691,0.000000
18,2,0,0,0,0,0.217905,3.9825754,3.2533615,22.049911,-67.85447,-1.1091785,2.9785619,0.07384681,0.000000
18,2,0,0,0,0,0.207913,1.7146108,1.9824194,4.4810796,-62.739216,-3.5765889,-31.311056,1.3462449,0.000000
18,2,0,0,0,0,0.201903,1.5335056,1.8830016,4.2010274,-58.58513,-3.32332,-28.004726,1.2603798,0.000000
19,2,0,0,0,0,0.644390,2.0989537,1.977494,4.4153113,-0.3366356,-0.36534032,0.20828465,0.058536243,0.000000
19,2,0,0,0,0,0.213539,4.081663,3.3807688,22.842583,-69.451904,-1.1416733,2.759524,0.03422849,0.000000
19,2,0,0,0,0,0.212265,1.5723925,1.8881581,4.299365,-66.05239,-3.284175,-31.329727,1.5203913,0.000000
20,2,0,0,0,0,0.677868,1.8896699,1.9109299,4.229149,-0.3149929,-0.4904475,0.24412599,0.080787994,0.000000
20,2,0,0,0,0,0.414838,1.4513085,1.8733481,4.320921,-69.36312,-2.9326873,-31.910095,1.6324818,0.000000
20,2,0,0,0,0,0.245751,4.168397,3.3359878,23.383213,-67.70481,-1.0870258,2.7600248,0.03942336,0.000000
21,2,0,0,0,0,0.669239,1.9745396,1.9535862,4.379124,-0.272357,-0.44972277,0.28449357,0.108951546,0.000000
21,2,0,0,0,0,0.238650,4.064637,3.337345,22.62618,-67.953125,-1.1215562,2.68224,0.041096374,0.000000
22,2,0,0,0,0,0.687493,2.0911446,1.9907935,4.487959,-0.31091118,-0.3632237,0.25063127,0.008199716,0.000000
22,2,0,0,0,0,0.244971,4.045646,3.2941065,22.74232,-67.92531,-1.1360755,2.8756404,0.06648244,0.000000
23,2,0,0,0,0,0.625555,2.082512,1.973165,4.451576,-0.86577797,-0.30917516,0.20510525,0.04018175,0.000000
23,2,0,0,0,0,0.259711,4.1141906,3.3533301,23.233791,-68.25363,-1.1556958,2.8694677,0.07398167,0.000000
23,2,0,0,0,0,0.201098,1.7895536,2.0081935,5.236418,-14.155647,-1.2554196,13.313022,-0.001991612,0.000000
24,2,0,0,0,0,0.588040,2.1026535,2.010891,4.4289284,-0.30301476,-0.1699017,0.11992821,0.030698977,0.000000
24,2,0,0,0,0,0.261189,1.7760954,1.9864941,5.0602517,-13.551956,-1.1456496,13.349966,-0.012903155,0.000000
24,2,0,0,0,0,0.257622,4.077067,3.317034,23.512976,-67.64255,-1.1952838,3.0080185,0.08759407,0.000000
25,2,0,0,0,0,0.703265,1.8456266,1.8907483,4.181631,-0.34869862,-0.27444488,0.32694334,0.08422706,0.000000
25,2,0,0,0,0,0.260343,4.0479794,3.2986057,22.594437,-67.77616,-1.2939671,2.9286242,0.06598756,0.000000
26,2,0,0,0,0,0.563771,2.1234202,1.998287,4.3380437,-0.28079796,-0.19244932,0.20131814,0.054365173,0.000000
26,2,0,0,0,0,0.284139,4.1004505,3.3212054,21.946049,-67.89425,-1.2891737,2.0620828,-0.046824872,0.000000
26,2,0,0,0,0,0.212641,1.5087674,1.9165006,4.3424687,-85.84442,-4.781546,-25.745012,1.4423122,0.000000
27,2,0,0,0,0,0.574548,2.090036,1.9810374,4.4576335,-0.27664852,-0.29130197,0.33417302,0.08501551,0.000000
27,2,0,0,0,0,0.228547,4.2112265,3.4611332,23.321674,-67.33264,-1.1812799,3.0382135,0.10494634,0.000000
28,2,0,0,0,0,0.517717,2.047463,1.9864726,4.363746,0.33113098,-0.29631394,0.22574499,-0.009710237,0.000000
28,2,0,0,0,0,0.249706,4.117728,3.3428938,23.45237,-66.82736,-1.0795307,2.9226859,0.0922358,0.000000
28,2,0,0,0,0,0.244794,1.6842477,2.009282,4.460467,-97.48859,-4.063827,-28.866531,1.1810136,0.000000
29,2,0,0,0,0,0.566975,2.0937097,2.0066593,4.4065514,-0.23618412,-0.28472996,0.1982986,0.01886549,0.000000
29,2,0,0,0,0,0.256568,4.1513705,3.441559,22.98774,-67.31938,-1.1075352,3.0058072,0.101513736,0.000000
30,2,0,0,0,0,0.591330,2.0865974,1.9877433,4.348236,-0.22590542,-0.28195304,0.20008871,-0.009041004,0.000000
30,2,0,0,0,0,0.277332,4.1608315,3.4387193,23.435093,-67.25017,-1.2526032,2.946612,0.08950749,0.000000
30,2,0,0,0,0,0.209983,1.6146286,1.9648863,4.431492,-96.984055,-4.5930877,-24.477486,1.2703499,0.000000
31,2,0,0,0,0,0.613961,2.1180537,2.0266705,4.4944334,-0.31051636,-0.34083924,0.17146584,0.055356666,0.000000
31,2,0,0,0,0,0.297209,4.1716757,3.3441849,22.14392,-67.653465,-1.1751907,1.7885212,-0.015404664,0.000000
32,2,0,0,0,0,0.564083,2.1289012,1.9906616,4.4871902,0.26531792,-0.4348887,0.3356031,0.09568782,0.000000
32,2,0,0,0,0,0.280966,4.1271915,3.3781047,22.812588,-66.70258,-1.1950641,2.9905653,0.10111123,0.000000
33,2,0,0,0,0,0.524106,2.091315,2.0236528,4.4517336,-0.93383694,-0.35887975,0.21085721,0.06745216,0.000000
33,2,0,0,0,0,0.277293,1.593857,1.9374492,4.3934965,-69.8341,-1.3152177,-32.804092,1.1147486,0.000000
33,2,0,0,0,0,0.276239,4.1610975,3.3775406,23.380257,-67.83445,-1.1930968,2.778256,0.07551576,0.000000
34,2,0,0,0,0,0.685307,2.0833926,2.003352,4.44315,-0.36537933,-0.3459696,0.19772068,0.048667666,0.000000
35,2,0,0,0,0,0.648812,2.1126168,2.01235,4.4420137,0.2809868,-0.3443159,0.29379374,0.032692444,0.000000
35,2,0,0,0,0,0.222756,4.140898,3.397581,23.68948,-65.44175,-1.1760367,2.5545158,0.07042536,0.000000
36,2,0,0,0,0,0.625738,2.0982378,2.0120082,4.441109,0.8641262,-0.3749653,0.21062434,0.044471983,0.000000
36,2,0,0,0,0,0.248786,2.4333873,2.374545,5.5592685,26.398159,0.2572002,-21.765759,-0.13995725,0.000000
36,2,0,0,0,0,0.208408,4.06456,3.35512,22.788889,-65.204926,-1.1370888,2.6641188,0.093724504,0.000000
37,2,0,0,0,0,0.552751,1.8097017,1.8772354,4.11144,0.08598518,-0.58197093,0.4169137,0.13311842,0.000000
37,2,0,0,0,0,0.232176,4.0420723,3.3257384,22.5671,-65.74217,-1.1435013,2.5946817,0.08371514,0.000000
38,2,0,0,0,0,0.540508,1.947665,1.9649715,4.329244,0.19673061,-0.5258101,0.3818375,0.073365614,0.000000
38,2,0,0,0,0,0.271936,4.0652175,3.3245397,22.720291,-65.60692,-1.1577674,2.5774956,0.07224648,0.000000
39,2,0,0,0,0,0.562592,1.9919622,1.9470261,4.3580127,-0.45094776,-0.50613874,0.4376732,0.142221,0.000000
39,2,0,0,0,0,0.227466,4.1979322,3.4440887,23.67518,-65.9207,-1.0827408,2.3189838,0.052014478,0.000000
40,2,0,0,0,0,0.531292,2.055623,2.0050073,4.4114957,-0.33710098,-0.40867448,0.23802924,0.031809576,0.000000
40,2,0,0,0,0,0.288171,2.6444287,2.7669086,6.6810145,-85.1541,-2.0835824,-26.09316,1.3806994,0.000000
40,2,0,0,0,0,0.246707,4.0963354,3.4208622,22.329157,-66.00078,-1.1272765,2.5287,0.11929838,0.000000
40,2,0,0,0,0,0.228995,2.2385235,2.3789515,5.555354,-88.68279,-2.7992592,-25.711233,1.4944432,0.000000
41,2,0,0,0,0,0.549177,2.0402613,1.9976697,4.382347,-0.38208008,-0.3994597,0.21423525,0.009430535,0.000000
41,2,0,0,0,0,0.253192,4.1939816,3.4448044,22.353628,-66.09827,-1.1323652,2.4195561,0.08473055,0.000000
42,2,0,0,0,0,0.498799,1.9070306,1.9097123,4.28348,-0.59441566,-0.52442473,0.44250596,0.1513631,0.000000
42,2,0,0,0,0,0.260614,4.1536193,3.4065607,22.374645,-66.16574,-1.1597798,2.2804346,0.06354173,0.000000
43,2,0,0,0,0,0.467862,2.07323,2.0191212,4.34627,-0.95938396,-0.42588252,0.2646899,0.17966364,0.000000
43,2,0,0,0,0,0.230812,3.9456584,3.2133033,22.349361,-65.96547,-1.10768,2.170948,0.022360617,0.000000
44,2,0,0,0,0,0.495848,2.0748763,1.9902138,4.2553306,-0.3132429,-0.3173373,0.24386281,0.06503038,0.000000
44,2,0,0,0,0,0.258903,3.9858482,3.2392101,22.58336,-65.27855,-1.1593496,2.1889262,0.040541302,0.000000
45,2,0,0,0,0,0.424512,2.0792043,1.9875782,4.276849,-0.40459156,-0.30511558,0.3253194,0.14833401,0.000000
45,2,0,0,0,0,0.271297,4.0470552,3.3136065,23.045738,-65.15001,-1.2290659,2.141889,0.049107224,0.000000
46,2,0,0,0,0,0.617132,2.1549222,2.0679011,4.718679,-0.17506981,-0.3510734,0.19901276,0.09198436,0.000000
46,2,0,0,0,0,0.289710,4.144539,3.3419006,22.988733,-64.93348,-1.1757464,2.0964832,0.056600332,0.000000
47,2,0,0,0,0,0.585903,2.1318517,2.0700815,4.6996837,-0.21539688,-0.4074602,0.22813022,0.06351095,0.000000
47,2,0,0,0,0,0.270500,4.0664454,3.2903893,21.98006,-65.43884,-1.3152785,2.0958781,0.046662934,0.000000
48,2,0,0,0,0,0.640659,2.152466,2.0648918,4.6385107,-0.21340942,-0.42537713,0.28385675,0.03860084,0.000000
48,2,0,0,0,0,0.290423,4.1147614,3.2976804,22.792725,-65.21305,-1.1770611,2.1670532,0.05232596,0.000000
49,2,0,0,0,0,0.628299,2.1829464,2.0711584,4.636678,-0.3185749,-0.4382459,0.20035446,-0.00073636847,0.000000
49,2,0,0,0,0,0.246392,4.084495,3.300857,22.251049,-65.35253,-1.2096249,2.079023,0.06805287,0.000000
50,2,0,0,0,0,0.535867,2.0632594,2.052128,4.590405,-0.31941032,-0.51879305,0.2574618,0.028686432,0.000000
50,2,0,0,0,0,0.263509,3.879392,3.148107,21.725002,-64.62468,-1.275765,2.1546054,0.04755965,0.000000
51,2,0,0,0,0,0.585498,1.9346626,1.9864951,4.4497533,0.08359718,-0.64110196,0.1513966,0.011202174,0.000000
51,2,0,0,0,0,0.276396,4.002403,3.2522352,23.020866,-63.655228,-1.0882885,2.1096513,0.028616417,0.000000
52,2,0,0,0,0,0.623587,2.1554692,2.0635347,4.5785193,-0.41204834,-0.5182279,0.22403505,0.0030054667,0.000000
52,2,0,0,0,0,0.242142,3.9930313,3.2124624,22.447052,-64.565674,-1.1254317,2.0160627,0.016111944,0.000000
53,2,0,0,0,0,0.674241,2.1408234,2.0493567,4.5451336,-0.8490734,-0.48484147,0.1831932,-0.01095335,0.000000
53,2,0,0,0,0,0.211696,3.936913,3.2345948,21.554304,-65.30511,-1.2719014,1.8615985,0.026591452,0.000000
54,2,0,0,0,0,0.703291,2.1762419,2.0436056,4.5206146,0.24704266,-0.49097407,0.2607249,0.019850995,0.000000
54,2,0,0,0,0,0.234416,3.9366252,3.206185,21.42868,-64.27928,-1.3034585,1.8302486,-0.0016036313,0.000000
55,2,0,0,0,0,0.686996,2.1098642,2.0252392,4.4647427,0.23312092,-0.49328172,0.23913038,0.0001327598,0.000000
56,2,0,0,0,0,0.661777,2.113823,2.0262046,4.478329,-0.36461067,-0.5154375,0.24534324,0.011006933,0.000000
57,2,0,0,0,0,0.528614,2.0896273,1.9831918,4.460047,0.2808609,-0.53639424,0.40689093,0.09170163,0.000000
58,2,0,0,0,0,0.630037,2.066665,2.005231,4.4024267,0.2240324,-0.56886685,0.20437846,-0.0007164185,0.000000
58,2,0,0,0,0,0.206425,3.4932184,3.0443828,12.556506,-58.776543,-1.4123194,2.5141006,0.14637016,0.000000
59,2,0,0,0,0,0.526133,1.9946709,1.9673201,4.3163667,0.17228985,-0.59013474,0.2634977,0.035481263,0.000000
60,2,0,0,0,0,0.553344,2.0725474,1.9849522,4.314953,0.17077541,-0.57901156,0.2099466,-0.015012217,0.000000
61,2,0,0,0,0,0.449482,2.0158315,1.9635391,4.1608624,0.13822365,-0.6422579,0.18584952,-0.04712823,0.000000
61,2,0,0,0,0,0.214772,4.016115,3.2594666,21.04012,-61.803947,-1.2163082,3.1258485,0.13443716,0.000000
62,2,0,0,0,0,0.362207,1.8636619,1.890865,4.0193233,1.04904175e-05,-0.78278005,0.39305168,0.08179785,0.000000
62,2,0,0,0,0,0.258501,3.9435601,3.1441216,20.714748,-62.18972,-1.3114362,3.1672077,0.11736562,0.000000
63,2,0,0,0,0,0.430717,2.2281103,2.1009002,4.759401,-0.8065357,-0.64517874,0.1893149,0.0395241,0.000000
63,2,0,0,0,0,0.306633,4.0176616,3.2286925,21.573694,-62.98837,-1.3172927,2.9541016,0.1070608,0.000000
64,2,0,0,0,0,0.470552,2.1294684,2.0836005,4.6952477,0.26217365,-0.76842,0.21749797,0.023760209,0.000000
64,2,0,0,0,0,0.314382,4.060575,3.2635014,21.839508,-61.75683,-1.275687,2.9132752,0.09244098,0.000000
65,2,0,0,0,0,0.574124,2.150486,2.0916061,4.713766,0.19418144,-0.7839532,0.15710828,-0.054689996,0.000000
65,2,0,0,0,0,0.336592,3.9940648,3.2703285,21.549475,-61.8651,-1.2970337,3.0857592,0.17033124,0.000000
66,2,0,0,0,0,0.518233,2.1505604,2.0136561,4.515716,0.20786762,-0.7543749,0.41629726,0.08600566,0.000000
66,2,0,0,0,0,0.347135,3.9666703,3.2881908,22.12454,-61.998528,-1.3108605,3.0982928,0.20788793,0.000000
67,2,0,0,0,0,0.535251,2.1615977,2.0262766,4.554394,0.19002914,-0.7808393,0.41253158,0.027211102,0.000000
67,2,0,0,0,0,0.355359,4.062456,3.3614278,23.092749,-61.76931,-1.2926139,2.8728845,0.17564557,0.000000
68,2,0,0,0,0,0.579227,2.1724267,2.0685296,4.5655255,-0.17895317,-0.6610054,0.24490735,0.02369959,0.000000
68,2,0,0,0,0,0.349949,4.1912327,3.391398,24.866228,-61.98606,-1.1899577,2.8563209,0.20276687,0.000000
69,2,0,0,0,0,0.575392,2.033607,2.0103974,4.4139457,0.24258423,-0.7490785,0.23650587,0.02436348,0.000000
69,2,0,0,0,0,0.272182,4.0383997,3.2626083,24.376715,-60.85726,-1.2449622,2.8134544,0.1711785,0.000000
70,2,0,0,0,0,0.611130,2.0848026,2.025094,4.4717984,0.25693512,-0.7263766,0.2423499,-0.06291186,0.000000
70,2,0,0,0,0,0.295384,4.283519,3.5291533,24.078299,-61.662415,-1.2039831,3.0032454,0.2137484,0.000000
71,2,0,0,0,0,0.613714,2.10948,2.0200062,4.4133024,0.31734467,-0.7224224,0.20711192,-0.06611666,0.000000
71,2,0,0,0,0,0.289807,4.172115,3.3494086,25.964155,-60.68527,-1.0521384,2.778274,0.14450029,0.000000
72,2,0,0,0,0,0.576798,2.0440643,1.9843789,4.4403405,0.36901283,-0.786035,0.37993926,0.108942516,0.000000
72,2,0,0,0,0,0.260408,4.1578603,3.347604,24.718237,-60.69367,-1.1107682,2.8356986,0.16709498,0.000000
73,2,0,0,0,0,0.593475,2.0695763,1.9926431,4.3515644,-0.8577614,-0.78442776,0.13966978,-0.041696884,0.000000
73,2,0,0,0,0,0.261258,4.204618,3.3806887,25.305338,-61.69728,-1.101467,2.8150067,0.16817844,0.000000
74,2,0,0,0,0,0.540965,2.1120842,1.9842948,4.2972727,0.3803692,0.48208645,0.7845336,-0.050343104,0.000000
74,2,0,0,0,0,0.289824,4.3141603,3.5158792,25.5734,-60.173172,0.20106792,3.3619204,0.15189515,0.000000
75,2,0,0,0,0,0.438415,2.0787368,1.9924376,4.2091928,0.4188385,0.46031138,0.7343886,0.025211167,0.000000
75,2,0,0,0,0,0.267071,4.284157,3.520011,25.051907,-60.350616,0.1198076,3.4787908,0.17374948,0.000000
76,2,0,0,0,0,0.365515,2.0696821,2.0552206,4.6164904,0.56578636,0.28099746,0.73613334,-0.0029416638,0.000000
76,2,0,0,0,0,0.253716,4.145406,3.3132713,24.827785,-59.549786,0.20435107,3.431538,0.1388255,0.000000
77,2,0,0,0,0,0.456258,2.2029433,2.1003656,4.745495,0.47846794,0.36752072,0.80584514,-0.062475808,0.000000
77,2,0,0,0,0,0.305243,4.143278,3.3450072,24.88395,-59.557785,0.08835277,3.4682097,0.14420086,0.000000
78,2,0,0,0,0,0.615039,2.155352,2.0613189,4.589534,0.4740286,0.3991262,0.7972864,0.012182221,0.000000
78,2,0,0,0,0,0.308232,4.095639,3.3057504,24.780073,-59.730125,0.062308103,3.3957748,0.14319515,0.000000
78,2,0,0,0,0,0.274905,1.5336635,1.8489188,4.2743325,10.9156475,-0.103973985,-8.27648,-0.070515946,0.000000
79,2,0,0,0,0,0.606686,2.0918498,2.0384772,4.5771084,0.4069004,0.33797446,0.81748796,0.059517577,0.000000
79,2,0,0,0,0,0.279539,4.215508,3.3817453,24.931564,-59.49063,0.071427494,3.5504804,0.17978543,0.000000
80,2,0,0,0,0,0.622493,2.1240144,2.0580997,4.5838375,0.39415932,0.27331722,0.85653734,-0.0027194577,0.000000
80,2,0,0,0,0,0.253069,4.250946,3.4329898,24.617947,-59.51979,0.061205298,3.4755032,0.16829127,0.000000
81,2,0,0,0,0,0.630678,2.012347,2.01553,4.4826655,0.27540112,0.19943637,0.8215047,-0.018421553,0.000000
81,2,0,0,0,0,0.295816,4.070488,3.20704,24.94601,-58.988937,0.00056028366,3.5013463,0.10898295,0.000000
82,2,0,0,0,0,0.625500,2.1049006,2.0396967,4.509282,0.5102711,0.3184451,0.8522986,0.009035207,0.000000
82,2,0,0,0,0,0.310364,4.180684,3.3711982,25.847834,-58.506218,-0.008148074,3.4721684,0.15014324,0.000000
83,2,0,0,0,0,0.686084,2.1134148,2.0296648,4.478782,-2.275136,0.26485404,0.7334837,-0.002726912,0.000000
83,2,0,0,0,0,0.297948,4.173581,3.3744822,25.823227,-61.35666,-0.047523886,3.4138112,0.16441701,0.000000
83,2,0,0,0,0,0.228186,1.6184387,1.9535587,4.4306345,-32.297142,-1.303026,-32.948864,1.9339354,0.000000
83,2,0,0,0,0,0.212540,1.5533834,1.9554883,5.1100326,-50.812473,-1.5849634,12.483276,0.07745866,0.000000
84,2,0,0,0,0,0.690384,1.872281,1.9428496,4.2769623,0.3560896,0.058278024,0.8090143,0.0038962117,0.000000
84,2,0,0,0,0,0.291908,4.207415,3.3984928,26.022684,-58.677616,0.029828548,3.4763021,0.16691303,0.000000
84,2,0,0,0,0,0.224216,1.7096094,2.002007,4.44959,-33.278797,-1.3073001,-34.527573,2.3148112,0.000000
85,2,0,0,0,0,0.658275,2.105501,2.024208,4.4384265,0.3070259,0.122970164,0.84694624,0.02013826,0.000000
85,2,0,0,0,0,0.309759,4.1771955,3.3624904,25.892426,-58.64139,0.05994335,3.5241668,0.15398684,0.000000
86,2,0,0,0,0,0.534826,1.9782752,2.0056095,4.3706565,0.4213581,0.084497005,0.8880309,-0.038304217,0.000000
86,2,0,0,0,0,0.323073,4.150967,3.3612509,25.757574,-58.63721,0.036907285,3.5549726,0.16196391,0.000000
87,2,0,0,0,0,0.578933,2.09478,2.0116906,4.3385925,0.3767109,0.070581764,0.87429667,-0.009288875,0.000000
87,2,0,0,0,0,0.288906,4.0960236,3.3143232,24.463665,-58.99916,-0.038267314,3.5812278,0.1478024,0.000000
88,2,0,0,0,0,0.641077,2.0889187,2.0097177,4.313181,0.40578365,0.09019059,0.7704054,-0.041190162,0.000000
88,2,0,0,0,0,0.288391,4.1884575,3.3981376,25.012749,-58.710663,-0.076482326,3.626829,0.15299726,0.000000
89,2,0,0,0,0,0.539435,1.9634004,1.9839597,4.196152,0.31974602,0.115923345,0.8010505,0.030637428,0.000000
89,2,0,0,0,0,0.286129,4.305612,3.482563,25.486223,-58.68293,-0.1408259,3.4740653,0.16995102,0.000000
90,2,0,0,0,0,0.466205,1.7273576,1.8974584,3.9913898,0.21143341,-0.0532099,0.736796,0.013954597,0.000000
90,2,0,0,0,0,0.283004,4.290598,3.4745092,25.138859,-58.67324,-0.1410537,3.4807377,0.18571505,0.000000
91,2,0,0,0,0,0.471854,2.1682544,2.0993743,4.7371807,0.60428333,-0.00301674,0.836856,0.001774219,0.000000
91,2,0,0,0,0,0.242264,4.097682,3.2838206,25.165394,-58.192184,-0.2849204,3.6523852,0.17321667,0.000000
92,2,0,0,0,0,0.523838,2.1353593,2.0852976,4.7083483,0.531044,-0.12064263,0.7539494,-0.044213574,0.000000
92,2,0,0,0,0,0.261583,4.1880503,3.3604329,25.465458,-57.980927,-0.33944687,3.680343,0.17110719,0.000000
93,2,0,0,0,0,0.546856,2.1283114,2.068632,4.649111,0.41634846,-0.08592625,0.7891309,-0.00023191283,0.000000
93,2,0,0,0,0,0.271835,4.1558194,3.34255,24.392977,-58.07115,-0.40149915,3.7791443,0.18300918,0.000000
94,2,0,0,0,0,0.688595,1.8743192,1.9603186,4.4054465,-2.2953644,-0.21345335,0.62310684,-0.0020146777,0.000000
94,2,0,0,0,0,0.232101,4.0258083,3.2772865,23.110052,-61.240273,-0.5146025,3.9154263,0.21179485,0.000000
95,2,0,0,0,0,0.660405,2.00803,2.0173397,4.558811,-2.3291683,-0.23455723,0.6430789,0.0091470545,0.000000
95,2,0,0,0,0,0.242106,4.0071025,3.3196182,23.761705,-61.126183,-0.48519433,3.9762776,0.24102028,0.000000
96,2,0,0,0,0,0.675865,1.7420003,1.9225066,4.296755,-1.0768309,-0.40573233,0.7093129,-0.07044895,0.000000
96,2,0,0,0,0,0.236877,4.07236,3.2340648,24.801182,-58.586227,-0.37027323,4.0060062,0.20172377,0.000000
97,2,0,0,0,0,0.599157,2.1249223,2.0679526,4.6029487,0.38842773,-0.1601013,0.8020536,-0.023007646,0.000000
97,2,0,0,0,0,0.248376,4.0828276,3.3009129,25.296198,-56.95376,-0.3646412,4.051534,0.22156228,0.000000
98,2,0,0,0,0,0.569269,1.9872942,1.9979428,4.4691234,0.3429842,-0.26104027,0.7344508,0.021524612,0.000000
98,2,0,0,0,0,0.331707,1.8269901,2.0475712,4.6349683,20.631096,-0.078913495,-4.634648,0.13685861,0.000000
98,2,0,0,0,0,0.210465,4.1695013,3.424458,24.888218,-58.123077,-0.49382734,3.9952517,0.2344852,0.000000
99,2,0,0,0,0,0.573518,2.1251876,2.0572293,4.5528917,0.3881712,-0.25676993,0.7705151,-0.010804749,0.000000
99,2,0,0,0,0,0.484603,1.7619355,1.9450928,4.417302,17.90292,-0.22232583,-4.954032,0.040791377,0.000000
99,2,0,0,0,0,0.256234,4.127119,3.3167133,25.546913,-56.997185,-0.52348673,3.9407,0.19219542,0.000000
99,2,0,0,0,0,0.228833,2.6944327,2.8403769,7.455619,-50.43859,-1.118364,3.2087994,0.030061018,0.000000
100,2,0,0,0,0,0.615565,1.6552986,1.8782167,4.167677,14.797491,-0.39090857,-4.990751,0.13677007,0.000000
100,2,0,0,0,0,0.600421,2.0982013,2.0501401,4.554176,0.5879183,-0.3122636,0.7734271,-0.030777846,0.000000
100,2,0,0,0,0,0.234883,4.104523,3.302878,24.264124,-57.24779,-0.51357245,3.8791683,0.16728723,0.000000
100,2,0,0,0,0,0.229402,2.7520761,2.8413258,7.9605393,-50.293385,-1.0344791,3.3498733,-0.047136843,0.000000
101,2,0,0,0,0,0.623286,1.6241207,1.902897,4.3194747,12.131438,-0.52162474,-5.0599685,0.06581925,0.000000
101,2,0,0,0,0,0.599138,2.0998132,2.0384238,4.511453,0.55146503,-0.326498,0.79697454,-0.021675885,0.000000
101,2,0,0,0,0,0.421648,1.4762168,1.8585654,4.3644023,-39.62452,-1.8290261,13.349327,-0.0025064447,0.000000
101,2,0,0,0,0,0.252893,4.1319532,3.3366425,25.138556,-57.046246,-0.48560017,3.9741268,0.1777508,0.000000
102,2,0,0,0,0,0.622678,2.1613436,2.0448802,4.49807,0.45619488,-0.30978626,0.78655756,-0.017686494,0.000000
102,2,0,0,0,0,0.488717,1.7900467,2.0207129,4.7881556,9.482218,-0.62968016,-5.0775976,0.055894654,0.000000
102,2,0,0,0,0,0.264060,4.1564274,3.3584375,25.411457,-56.928165,-0.46151894,4.085246,0.20616317,0.000000
102,2,0,0,0,0,0.226098,2.905125,2.8997982,8.586624,-50.787525,-0.9622335,3.3681588,-0.0028311783,0.000000
103,2,0,0,0,0,0.671928,1.614094,1.8711658,4.2428126,3.5372648,-0.62158656,-5.26068,0.088637955,0.000000
103,2,0,0,0,0,0.578961,1.9855248,1.9698148,4.4365716,-2.5057335,-0.43838876,0.86267126,0.11081513,0.000000
103,2,0,0,0,0,0.241528,4.1732073,3.3636863,25.211966,-59.8074,-0.5006511,3.8468351,0.16127425,0.000000
104,2,0,0,0,0,0.653396,1.5993464,1.8709705,4.2864966,3.3796349,-0.6162337,-5.3172665,0.209338,0.000000
104,2,0,0,0,0,0.580177,2.1527963,2.0134292,4.546318,0.3385477,-0.32892334,0.84976935,-0.033918966,0.000000
104,2,0,0,0,0,0.253736,4.180648,3.374443,25.556004,-56.975403,-0.5219147,3.9644022,0.16808906,0.000000
105,2,0,0,0,0,0.643748,2.1135507,2.0173507,4.586003,0.4608097,-0.34486377,0.9179177,0.05221037,0.000000
105,2,0,0,0,0,0.591295,1.6406833,1.947152,4.448417,0.65275574,-0.76828474,-5.486866,0.06673605,0.000000
105,2,0,0,0,0,0.226119,4.174314,3.3601394,24.756393,-57.097893,-0.6110181,3.9875526,0.17342682,0.000000
106,2,0,0,0,0,0.613068,2.0322669,1.9913536,4.500426,0.47184753,-0.42031455,0.9003986,-0.011176702,0.000000
106,2,0,0,0,0,0.515402,1.6484089,1.9218689,4.511115,-2.1227245,-0.8428817,-5.547989,0.17176971,0.000000
106,2,0,0,0,0,0.239008,4.181691,3.3937292,24.713879,-56.963547,-0.5432676,3.9284878,0.16193444,0.000000
107,2,0,0,0,0,0.757798,1.6111093,1.8679266,4.2798724,-5.020379,-0.96294403,-5.6033287,0.1750175,0.000000
107,2,0,0,0,0,0.630430,1.7511523,1.915831,4.272296,0.4191637,-0.6613208,0.81251884,0.046068646,0.000000
107,2,0,0,0,0,0.259569,4.154516,3.3133209,25.605324,-55.9594,-0.5491548,4.0529933,0.13756633,0.000000
107,2,0,0,0,0,0.217222,2.7546895,2.707108,7.2568517,-49.85398,-1.1922349,3.3047154,-0.00768492,0.000000
108,2,0,0,0,0,0.677721,1.5897887,1.8649126,4.2620482,-7.9221783,-1.1282539,-5.7380333,0.08880186,0.000000
108,2,0,0,0,0,0.639774,2.0316925,1.9985361,4.5145273,0.3200016,-0.45054048,0.8642467,-0.004740172,0.000000
108,2,0,0,0,0,0.280350,1.6345812,1.848151,4.1306634,-53.29359,-2.0698757,13.456035,0.01470692,0.000000
108,2,0,0,0,0,0.258439,4.1379957,3.292308,26.165607,-56.146675,-0.5387011,4.0419116,0.12982553,0.000000
108,2,0,0,0,0,0.206508,2.8032517,2.7670753,7.638119,-49.872055,-1.144674,3.2963343,0.010389807,0.000000
109,2,0,0,0,0,0.601977,2.0245383,1.9788756,4.4362903,0.2739315,-0.47160423,0.8358949,-0.02174271,0.000000
109,2,0,0,0,0,0.579533,1.5423832,1.8290304,4.351128,-10.763158,-1.1766113,-5.7875986,0.14585793,0.000000
109,2,0,0,0,0,0.277772,1.603008,1.8286802,4.083909,-53.10776,-2.0143166,13.368782,0.044800147,0.000000
109,2,0,0,0,0,0.232696,4.0671597,3.3477614,23.455292,-57.33258,-0.52332217,4.051181,0.16828409,0.000000
110,2,0,0,0,0,0.590464,1.7569535,1.891101,4.1950502,0.31033993,-0.71861494,0.80222315,-0.0022084876,0.000000
110,2,0,0,0,0,0.371306,1.5840306,1.8732685,4.532192,-13.565946,-1.2301124,-5.8581905,0.18761413,0.000000
110,2,0,0,0,0,0.240829,4.1355114,3.3272424,25.313272,-56.11267,-0.41231152,3.9895606,0.14243203,0.000000
111,2,0,0,0,0,0.620006,1.8421696,1.895177,4.25404,0.3779087,-0.6004982,0.84973353,0.037808448,0.000000
111,2,0,0,0,0,0.543929,1.5282774,1.8551465,4.6308327,-16.416424,-1.298113,-5.953373,0.20089856,0.000000
111,2,0,0,0,0,0.288774,1.5843345,1.9281338,4.477678,-52.06983,-1.9573165,12.9044075,-0.022126917,0.000000
111,2,0,0,0,0,0.265046,4.05966,3.282817,25.061169,-56.35492,-0.41158107,3.983149,0.12710619,0.000000
112,2,0,0,0,0,0.590527,1.9963022,1.9524349,4.3464203,0.29214573,-0.42173347,0.8488306,0.04134275,0.000000
112,2,0,0,0,0,0.580859,1.5684307,1.933237,4.5256658,-19.113447,-1.269411,-6.097064,0.12757567,0.000000
112,2,0,0,0,0,0.295470,4.109739,3.3373291,25.584833,-56.133213,-0.4772653,3.9651246,0.12819551,0.000000
112,2,0,0,0,0,0.282602,1.5907794,1.8931888,4.347858,-51.942406,-2.024286,12.860412,-0.061739773,0.000000
113,2,0,0,0,0,0.508507,1.9652808,1.955768,4.4085035,-2.4657621,-0.47674704,0.84284115,0.011855422,0.000000
113,2,0,0,0,0,0.473613,1.6308991,1.9421482,4.4839363,-24.82309,-1.2979906,-6.2223625,0.13045888,0.000000
113,2,0,0,0,0,0.302843,4.1652255,3.3269105,25.397446,-58.801704,-0.5312276,3.9069037,0.11596474,0.000000
114,2,0,0,0,0,0.613235,1.5993888,1.9360769,4.6126246,-24.887123,-1.4140322,-6.2227764,0.099402785,0.000000
114,2,0,0,0,0,0.473657,2.008052,1.9542881,4.270354,0.3213215,-0.39211315,0.888657,0.045774896,0.000000
114,2,0,0,0,0,0.283101,4.142526,3.3475282,25.4305,-56.0128,-0.5051455,3.9541116,0.11454508,0.000000
114,2,0,0,0,0,0.212762,2.7300377,2.6122887,7.3444905,-49.428146,-1.0846152,3.2782435,0.07110906,0.000000
114,2,0,0,0,0,0.202672,1.6189865,2.0046756,4.746995,-53.13276,-1.9948871,13.157763,-0.29471236,0.000000
115,2,0,0,0,0,0.784003,1.5680888,1.8983605,4.478669,-27.808636,-1.4859278,-6.325214,0.1582819,0.000000
115,2,0,0,0,0,0.440193,1.8190427,1.9042258,4.0696893,0.22922134,-0.5829512,0.89803207,0.04161355,0.000000
115,2,0,0,0,0,0.279511,4.123577,3.327586,25.277985,-56.18146,-0.53846437,4.002594,0.11970472,0.000000
116,2,0,0,0,0,0.774580,1.5618529,1.882469,4.3586316,-30.644276,-1.5372452,-6.3918076,0.21319737,0.000000
116,2,0,0,0,0,0.487236,2.1595418,2.0639117,4.7839284,0.66906357,-0.51628315,0.822757,0.06994106,0.000000
116,2,0,0,0,0,0.293829,1.5057433,1.8265395,3.983645,-51.63947,-2.066537,13.114822,-0.16782261,0.000000
116,2,0,0,0,0,0.246224,4.093894,3.306725,24.52183,-56.389923,-0.49115664,3.9000506,0.08976236,0.000000
116,2,0,0,0,0,0.214828,1.9428368,2.1055837,4.7936373,19.337847,-0.3578048,-18.931597,-0.12413952,0.000000
117,2,0,0,0,0,0.649879,1.6197278,1.8691865,4.305895,-33.489162,-1.6504728,-6.52201,0.1462324,0.000000
117,2,0,0,0,0,0.506475,1.7120814,1.8556218,3.9837093,0.14997768,-0.7177978,0.88300467,0.022100832,0.000000
117,2,0,0,0,0,0.292654,1.5809082,1.8284707,4.1007442,-50.81892,-2.142486,13.463006,-0.04281715,0.000000
117,2,0,0,0,0,0.244286,4.044552,3.2921271,24.026472,-56.344997,-0.5667105,3.9497368,0.10438245,0.000000
118,2,0,0,0,0,0.791974,1.5583196,1.8822223,4.395335,-36.320065,-1.6972499,-6.6190844,0.10052015,0.000000
118,2,0,0,0,0,0.495086,1.9229019,1.8934572,4.0642414,0.20428848,-0.5973504,0.8353249,0.031259418,0.000000
118,2,0,0,0,0,0.350088,1.5838559,1.8360459,4.093179,-50.692787,-2.1235752,13.495353,-0.051639564,0.000000
118,2,0,0,0,0,0.250213,4.0360627,3.3006954,24.161697,-56.38794,-0.5823346,4.035779,0.13392386,0.000000
119,2,0,0,0,0,0.840956,1.5329962,1.8602543,4.343339,-40.292393,-1.7150459,-6.7141523,0.11311287,0.000000
119,2,0,0,0,0,0.553196,1.772991,1.9415289,4.460495,-0.301795,-0.7238734,0.74511504,0.017277513,0.000000
119,2,0,0,0,0,0.441555,1.5557667,1.8227218,4.1140532,-51.353394,-2.1799517,13.3476,0.021648355,0.000000
119,2,0,0,0,0,0.229344,3.9990067,3.142974,23.688192,-56.58746,-0.53116,4.0036125,0.11177632,0.000000
120,2,0,0,0,0,0.869664,1.5187479,1.8654901,4.410884,-43.25868,-1.7953359,-6.839921,0.116479054,0.000000
120,2,0,0,0,0,0.514993,2.0232189,2.0581775,4.823677,-0.30122185,-0.5127721,0.76566553,0.044254594,0.000000
120,2,0,0,0,0,0.392668,1.5277542,1.8128644,4.041201,-51.307014,-2.2112582,13.307015,-0.03861201,0.000000
120,2,0,0,0,0,0.252569,3.9986224,3.175273,23.740896,-56.44943,-0.58747315,3.9289088,0.12907666,0.000000
121,2,0,0,0,0,0.801667,1.5346214,1.8960094,4.5501013,-46.054234,-1.8943145,-6.968668,0.15232116,0.000000
121,2,0,0,0,0,0.459388,2.0635285,2.0301416,4.706835,-0.41109943,-0.41988277,0.9012227,0.06593429,0.000000
121,2,0,0,0,0,0.273163,1.4738274,1.8090346,4.0147133,-51.04874,-2.1860528,12.854809,-0.23566785,0.000000
121,2,0,0,0,0,0.225861,3.9713564,3.1610706,23.470964,-56.63472,-0.66684425,3.8878422,0.12925811,0.000000
122,2,0,0,0,0,0.735281,1.5523851,1.9105136,4.7097855,-49.05254,-1.9332683,-7.1162453,0.13113232,0.000000
122,2,0,0,0,0,0.544849,2.1162658,2.0447826,4.6606164,-0.38823795,-0.5464164,0.81819224,0.0060180943,0.000000
122,2,0,0,0,0,0.290194,1.4623961,1.808637,4.0041356,-51.00026,-2.134686,12.87046,-0.098039865,0.000000
122,2,0,0,0,0,0.219932,4.0879984,3.3455787,23.545893,-57.203766,-0.53988945,3.9938886,0.15301545,0.000000
122,2,0,0,0,0,0.206060,2.5862107,2.4651077,6.820841,-49.525555,-1.1237206,3.1354573,0.12361796,0.000000
123,2,0,0,0,0,0.747332,1.4697863,1.8836249,4.544638,-51.90174,-2.012054,-7.144148,0.08124436,0.000000
123,2,0,0,0,0,0.662819,1.9900851,2.040169,4.783034,-0.39048386,-0.62849563,0.8489188,0.07224477,0.000000
123,2,0,0,0,0,0.320132,1.5894442,1.8395689,4.0744,-50.144535,-2.080735,13.345642,-0.09485657,0.000000
123,2,0,0,0,0,0.236772,4.0691195,3.306972,23.086937,-56.31836,-0.58650196,4.0343432,0.1450321,0.000000
124,2,0,0,0,0,0.748298,1.5522552,1.9578658,4.9178214,-54.19208,-2.0863209,-7.3602357,0.07557458,0.000000
124,2,0,0,0,0,0.614942,2.083602,2.04012,4.6951265,0.45394516,-0.5457525,0.89463925,0.17567828,0.000000
124,2,0,0,0,0,0.260282,3.9589696,3.255165,22.500584,-55.599567,-0.61767054,4.006766,0.151914,0.000000
124,2,0,0,0,0,0.251850,1.4995632,1.8348267,3.9974985,-49.033794,-2.11276,12.717856,-0.2810074,0.000000
124,2,0,0,0,0,0.215105,2.5871978,2.5028734,6.331116,-47.928123,-1.1157565,3.2055373,0.00801677,0.000000
125,2,0,0,0,0,0.789115,1.5638485,1.9273987,4.722709,-57.38352,-2.0963953,-7.4834538,0.043604396,0.000000
125,2,0,0,0,0,0.532341,1.8266736,1.9668432,4.524219,0.47075272,-0.66424865,1.0187306,0.12441234,0.000000
125,2,0,0,0,0,0.265993,4.07389,3.3248234,22.61177,-55.316597,-0.5701752,4.093074,0.17074832,0.000000
125,2,0,0,0,0,0.211637,1.5869584,1.9792401,4.6188416,-47.79419,-2.0072725,12.689634,-0.23766053,0.000000
126,2,0,0,0,0,0.863316,1.531564,1.8983887,4.5457115,-60.814625,-2.2649617,-7.495885,0.032214522,0.000000
126,2,0,0,0,0,0.550749,2.068177,2.0331373,4.6419945,-0.31265068,-0.5178376,0.93556654,0.047333483,0.000000
126,2,0,0,0,0,0.271669,4.0053415,3.2567267,22.851545,-56.31241,-0.65930444,3.8915389,0.17303643,0.000000
126,2,0,0,0,0,0.227783,2.6145387,2.469006,6.5931835,-48.926952,-1.1149948,3.097282,0.05490047,0.000000
126,2,0,0,0,0,0.216489,1.5689232,1.9578892,4.525112,-48.543343,-2.1340714,12.389882,-0.31582195,0.000000
127,2,0,0,0,0,0.866289,1.5394036,1.8783847,4.4849977,-63.76706,-2.3090842,-7.6427155,0.08485259,0.000000
127,2,0,0,0,0,0.528220,1.8535304,1.9674038,4.508705,-0.29265404,-0.61770016,0.80488217,-0.019896341,0.000000
127,2,0,0,0,0,0.433841,2.5574467,2.4340706,5.8691072,-47.997902,-1.0934848,3.0698707,0.020659296,0.000000
127,2,0,0,0,0,0.214155,4.16981,3.437213,22.26351,-56.03855,-0.59341574,4.04136,0.13297826,0.000000
128,2,0,0,0,0,0.729895,1.5057732,1.9067988,4.479167,-66.53265,-2.3804235,-7.7643347,0.09515858,0.000000
128,2,0,0,0,0,0.531319,2.0918841,2.0544672,4.606461,-0.4994383,-0.3424511,0.7522611,0.010658119,0.000000
128,2,0,0,0,0,0.266759,2.4322095,2.404895,5.982235,-48.38446,-1.108532,2.9705422,0.031370424,0.000000
128,2,0,0,0,0,0.204674,4.153592,3.4601212,22.175125,-56.033886,-0.5105809,4.0640116,0.13130501,0.000000
129,2,0,0,0,0,0.813828,1.5335926,1.8669953,4.3692904,-69.5711,-2.3740256,-7.928424,0.07520801,0.000000
129,2,0,0,0,0,0.597976,2.1181087,2.0582366,4.6342025,-0.58373356,-0.28616455,0.7024286,0.0052672676,0.000000
129,2,0,0,0,0,0.334324,2.4207935,2.317174,5.5420833,-47.999413,-1.02436,2.925671,0.012601074,0.000000
130,2,0,0,0,0,0.862308,1.5527439,1.8619618,4.3503757,-72.28856,-2.431478,-8.127636,0.05146407,0.000000
130,2,0,0,0,0,0.540905,2.022754,2.04866,4.627265,-0.47869205,-0.44422418,0.7083173,0.03603086,0.000000
130,2,0,0,0,0,0.259251,2.42922,2.3744125,5.9395275,-48.207783,-1.0567211,2.935345,0.03758335,0.000000
131,2,0,0,0,0,0.829252,1.5906708,1.8270037,4.1523023,-75.09923,-2.4365506,-8.271838,0.07643503,0.000000
131,2,0,0,0,0,0.623176,2.0122051,2.0120187,4.5112824,-0.54023075,-0.4713622,0.7160678,-0.0018948505,0.000000
131,2,0,0,0,0,0.310955,2.5205245,2.3877242,5.8056955,-47.86594,-1.0238831,2.9460745,-0.0026210407,0.000000
131,2,0,0,0,0,0.206508,4.2436614,3.4766145,22.182364,-54.385513,-0.35223386,4.1050286,0.12141817,0.000000
132,2,0,0,0,0,0.698955,1.4633486,1.7898967,4.268021,-77.9819,-2.6321063,-8.401565,-0.018939506,0.000000
132,2,0,0,0,0,0.621866,1.9758873,2.0258946,4.567886,-0.42014122,-0.57300854,0.7510108,-0.0028453355,0.000000
132,2,0,0,0,0,0.269546,4.1469736,3.4345136,23.278114,-55.72295,-0.4287966,3.8961716,0.150528,0.000000
