0,2,0,0,0,0,0.713298,1.5204749,1.8438467,4.2473917,-15.286297,-0.29824162,-4.5804715,0.45044464,0.000000
0,2,0,0,0,0,0.662549,2.2438202,2.0178623,4.4573455,0.0315603,0.7214786,-0.10378796,0.06831219,0.000000
0,2,0,0,0,0,0.570826,1.8952283,2.0744948,4.771797,-10.702743,0.27356085,2.1559865,0.43169782,0.000000
0,2,0,0,0,0,0.524546,1.6864104,1.9754583,4.585621,-69.740234,-2.5210347,-15.412399,-0.38219017,0.000000
0,2,0,0,0,0,0.398687,1.9499071,2.2461305,5.417247,-50.267067,-1.7676451,-24.557657,1.0179611,0.000000
0,2,0,0,0,0,0.345330,2.8213673,2.846383,7.5814705,-23.973156,0.0059276223,-8.03238,0.55348194,0.000000
1,2,0,0,0,0,0.681626,1.530818,1.8165444,4.107724,-15.151349,-0.34762043,-4.5526075,0.47752893,0.000000
1,2,0,0,0,0,0.658290,2.2556717,2.0301328,4.511182,0.07128954,0.68223524,-0.1181815,0.06796485,0.000000
1,2,0,0,0,0,0.595989,1.8716451,2.0605464,4.80163,-10.9622345,0.21538422,2.040481,0.42788476,0.000000
1,2,0,0,0,0,0.474885,1.7189598,2.0010328,4.658909,-69.73692,-2.5297942,-15.368872,-0.4288199,0.000000
1,2,0,0,0,0,0.421037,2.0209155,2.249845,5.355901,-50.250237,-1.8064349,-24.64621,0.99346644,0.000000
1,2,0,0,0,0,0.354396,2.8349967,2.8555863,7.6727805,-23.986588,0.011816859,-8.048225,0.5312691,0.000000
2,2,0,0,0,0,0.717878,1.5225294,1.8331099,4.1973333,-15.269895,-0.33749798,-4.603567,0.45198715,0.000000
2,2,0,0,0,0,0.647686,2.2262115,2.01525,4.4590173,0.050994515,0.68144494,-0.06848028,0.08868025,0.000000
2,2,0,0,0,0,0.582639,1.8617938,2.0525465,4.769335,-10.944139,0.21640632,2.044259,0.42014235,0.000000
2,2,0,0,0,0,0.527556,1.6779624,1.9729676,4.561447,-69.731026,-2.5229893,-15.405645,-0.3651386,0.000000
2,2,0,0,0,0,0.358730,2.099691,2.3303227,5.6467714,-50.160206,-1.7843615,-24.471817,0.9419931,0.000000
2,2,0,0,0,0,0.348838,2.7921767,2.8352876,7.570345,-24.020206,-0.03311494,-8.03786,0.5411811,0.000000
3,2,0,0,0,0,0.709881,1.5314293,1.8392446,4.197603,-15.267875,-0.3253371,-4.553571,0.41985753,0.000000
3,2,0,0,0,0,0.680145,2.26086,2.015727,4.460958,0.092419386,0.6953981,-0.14411089,0.06758717,0.000000
3,2,0,0,0,0,0.579457,1.872483,2.055006,4.816059,-10.935934,0.22713277,2.0358849,0.4234206,0.000000
3,2,0,0,0,0,0.408950,1.71156,2.0228376,4.7784967,-69.741554,-2.5161395,-15.41958,-0.44029683,0.000000
3,2,0,0,0,0,0.369856,2.052991,2.308104,5.584797,-50.124428,-1.8425902,-24.533321,0.9570184,0.000000
3,2,0,0,0,0,0.343510,2.8405137,2.8522675,7.700461,-23.982655,-0.0031953752,-7.9938607,0.5272998,0.000000
4,2,0,0,0,0,0.726935,1.5100988,1.8407507,4.2455716,-15.27742,-0.33513802,-4.577161,0.44299346,0.000000
4,2,0,0,0,0,0.659714,2.2316031,2.0160227,4.468462,0.058263063,0.6818056,-0.07963869,0.09418328,0.000000
4,2,0,0,0,0,0.602513,1.8620176,2.051167,4.828426,-10.95977,0.22221228,2.0468137,0.42594734,0.000000
4,2,0,0,0,0,0.457087,1.6647851,1.9657388,4.569112,-69.71953,-2.5615375,-15.449261,-0.4164133,0.000000
4,2,0,0,0,0,0.365849,2.0771089,2.2624726,5.423629,-49.755585,-1.7994399,-24.103142,1.0124545,0.000000
4,2,0,0,0,0,0.351123,2.7677016,2.8266883,7.464245,-24.0493,-0.031757712,-8.044339,0.5699318,0.000000
5,2,0,0,0,0,0.738167,1.5145605,1.8276079,4.1796007,-15.2378435,-0.33422863,-4.5472717,0.4429715,0.000000
5,2,0,0,0,0,0.673341,2.2499213,2.0261612,4.494197,0.056674957,0.6912757,-0.12052491,0.07108323,0.000000
5,2,0,0,0,0,0.590099,1.8904153,2.078555,4.829048,-10.670399,0.24169338,2.1546247,0.41485435,0.000000
5,2,0,0,0,0,0.449262,1.6712347,1.9834864,4.6643934,-69.68019,-2.5396671,-15.488751,-0.36168054,0.000000
5,2,0,0,0,0,0.388440,2.114265,2.3388271,5.646686,-50.121346,-1.8162608,-24.478327,0.97999215,0.000000
5,2,0,0,0,0,0.331750,2.8066983,2.8403082,7.6720705,-23.9501,-0.010053128,-8.068591,0.53906405,0.000000
6,2,0,0,0,0,0.685541,2.2660513,2.0186613,4.4727764,0.09586537,0.6979268,-0.15487733,0.06710546,0.000000
6,2,0,0,0,0,0.627882,1.5407233,1.8236597,4.124466,-15.145301,-0.318666,-4.5303545,0.4855445,0.000000
6,2,0,0,0,0,0.568960,1.8949566,2.0794938,4.805503,-10.6556225,0.24192521,2.1375494,0.41514614,0.000000
6,2,0,0,0,0,0.432198,1.7229104,2.0120528,4.730664,-69.70288,-2.5651956,-15.408619,-0.41217938,0.000000
6,2,0,0,0,0,0.358595,2.1762972,2.3383021,5.6558027,-49.642326,-1.7686398,-24.038708,0.99672544,0.000000
6,2,0,0,0,0,0.341410,2.786512,2.8295023,7.607352,-23.989994,-0.0005053878,-8.103812,0.5414322,0.000000
7,2,0,0,0,0,0.722706,1.5199368,1.8377453,4.220675,-15.246782,-0.3340329,-4.568035,0.44277257,0.000000
7,2,0,0,0,0,0.652563,2.2318606,2.0219867,4.4895477,0.06416237,0.68176997,-0.11174774,0.07240989,0.000000
7,2,0,0,0,0,0.591394,1.8655965,2.04359,4.7649465,-10.936011,0.22390252,2.027811,0.43150955,0.000000
7,2,0,0,0,0,0.460536,1.6990554,1.9873178,4.65756,-69.65622,-2.5676382,-15.431337,-0.36360514,0.000000
7,2,0,0,0,0,0.392892,2.1231484,2.3227437,5.6162024,-49.621872,-1.7624412,-24.010561,1.0169957,0.000000
7,2,0,0,0,0,0.330576,2.7860227,2.823879,7.52503,-23.987286,-0.0187307,-8.127445,0.55984855,0.000000
7,2,0,0,0,0,0.283205,1.917453,2.0884793,4.848149,5.1644535,0.39295658,-15.068948,-0.1062022,0.000000
8,2,0,0,0,0,0.721540,1.5487328,1.8499932,4.2432623,-15.279967,-0.29706016,-4.5747976,0.4338901,0.000000
8,2,0,0,0,0,0.670865,2.2475164,2.0120668,4.4439907,0.07818651,0.7022162,-0.104005426,0.081661895,0.000000
8,2,0,0,0,0,0.581984,1.893132,2.0824363,4.8324184,-10.659062,0.25230747,2.1661706,0.42138672,0.000000
8,2,0,0,0,0,0.482067,1.7591629,2.0305803,4.779599,-69.61601,-2.5300293,-15.421344,-0.31743306,0.000000
8,2,0,0,0,0,0.366782,2.0156202,2.281827,5.4580154,-49.470078,-1.7542529,-23.780506,0.9837047,0.000000
8,2,0,0,0,0,0.333976,2.8049502,2.8156154,7.567257,-23.974108,-0.02828759,-8.062196,0.5227665,0.000000
8,2,0,0,0,0,0.211039,1.8117244,2.0976543,4.798484,44.016823,2.0734792,12.991665,0.37654603,0.000000
9,2,0,0,0,0,0.691475,1.5190622,1.8316951,4.1839676,-15.226564,-0.32936227,-4.5683713,0.4449052,0.000000
9,2,0,0,0,0,0.666013,2.2438154,2.0227015,4.4886007,0.07607639,0.700807,-0.1161094,0.0694276,0.000000
9,2,0,0,0,0,0.586033,1.8721747,2.0476797,4.781373,-10.930161,0.22913429,2.0270114,0.41766703,0.000000
9,2,0,0,0,0,0.430115,1.7590897,2.0322077,4.7737355,-69.69284,-2.5371463,-15.471415,-0.39949992,0.000000
9,2,0,0,0,0,0.394258,2.0941882,2.178871,5.340969,-49.28711,-1.808671,-23.489029,0.92757803,0.000000
9,2,0,0,0,0,0.341654,2.8012366,2.8332195,7.5955625,-23.979326,-0.008949012,-8.046124,0.5268092,0.000000
10,2,0,0,0,0,0.707701,1.514175,1.8353995,4.21647,-15.280981,-0.32806697,-4.6091104,0.45029795,0.000000
10,2,0,0,0,0,0.642674,2.224968,2.0222697,4.4831553,0.043812513,0.6922529,-0.08595973,0.08011632,0.000000
10,2,0,0,0,0,0.589566,1.8949473,2.0940933,4.875291,-10.672939,0.25423732,2.1306775,0.40025336,0.000000
10,2,0,0,0,0,0.403965,1.7651038,2.0493298,4.8576713,-69.624886,-2.5014174,-15.467294,-0.34930903,0.000000
10,2,0,0,0,0,0.367408,2.0754218,2.1754212,5.3845587,-49.229263,-1.8032765,-23.368382,0.93598217,0.000000
10,2,0,0,0,0,0.332347,2.7697506,2.8038268,7.454229,-23.962284,-0.032406956,-8.170902,0.5457506,0.000000
10,2,0,0,0,0,0.225440,1.8098168,1.991993,4.451488,39.37044,3.0243669,33.72065,0.71127087,0.000000
11,2,0,0,0,0,0.734336,1.5076168,1.8432813,4.259848,-15.2637005,-0.32828224,-4.5811667,0.4246378,0.000000
11,2,0,0,0,0,0.660384,2.239765,2.0240507,4.491053,0.06505144,0.7014766,-0.12048766,0.06833286,0.000000
11,2,0,0,0,0,0.579480,1.8869171,2.0788598,4.826461,-10.647389,0.25400558,2.1296523,0.41401303,0.000000
11,2,0,0,0,0,0.385421,2.0118718,2.1708577,5.2683887,-49.10457,-1.8203006,-23.294456,0.9210917,0.000000
11,2,0,0,0,0,0.336520,2.8030393,2.835027,7.5657578,-23.955853,0.0019117296,-8.091913,0.56366146,0.000000
11,2,0,0,0,0,0.330545,1.5758696,1.9092633,4.3367434,-69.17247,-2.6218114,-15.573241,-0.36662608,0.000000
12,2,0,0,0,0,0.726756,1.5272816,1.8390182,4.2234216,-15.279884,-0.3104737,-4.612706,0.4626049,0.000000
12,2,0,0,0,0,0.585449,1.8751011,2.069694,4.8235655,-10.9645605,0.24063984,2.0802603,0.43565154,0.000000
12,2,0,0,0,0,0.576421,2.2179506,2.0351543,4.506028,0.06335962,0.7226846,-0.07138342,0.02841523,0.000000
12,2,0,0,0,0,0.398598,2.068678,2.1670818,5.2376328,-49.077606,-1.7956388,-23.304054,0.9072249,0.000000
12,2,0,0,0,0,0.348120,1.7523057,2.030477,4.5522327,-69.171776,-2.5095007,-15.753697,2.7665205,0.000000
12,2,0,0,0,0,0.338322,2.7692254,2.8241515,7.541891,-23.96593,-0.007674217,-8.105718,0.5568703,0.000000
12,2,0,0,0,0,0.225829,1.5337346,1.852823,3.9543571,-74.38163,-2.8121853,-13.85911,-0.07502411,0.000000
13,2,0,0,0,0,0.718185,1.515193,1.8280005,4.170226,-15.230453,-0.3235701,-4.5697975,0.43384147,0.000000
13,2,0,0,0,0,0.654754,2.2325497,2.0201714,4.4830265,0.05392897,0.7002036,-0.11729053,0.077194005,0.000000
13,2,0,0,0,0,0.582808,1.903294,2.0850072,4.8191113,-10.670038,0.27114958,2.120347,0.4097281,0.000000
13,2,0,0,0,0,0.399512,1.62988,1.8979554,4.210931,-69.11041,-2.5908852,-15.609179,-0.35041064,0.000000
13,2,0,0,0,0,0.360623,2.7773995,2.8247128,7.543521,-23.996359,-0.013929576,-8.056831,0.5329138,0.000000
13,2,0,0,0,0,0.344115,2.0577152,2.2055576,5.34482,-48.966625,-1.7994751,-23.212221,0.9160826,0.000000
14,2,0,0,0,0,0.710206,1.5532601,1.8492362,4.2353415,-15.2865,-0.28671405,-4.6284866,0.43499452,0.000000
14,2,0,0,0,0,0.693013,2.275735,2.0399907,4.5528245,0.08289933,0.70981526,-0.15999037,0.05459173,0.000000
14,2,0,0,0,0,0.601621,1.8625216,2.054814,4.7921762,-10.960872,0.24442652,2.0217237,0.42057848,0.000000
14,2,0,0,0,0,0.390922,1.628383,1.8864346,4.156993,-69.07242,-2.5734887,-15.640961,-0.36200327,0.000000
14,2,0,0,0,0,0.335560,2.8393073,2.8547144,7.6558,-23.969429,0.026006162,-8.117366,0.54201925,0.000000
14,2,0,0,0,0,0.322248,1.9932308,2.1875672,5.1777806,-48.857105,-1.7643096,-23.048878,0.919161,0.000000
14,2,0,0,0,0,0.230353,1.7535932,2.0200067,4.8415956,-66.372055,-2.1732688,-9.973261,-0.096367046,0.000000
15,2,0,0,0,0,0.729119,1.5081091,1.8346398,4.210203,-15.262482,-0.31562355,-4.5938888,0.42351598,0.000000
15,2,0,0,0,0,0.656022,2.2469325,2.0238,4.486403,0.024826884,0.72012794,-0.09840703,0.08968426,0.000000
15,2,0,0,0,0,0.582578,1.8799052,2.0731027,4.8151045,-10.644993,0.25899628,2.1240318,0.42439222,0.000000
15,2,0,0,0,0,0.443756,1.5883207,1.9001209,4.302025,-69.03341,-2.5560377,-15.659453,-0.35364223,0.000000
15,2,0,0,0,0,0.358783,1.8987054,2.0705106,4.887543,-48.6288,-1.788457,-22.842445,0.89676225,0.000000
15,2,0,0,0,0,0.341029,2.787756,2.8194737,7.539378,-24.016918,-0.0011769831,-8.1060095,0.5490477,0.000000
16,2,0,0,0,0,0.708161,1.5224147,1.8395386,4.2159986,-15.271932,-0.3021326,-4.598726,0.43885773,0.000000
16,2,0,0,0,0,0.635686,2.2213864,2.0210583,4.470979,0.040396452,0.7147049,-0.0937587,0.08477133,0.000000
16,2,0,0,0,0,0.572233,1.8978193,2.0796254,4.7847757,-10.690793,0.28127548,2.1310155,0.42451453,0.000000
16,2,0,0,0,0,0.444640,1.6099025,1.9082294,4.3311157,-69.00671,-2.580156,-15.687098,-0.3437019,0.000000
16,2,0,0,0,0,0.392433,1.9062456,2.0759902,4.920578,-48.616886,-1.7256736,-22.788656,0.8962239,0.000000
16,2,0,0,0,0,0.335442,2.7987287,2.8102026,7.5567837,-23.953323,-0.013111204,-8.087461,0.5433385,0.000000
17,2,0,0,0,0,0.712982,1.5156059,1.8442197,4.251605,-15.241184,-0.29375973,-4.5636897,0.4422608,0.000000
17,2,0,0,0,0,0.671330,2.2596788,2.0261464,4.4932365,0.07569361,0.72453976,-0.16612244,0.042999208,0.000000
17,2,0,0,0,0,0.574479,1.8969498,2.088799,4.8327208,-10.658659,0.278739,2.117071,0.41497034,0.000000
17,2,0,0,0,0,0.473087,1.8733822,2.0387368,4.6732545,-48.515663,-1.7202203,-22.798826,0.8775467,0.000000
17,2,0,0,0,0,0.449972,1.5834459,1.9051633,4.314996,-68.92795,-2.5867448,-15.727548,-0.36239114,0.000000
17,2,0,0,0,0,0.325631,2.8562384,2.8534834,7.682432,-23.941591,0.03018552,-8.081968,0.55731726,0.000000
18,2,0,0,0,0,0.729558,1.5168197,1.8428352,4.2521405,-15.261848,-0.2964708,-4.5804796,0.44521838,0.000000
18,2,0,0,0,0,0.645712,2.2290187,2.021686,4.4859977,0.056815386,0.7165623,-0.08598101,0.08146132,0.000000
18,2,0,0,0,0,0.592462,1.8770621,2.0669007,4.790075,-10.646212,0.27073252,2.1034513,0.41394803,0.000000
18,2,0,0,0,0,0.504420,1.6245567,1.9329538,4.4210186,-68.74895,-2.5985332,-15.718364,-0.34262797,0.000000
18,2,0,0,0,0,0.407841,1.8627964,2.0718503,4.7922373,-48.42695,-1.7217457,-22.684898,0.878834,0.000000
18,2,0,0,0,0,0.347211,2.779139,2.8097231,7.440633,-23.998169,-0.0064320564,-8.153521,0.54829264,0.000000
18,2,0,0,0,0,0.205500,2.01995,2.081206,4.704301,5.317649,0.49276742,-15.034813,-0.09273182,0.000000
19,2,0,0,0,0,0.734037,1.5151553,1.8343961,4.208353,-15.24282,-0.29190445,-4.5736485,0.43854767,0.000000
19,2,0,0,0,0,0.693481,2.2592428,2.0314806,4.526759,0.07272434,0.7220118,-0.15772802,0.048253633,0.000000
19,2,0,0,0,0,0.582805,1.879373,2.0594451,4.7938337,-10.932074,0.2681654,2.0157146,0.4176039,0.000000
19,2,0,0,0,0,0.518459,1.6266718,1.9142869,4.3176074,-68.84693,-2.5012968,-15.681475,-0.33749956,0.000000
19,2,0,0,0,0,0.462227,1.9312664,2.0836446,4.839163,-48.41046,-1.7036374,-22.625185,0.8507296,0.000000
19,2,0,0,0,0,0.325834,2.7699478,2.831571,7.5615454,-23.965424,0.008858651,-8.058515,0.5621371,0.000000
20,2,0,0,0,0,0.711576,1.5151174,1.8364866,4.2200265,-15.259592,-0.2894277,-4.605279,0.46342054,0.000000
20,2,0,0,0,0,0.633465,2.2289772,2.0248923,4.4869475,0.033328414,0.7271452,-0.09311503,0.0836785,0.000000
20,2,0,0,0,0,0.604663,1.8702673,2.055892,4.8270187,-10.951873,0.26964563,2.0414927,0.42577165,0.000000
20,2,0,0,0,0,0.444584,1.6236812,1.9315326,4.386713,-68.831635,-2.6169834,-15.752274,-0.35620132,0.000000
20,2,0,0,0,0,0.430355,1.8422246,2.0640368,4.7586217,-48.35967,-1.7427187,-22.721094,0.8400103,0.000000
20,2,0,0,0,0,0.337510,2.7592688,2.8126297,7.5151763,-24.003023,0.009469926,-8.176893,0.53388184,0.000000
20,2,0,0,0,0,0.224117,1.5373887,1.8869604,3.9624825,-74.41,-2.789104,-13.867733,-0.07118877,0.000000
21,2,0,0,0,0,0.686381,1.5248959,1.8410357,4.214492,-15.244016,-0.28405535,-4.5713415,0.4292508,0.000000
21,2,0,0,0,0,0.667903,2.2452917,2.0226195,4.488079,0.06792402,0.7374234,-0.12492108,0.073453285,0.000000
21,2,0,0,0,0,0.569081,1.8779409,2.0643754,4.784287,-10.951182,0.26403272,2.0231462,0.41868606,0.000000
21,2,0,0,0,0,0.488228,1.6064308,1.9340913,4.464406,-68.56362,-2.586243,-15.808631,-0.33442834,0.000000
21,2,0,0,0,0,0.364370,1.9388785,2.1292715,4.938102,-48.111225,-1.6803701,-22.445139,0.802644,0.000000
21,2,0,0,0,0,0.348141,2.8219342,2.842465,7.647338,-23.95252,0.025211155,-8.056725,0.5319999,0.000000
21,2,0,0,0,0,0.216385,2.0234232,2.2248313,5.147312,5.431221,0.3252427,-15.783963,-0.24386594,0.000000
22,2,0,0,0,0,0.728607,1.5166833,1.840947,4.235467,-15.252137,-0.27762452,-4.575984,0.43819577,0.000000
22,2,0,0,0,0,0.652780,2.2296643,2.0218756,4.483034,0.03629303,0.7247212,-0.1009565,0.089671955,0.000000
22,2,0,0,0,0,0.603063,1.8710076,2.0567198,4.8264637,-10.964112,0.26650822,2.034319,0.43334186,0.000000
22,2,0,0,0,0,0.506622,1.6423693,1.9563372,4.550482,-68.45239,-2.542463,-15.827205,-0.33280283,0.000000
22,2,0,0,0,0,0.423291,1.8753799,2.0771303,4.756013,-48.183598,-1.7173605,-22.411804,0.82892805,0.000000
22,2,0,0,0,0,0.340458,2.7913089,2.8199625,7.519866,-23.983805,0.010592431,-8.117527,0.5543908,0.000000
22,2,0,0,0,0,0.259300,1.5559411,1.914032,4.117406,-74.34819,-2.7861528,-13.867627,-0.076500334,0.000000
23,2,0,0,0,0,0.648805,1.5481274,1.835958,4.174834,-15.200736,-0.27168992,-4.5829253,0.4866081,0.000000
23,2,0,0,0,0,0.646075,2.2293968,2.0229957,4.486876,0.045079708,0.72882056,-0.09299177,0.08129552,0.000000
23,2,0,0,0,0,0.574157,1.8965632,2.0796602,4.7986326,-10.701727,0.29615313,2.1455386,0.42584246,0.000000
23,2,0,0,0,0,0.488217,1.6481397,1.9434712,4.4948277,-68.33115,-2.4820583,-15.887302,-0.312486,0.000000
23,2,0,0,0,0,0.406547,1.8777758,2.0852127,4.7460146,-48.074173,-1.6945525,-22.482792,0.76333964,0.000000
23,2,0,0,0,0,0.350249,2.809712,2.8409576,7.5513268,-23.970463,-0.0009312928,-8.013849,0.537049,0.000000
23,2,0,0,0,0,0.276448,1.5518137,1.9109129,4.172371,-74.33814,-2.7395973,-13.831276,0.03864051,0.000000
24,2,0,0,0,0,0.721128,1.5219653,1.84405,4.251066,-15.263347,-0.28716442,-4.608156,0.47835225,0.000000
24,2,0,0,0,0,0.676704,2.2625122,2.0450928,4.567614,0.0516057,0.746279,-0.14406163,0.05332635,0.000000
24,2,0,0,0,0,0.570058,1.8799822,2.0614915,4.7875834,-10.9397545,0.2772218,2.0261133,0.43326432,0.000000
24,2,0,0,0,0,0.484853,1.635392,1.9362998,4.5000896,-68.14763,-2.5336754,-15.971265,-0.29009634,0.000000
24,2,0,0,0,0,0.422150,1.8964876,2.1005216,4.852142,-48.09202,-1.7150574,-22.39163,0.83565426,0.000000
24,2,0,0,0,0,0.328284,2.8098602,2.8403406,7.636801,-23.934662,0.033284277,-8.0675745,0.5585732,0.000000
25,2,0,0,0,0,0.727166,1.5201026,1.8238708,4.1578856,-15.197616,-0.28271967,-4.559596,0.45354778,0.000000
25,2,0,0,0,0,0.660545,2.2518458,2.0306025,4.5145683,0.06803012,0.73496974,-0.13119546,0.07091878,0.000000
25,2,0,0,0,0,0.572333,1.8938842,2.075502,4.788206,-10.674597,0.2967542,2.1333308,0.43433687,0.000000
25,2,0,0,0,0,0.479450,1.9092114,2.1001124,4.8214693,-48.11888,-1.6856924,-22.365282,0.84995776,0.000000
25,2,0,0,0,0,0.387750,1.7342424,2.0890155,4.916029,-67.9131,-2.4902105,-16.16873,-0.4025828,0.000000
25,2,0,0,0,0,0.340922,2.8143659,2.8437452,7.6338296,-23.965805,0.017358989,-8.061662,0.55779713,0.000000
25,2,0,0,0,0,0.236046,1.5850718,1.9375225,4.247653,-74.325966,-2.7131424,-13.836443,-0.053324033,0.000000
26,2,0,0,0,0,0.685408,1.5305197,1.8385329,4.2148643,-15.230595,-0.27827546,-4.593149,0.47391614,0.000000
26,2,0,0,0,0,0.636766,2.2264223,2.0209363,4.4700017,0.035418153,0.73883295,-0.091522545,0.088297695,0.000000
26,2,0,0,0,0,0.576448,1.878953,2.057651,4.7781043,-10.94928,0.27358404,2.0328047,0.4301434,0.000000
26,2,0,0,0,0,0.393069,1.7331436,2.0414686,4.729844,-67.81146,-2.495674,-16.258478,-0.40661463,0.000000
26,2,0,0,0,0,0.379863,1.8756427,2.1239243,4.853647,-47.971992,-1.6863,-22.322357,0.8065909,0.000000
26,2,0,0,0,0,0.361975,2.817009,2.8396707,7.5811157,-23.973064,0.031089604,-8.094209,0.52712774,0.000000
26,2,0,0,0,0,0.274785,1.5743585,1.9588037,4.288579,-74.35142,-2.7232025,-13.911005,-0.045730084,0.000000
26,2,0,0,0,0,0.259448,1.7799288,2.0916295,4.802535,43.90645,2.0775905,12.940542,0.6077907,0.000000
27,2,0,0,0,0,0.720295,1.5036342,1.8365933,4.2306943,-15.260036,-0.28937203,-4.609539,0.44211963,0.000000
27,2,0,0,0,0,0.682230,2.2599463,2.017891,4.478801,0.0736748,0.74560595,-0.11864707,0.09307685,0.000000
27,2,0,0,0,0,0.574354,1.8798065,2.0613046,4.7974753,-10.942258,0.28262493,2.039526,0.43354192,0.000000
27,2,0,0,0,0,0.466327,1.9141637,2.1030855,4.813504,-48.09956,-1.6625247,-22.367208,0.83815396,0.000000
27,2,0,0,0,0,0.440874,1.7468563,2.0741832,4.862011,-67.78894,-2.470839,-16.307629,-0.3928547,0.000000
27,2,0,0,0,0,0.329657,2.7873688,2.838027,7.5910277,-23.949251,0.0383524,-8.040651,0.5655074,0.000000
28,2,0,0,0,0,0.702484,1.5359265,1.8438746,4.238016,-15.268261,-0.27643505,-4.623006,0.4730219,0.000000
28,2,0,0,0,0,0.673216,2.2480474,2.0095675,4.4364214,0.06695318,0.7538465,-0.10705677,0.08443825,0.000000
28,2,0,0,0,0,0.569378,1.8998429,2.0855849,4.8361974,-10.6709175,0.29561406,2.122374,0.4197009,0.000000
28,2,0,0,0,0,0.382722,1.8063629,1.9961739,4.7083654,-48.06639,-1.6427917,-22.183796,0.80022985,0.000000
28,2,0,0,0,0,0.371215,1.722576,2.0476773,4.7985144,-67.67004,-2.491122,-16.332607,-0.43425047,0.000000
28,2,0,0,0,0,0.333723,2.798861,2.8366125,7.598922,-23.969114,0.01855722,-8.078615,0.5630851,0.000000
28,2,0,0,0,0,0.209790,1.744076,2.0110207,4.7903337,-66.378845,-2.1248057,-9.970634,-0.10500317,0.000000
29,2,0,0,0,0,0.686430,1.519318,1.8271848,4.1819115,-15.174518,-0.28057545,-4.598728,0.4889879,0.000000
29,2,0,0,0,0,0.655224,2.2342763,2.020969,4.487828,0.07157242,0.7411219,-0.10605824,0.06646378,0.000000
29,2,0,0,0,0,0.567809,1.8954685,2.0867937,4.8285303,-10.662939,0.29915982,2.1365192,0.42973638,0.000000
29,2,0,0,0,0,0.384185,1.7652557,2.0834365,4.9648805,-67.6102,-2.4158335,-16.329136,-0.33761898,0.000000
29,2,0,0,0,0,0.345104,1.8775603,2.140802,4.9480686,-47.938576,-1.6971211,-22.280457,0.8275454,0.000000
29,2,0,0,0,0,0.342684,2.8008697,2.8465211,7.652102,-23.96331,0.04889998,-8.023823,0.5417059,0.000000
29,2,0,0,0,0,0.223214,1.5696883,1.9531481,4.290154,-74.31292,-2.698522,-13.912412,-0.017996317,0.000000
30,2,0,0,0,0,0.719147,1.5477936,1.8586446,4.2945085,-15.2729845,-0.25696895,-4.5965195,0.46057528,0.000000
30,2,0,0,0,0,0.637814,2.2232094,2.025415,4.4932795,0.041131377,0.737719,-0.09262413,0.07789661,0.000000
30,2,0,0,0,0,0.580963,1.8772416,2.0714002,4.864771,-10.943042,0.28514192,2.053862,0.43928844,0.000000
30,2,0,0,0,0,0.435864,1.7847456,1.9731382,4.383402,-67.19963,-2.53609,-16.43343,-0.35040385,0.000000
30,2,0,0,0,0,0.394227,1.7470154,1.9534621,4.581716,-47.9577,-1.6858075,-22.13987,0.79288626,0.000000
30,2,0,0,0,0,0.341188,2.774445,2.8038578,7.4910917,-23.975538,-0.0186387,-8.144278,0.5426439,0.000000
30,2,0,0,0,0,0.215005,1.5798196,1.9590645,4.3221164,-74.21623,-2.654898,-13.872434,-0.07840637,0.000000
31,2,0,0,0,0,0.720361,1.5122433,1.8418521,4.245283,-15.247242,-0.28162676,-4.5883045,0.4542908,0.000000
31,2,0,0,0,0,0.699879,2.2845101,2.0343747,4.5314045,0.07602942,0.7431901,-0.16205657,0.068331555,0.000000
31,2,0,0,0,0,0.568100,1.8783672,2.0660725,4.7858524,-10.950679,0.27929303,2.0188472,0.41778964,0.000000
31,2,0,0,0,0,0.536813,1.759283,1.9743185,4.4956336,-66.95736,-2.5020013,-16.48211,-0.30363888,0.000000
31,2,0,0,0,0,0.332289,1.7867028,1.9701687,4.7021565,-47.996704,-1.6638708,-22.143276,0.8704461,0.000000
31,2,0,0,0,0,0.328343,2.8102608,2.8372648,7.5915775,-23.970354,0.044699818,-8.108953,0.5702816,0.000000
31,2,0,0,0,0,0.208678,2.2854586,2.4328701,5.8069377,5.4982657,0.5319074,-15.744549,-0.2749342,0.000000
32,2,0,0,0,0,0.726799,1.5497459,1.8571141,4.286509,-15.29108,-0.2529644,-4.5970936,0.459088,0.000000
32,2,0,0,0,0,0.639126,2.2265568,2.0255926,4.493822,0.0373801,0.7381978,-0.09458399,0.084564716,0.000000
32,2,0,0,0,0,0.619696,1.7003978,1.9657378,4.5059505,-66.55069,-2.4935062,-16.591866,-0.31096685,0.000000
32,2,0,0,0,0,0.587290,1.896258,2.0854354,4.8457146,-10.657717,0.29613623,2.146804,0.42370644,0.000000
32,2,0,0,0,0,0.357681,1.714966,1.929029,4.5657625,-47.956512,-1.6878493,-22.217434,0.8204683,0.000000
32,2,0,0,0,0,0.341971,2.7838717,2.8207746,7.529955,-24.009258,0.035125047,-8.150368,0.5279178,0.000000
32,2,0,0,0,0,0.277558,1.5594113,1.947251,4.270959,-74.25992,-2.737888,-14.059954,-0.055859387,0.000000
32,2,0,0,0,0,0.236745,1.7300434,2.0117435,4.6305337,43.784657,2.024495,12.680555,0.13967869,0.000000
33,2,0,0,0,0,0.736961,1.5091956,1.8443574,4.2682066,-15.293608,-0.28524357,-4.5989556,0.44822636,0.000000
33,2,0,0,0,0,0.665726,2.2437973,2.0221372,4.489442,0.060715556,0.7430408,-0.11383641,0.07157883,0.000000
33,2,0,0,0,0,0.622039,1.8003316,1.9861267,4.5215344,-66.30517,-2.473537,-16.675829,-0.28014767,0.000000
33,2,0,0,0,0,0.578332,1.8759515,2.0554428,4.769584,-10.947774,0.27918333,2.0210779,0.41917858,0.000000
33,2,0,0,0,0,0.390894,1.8458107,2.086784,4.7846403,-47.97224,-1.6725881,-22.270317,0.84475243,0.000000
33,2,0,0,0,0,0.329291,2.8016033,2.8323257,7.607343,-23.980125,0.033164024,-8.078506,0.5537002,0.000000
34,2,0,0,0,0,0.741149,1.5288382,1.8465993,4.2572746,-15.28955,-0.26177385,-4.6068287,0.4391985,0.000000
34,2,0,0,0,0,0.677682,2.2652378,2.0241094,4.481408,0.06360364,0.76127315,-0.13462746,0.06570177,0.000000
34,2,0,0,0,0,0.573481,1.8740077,2.048942,4.7582016,-10.940432,0.28762564,2.0249665,0.4215072,0.000000
34,2,0,0,0,0,0.478248,1.7037381,1.954221,4.489113,-66.10425,-2.4525568,-16.742554,-0.25936535,0.000000
34,2,0,0,0,0,0.342874,2.810597,2.8381956,7.565551,-23.990416,0.020305365,-8.069959,0.55993724,0.000000
34,2,0,0,0,0,0.329861,1.8201241,1.9675857,4.439662,-48.124054,-1.6329863,-22.226057,0.7382735,0.000000
34,2,0,0,0,0,0.219599,1.6045678,1.9259473,4.3055577,-74.15726,-2.7030137,-14.116996,-0.053471275,0.000000
35,2,0,0,0,0,0.737041,1.5211036,1.8318129,4.1929216,-15.219646,-0.26237488,-4.561198,0.442805,0.000000
35,2,0,0,0,0,0.661771,2.2334888,2.014692,4.462924,0.056610823,0.74522364,-0.098076046,0.09638978,0.000000
35,2,0,0,0,0,0.601670,1.9014797,2.0803015,4.835261,-10.652981,0.31078884,2.1130216,0.41942635,0.000000
35,2,0,0,0,0,0.380470,1.710408,1.9273822,4.585561,-47.915043,-1.6829425,-22.179699,0.8345319,0.000000
35,2,0,0,0,0,0.374837,1.7193816,1.9785353,4.5884643,-65.58982,-2.3606849,-16.887867,2.8160121,0.000000
35,2,0,0,0,0,0.351174,2.8048317,2.831474,7.565604,-24.000114,0.018535316,-8.069344,0.5383849,0.000000
35,2,0,0,0,0,0.316079,1.5631145,1.9003074,4.3434715,-74.00917,-2.7156286,-14.1015415,-0.0730532,0.000000
36,2,0,0,0,0,0.731894,1.5096109,1.8441063,4.265018,-15.285535,-0.27271906,-4.606179,0.44419333,0.000000
36,2,0,0,0,0,0.692420,2.2730632,2.0412097,4.5593224,0.08237529,0.74660575,-0.15818149,0.05567973,0.000000
36,2,0,0,0,0,0.606838,1.8658609,2.0579004,4.7974296,-10.95595,0.28554258,2.0170763,0.42337948,0.000000
36,2,0,0,0,0,0.508173,1.6148293,1.8781916,4.2158585,-65.285576,-2.4311075,-16.966154,-0.19596255,0.000000
36,2,0,0,0,0,0.361301,1.8222044,2.0769434,4.7687736,-47.957233,-1.702043,-22.291508,0.821601,0.000000
36,2,0,0,0,0,0.334531,2.7632267,2.8209007,7.508604,-23.938545,0.027302265,-8.078636,0.5718374,0.000000
37,2,0,0,0,0,0.716626,1.5245337,1.833252,4.1824446,-15.238936,-0.27788585,-4.577384,0.43350682,0.000000
37,2,0,0,0,0,0.662265,2.2460275,2.0250628,4.5021634,0.07969773,0.7420669,-0.12375367,0.07243889,0.000000
37,2,0,0,0,0,0.594702,1.8761663,2.0461066,4.8076468,-10.939753,0.28521368,2.0162272,0.41529438,0.000000
37,2,0,0,0,0,0.551011,1.6217116,1.9058964,4.280425,-64.97182,-2.3517683,-17.039087,-0.2690227,0.000000
37,2,0,0,0,0,0.387332,1.5608034,1.8972523,4.3097258,-73.97283,-2.7397666,-14.244087,-0.041426737,0.000000
37,2,0,0,0,0,0.349319,1.741418,1.9506567,4.6345425,-47.930984,-1.6539215,-22.133162,0.8581192,0.000000
37,2,0,0,0,0,0.330181,2.818884,2.8407884,7.594343,-23.980518,0.06323713,-8.121476,0.577209,0.000000
38,2,0,0,0,0,0.723369,1.5207425,1.8414046,4.2484255,-15.258078,-0.26308125,-4.611166,0.47831678,0.000000
38,2,0,0,0,0,0.652716,2.2447197,2.019333,4.475333,0.054728985,0.75098467,-0.09383336,0.084141016,0.000000
38,2,0,0,0,0,0.583285,1.8905741,2.068577,4.763594,-10.679731,0.30633348,2.120214,0.42165187,0.000000
38,2,0,0,0,0,0.524028,1.6991932,1.9883944,4.5760136,-64.495224,-2.3137572,-17.20789,-0.20206012,0.000000
38,2,0,0,0,0,0.384242,1.5648596,1.8939583,4.3192353,-74.01012,-2.7438312,-14.342242,-0.00746875,0.000000
38,2,0,0,0,0,0.365793,1.7964238,1.927815,4.372644,-48.096306,-1.6420058,-22.270231,0.78885764,0.000000
38,2,0,0,0,0,0.337402,2.7413497,2.8134685,7.48266,-23.975378,0.02214706,-8.110712,0.565914,0.000000
39,2,0,0,0,0,0.698354,2.2681828,2.03276,4.526651,0.06409979,0.75730693,-0.15731075,0.05943969,0.000000
39,2,0,0,0,0,0.685292,1.5185065,1.8346624,4.195386,-15.238686,-0.26422408,-4.5813155,0.45203775,0.000000
39,2,0,0,0,0,0.588054,1.886008,2.0747874,4.8052216,-10.66112,0.3061423,2.1186821,0.41583157,0.000000
39,2,0,0,0,0,0.521154,1.6823791,1.9732447,4.571532,-64.27074,-2.348311,-17.145819,-0.19222058,0.000000
39,2,0,0,0,0,0.361510,1.7959164,1.9693782,4.6926737,-48.012634,-1.6272454,-22.154762,0.85651344,0.000000
39,2,0,0,0,0,0.328757,2.8050985,2.824719,7.5988193,-23.964418,0.04924202,-8.080898,0.5443923,0.000000
39,2,0,0,0,0,0.316753,1.6411433,1.944742,4.460633,-73.98299,-2.6648285,-14.317573,0.018685749,0.000000
40,2,0,0,0,0,0.754807,1.5397778,1.8531282,4.2818775,-15.309511,-0.2538213,-4.5898404,0.4340479,0.000000
40,2,0,0,0,0,0.654895,2.2317967,2.0211778,4.480812,0.047248125,0.74301755,-0.100280195,0.0895513,0.000000
40,2,0,0,0,0,0.594334,1.8723437,2.0722463,4.8268967,-10.640727,0.29492542,2.1169596,0.41847426,0.000000
40,2,0,0,0,0,0.432209,1.7112833,2.0191336,4.8536386,-64.02234,-2.3003004,-17.243217,-0.22385061,0.000000
40,2,0,0,0,0,0.385982,1.7769558,2.0314062,4.4975524,-48.047195,-1.6776667,-22.474741,0.75367695,0.000000
40,2,0,0,0,0,0.329120,2.7995303,2.830862,7.559877,-23.987268,0.058196902,-8.109747,0.56060386,0.000000
41,2,0,0,0,0,0.697755,1.523112,1.8347659,4.1911616,-15.249891,-0.26020765,-4.5747843,0.44326603,0.000000
41,2,0,0,0,0,0.667701,2.241328,2.0144105,4.4477835,0.055410504,0.7570268,-0.11458027,0.06693683,0.000000
41,2,0,0,0,0,0.586168,1.898592,2.0839138,4.8429446,-10.661135,0.30957592,2.1538804,0.42323363,0.000000
41,2,0,0,0,0,0.526743,1.6146016,1.951226,4.622306,-63.485023,-2.3189094,-17.249289,-0.20899647,0.000000
41,2,0,0,0,0,0.359985,1.7792313,1.9580891,4.513652,-48.033707,-1.5904696,-22.2127,0.7969937,0.000000
41,2,0,0,0,0,0.330219,2.779654,2.8175807,7.5437593,-23.92576,0.023576379,-8.128151,0.5429596,0.000000
42,2,0,0,0,0,0.694360,1.5238662,1.8455459,4.2455683,-15.228756,-0.26271915,-4.568816,0.4410864,0.000000
42,2,0,0,0,0,0.668226,2.2487297,2.0257094,4.4963417,0.07502329,0.75419587,-0.12071091,0.08102532,0.000000
42,2,0,0,0,0,0.628205,1.6357565,1.9609513,4.6800423,-63.012276,-2.300958,-17.438663,-0.107166044,0.000000
42,2,0,0,0,0,0.571567,1.879818,2.0652115,4.7893047,-10.948488,0.2899482,2.025494,0.41737327,0.000000
42,2,0,0,0,0,0.362511,1.8047138,2.0619812,4.7116423,-47.917526,-1.680805,-22.328636,0.79455626,0.000000
42,2,0,0,0,0,0.344558,1.5747579,1.8931161,4.35606,-73.75025,-2.7302415,-14.446538,0.08427806,0.000000
42,2,0,0,0,0,0.342637,2.7936828,2.847901,7.6193995,-23.97654,0.055110097,-8.017806,0.54821634,0.000000
43,2,0,0,0,0,0.719549,1.5210268,1.84259,4.240409,-15.298595,-0.2778191,-4.61696,0.43820748,0.000000
43,2,0,0,0,0,0.647346,1.6793482,1.9229128,4.4160113,-62.561775,-2.2542932,-17.494808,-0.10583173,0.000000
43,2,0,0,0,0,0.637845,2.2250137,2.023386,4.4853525,0.031713605,0.73743594,-0.08071512,0.08026715,0.000000
43,2,0,0,0,0,0.603322,1.8968221,2.0827296,4.82123,-10.689173,0.31008428,2.1434412,0.4135175,0.000000
43,2,0,0,0,0,0.368237,1.7692924,2.0279956,4.489791,-48.018337,-1.7121729,-22.487118,0.72880435,0.000000
43,2,0,0,0,0,0.343166,2.820776,2.8393085,7.602382,-23.990326,0.04244253,-8.053576,0.5521218,0.000000
43,2,0,0,0,0,0.207107,1.6261477,1.932584,4.507551,-73.63136,-2.6881995,-14.408188,-0.05989116,0.000000
44,2,0,0,0,0,0.707506,1.5181985,1.8432587,4.2427506,-15.255111,-0.27193114,-4.574288,0.44944075,0.000000
44,2,0,0,0,0,0.697816,2.2826667,2.0382855,4.5436287,0.07958782,0.74539953,-0.14889148,0.06471716,0.000000
44,2,0,0,0,0,0.629022,1.5324293,1.8840104,4.346555,-61.7874,-2.2794476,-17.44925,-0.075400315,0.000000
44,2,0,0,0,0,0.574178,1.8727812,2.0605736,4.7714643,-10.959006,0.2817752,2.0270364,0.42315823,0.000000
44,2,0,0,0,0,0.353790,1.7926219,1.9769933,4.7627296,-47.983833,-1.626497,-22.119951,0.8685976,0.000000
44,2,0,0,0,0,0.333055,2.767789,2.8356824,7.5341635,-23.97744,0.045223713,-8.059086,0.5834793,0.000000
44,2,0,0,0,0,0.314339,1.6295052,1.930036,4.518222,-73.630684,-2.7048292,-14.498442,-0.021558547,0.000000
45,2,0,0,0,0,0.731027,1.5249523,1.8280343,4.171936,-15.245213,-0.26842165,-4.5695148,0.447707,0.000000
45,2,0,0,0,0,0.729566,1.5581261,1.9077337,4.530567,-61.465446,-2.2870038,-17.60788,-0.06947298,0.000000
45,2,0,0,0,0,0.636730,2.22298,2.024023,4.489103,0.032372236,0.73606616,-0.08593619,0.07760912,0.000000
45,2,0,0,0,0,0.588277,1.8999199,2.1013768,4.9026546,-10.676355,0.30315748,2.1503873,0.41054684,0.000000
45,2,0,0,0,0,0.391566,1.7784058,2.0306802,4.4998217,-48.04689,-1.6920106,-22.471085,0.7480056,0.000000
45,2,0,0,0,0,0.331793,2.79569,2.8170753,7.5279775,-24.022167,0.03744471,-8.164837,0.5343219,0.000000
45,2,0,0,0,0,0.209869,1.6076502,1.9292238,4.553542,-73.39041,-2.66998,-14.4299755,-0.056262538,0.000000
46,2,0,0,0,0,0.706577,1.5160887,1.8424164,4.241868,-15.248878,-0.2734027,-4.5731826,0.45682,0.000000
46,2,0,0,0,0,0.675949,2.2560277,2.0219445,4.4774194,0.0740515,0.749212,-0.1438792,0.05561808,0.000000
46,2,0,0,0,0,0.674175,1.5964875,1.8809086,4.3613462,-60.946877,-2.1979492,-17.616083,-0.08857325,0.000000
46,2,0,0,0,0,0.577091,1.8879766,2.084693,4.8276863,-10.668326,0.29468477,2.1294413,0.4109219,0.000000
46,2,0,0,0,0,0.347184,1.832897,2.105285,4.853262,-47.91953,-1.654045,-22.23328,0.8322867,0.000000
46,2,0,0,0,0,0.328577,2.7898111,2.8297722,7.5747004,-23.960777,0.054314345,-8.098211,0.5744543,0.000000
47,2,0,0,0,0,0.714281,1.516834,1.838036,4.213998,-15.259096,-0.27778623,-4.579197,0.4381683,0.000000
47,2,0,0,0,0,0.650679,2.231437,2.0154457,4.464404,0.05377829,0.7375588,-0.08740717,0.0772727,0.000000
47,2,0,0,0,0,0.587579,1.8965359,2.0759292,4.784653,-10.695419,0.30802006,2.1437232,0.41777644,0.000000
47,2,0,0,0,0,0.551776,1.5761951,1.8531591,4.1761856,-60.183876,-2.2026634,-17.524483,-0.023488771,0.000000
47,2,0,0,0,0,0.387408,1.7673249,2.0337608,4.4929304,-48.029686,-1.7153761,-22.500328,0.7646289,0.000000
47,2,0,0,0,0,0.368671,2.784593,2.8306985,7.5406084,-24.031178,0.022335649,-8.050567,0.5163927,0.000000
47,2,0,0,0,0,0.226531,1.62168,1.9320234,4.5429697,-73.42062,-2.6510346,-14.517231,-0.022531692,0.000000
48,2,0,0,0,0,0.736158,1.5150617,1.844029,4.254007,-15.277161,-0.27879906,-4.5748353,0.4210398,0.000000
48,2,0,0,0,0,0.668598,2.2581277,2.0190156,4.4682927,0.07777572,0.745147,-0.13959682,0.056027725,0.000000
48,2,0,0,0,0,0.649260,1.5657151,1.8507924,4.1948338,-60.018105,-2.2097285,-17.44455,0.019866256,0.000000
48,2,0,0,0,0,0.570628,1.8767953,2.0519834,4.773671,-10.941381,0.27246797,2.0240502,0.41237035,0.000000
48,2,0,0,0,0,0.358808,1.7298915,1.9380823,4.6194696,-47.957584,-1.6805484,-22.13858,0.8746859,0.000000
48,2,0,0,0,0,0.332796,2.820837,2.841748,7.6785555,-23.961136,0.044703454,-8.005638,0.5426684,0.000000
48,2,0,0,0,0,0.229167,1.5619345,2.0051084,4.6148834,-73.29232,-2.6102967,-14.703244,-0.07175508,0.000000
49,2,0,0,0,0,0.751536,1.5262415,1.8258165,4.169029,-15.24379,-0.27399114,-4.5579824,0.4603364,0.000000
49,2,0,0,0,0,0.658352,2.2368789,2.0209713,4.485681,0.050260305,0.7213099,-0.10912588,0.07853767,0.000000
49,2,0,0,0,0,0.585838,1.8777364,2.0611868,4.828513,-10.960752,0.26935542,2.0396047,0.4288072,0.000000
49,2,0,0,0,0,0.580905,1.5705732,1.8492186,4.1793466,-59.462635,-2.1580813,-17.246428,-0.012573915,0.000000
49,2,0,0,0,0,0.347992,2.7537336,2.8134434,7.481847,-23.991566,0.0083299875,-8.08471,0.5553239,0.000000
49,2,0,0,0,0,0.337439,1.7795094,1.956595,4.6174817,-47.984825,-1.6296426,-22.211555,0.83522594,0.000000
50,2,0,0,0,0,0.722527,1.5385677,1.8504255,4.260116,-15.280026,-0.27805546,-4.5874176,0.44935912,0.000000
50,2,0,0,0,0,0.632701,2.227235,2.0226717,4.47598,0.027528644,0.7210965,-0.07603216,0.08294059,0.000000
50,2,0,0,0,0,0.594002,1.8727014,2.0527153,4.8100595,-10.960238,0.26112935,2.0533087,0.42783523,0.000000
50,2,0,0,0,0,0.411363,1.5544125,1.9197291,4.443828,-58.922836,-2.1423745,-17.40231,0.0012104881,0.000000
50,2,0,0,0,0,0.353884,1.8027065,1.934847,4.3862343,-48.117004,-1.6432756,-22.22425,0.76890457,0.000000
50,2,0,0,0,0,0.331623,2.775336,2.8254585,7.520139,-23.977684,0.016106755,-8.051816,0.5720005,0.000000
51,2,0,0,0,0,0.729306,1.5118151,1.8396958,4.244285,-15.294141,-0.3028523,-4.6011343,0.4578386,0.000000
51,2,0,0,0,0,0.686877,2.253616,2.0340145,4.5373693,0.06383848,0.7103958,-0.13931972,0.04555229,0.000000
51,2,0,0,0,0,0.599178,1.8609271,2.0512207,4.7976246,-10.947641,0.25451165,2.0362647,0.4204022,0.000000
51,2,0,0,0,0,0.480571,1.5917802,1.8967727,4.308711,-58.30631,-2.1140356,-17.341713,0.0063559366,0.000000
51,2,0,0,0,0,0.366350,1.8457083,2.1045983,4.859437,-47.932392,-1.6803498,-22.245306,0.8209902,0.000000
51,2,0,0,0,0,0.321865,2.788279,2.829631,7.592723,-23.945587,0.020171016,-8.089827,0.57975054,0.000000
51,2,0,0,0,0,0.231645,1.6117024,1.9332695,4.3220143,-72.44084,-2.6073883,-14.842982,-0.21497354,0.000000
52,2,0,0,0,0,0.698221,1.5282494,1.8315856,4.1707163,-15.220972,-0.29852113,-4.553599,0.43505692,0.000000
52,2,0,0,0,0,0.661583,2.2356794,2.017499,4.4756722,0.048817873,0.70468116,-0.10143316,0.08393268,0.000000
52,2,0,0,0,0,0.583671,1.8780578,2.0549889,4.818023,-10.954056,0.24851945,2.0167356,0.41954976,0.000000
52,2,0,0,0,0,0.500388,1.6346211,1.9652624,4.595539,-57.78706,-2.1003232,-17.14093,-0.005977803,0.000000
52,2,0,0,0,0,0.364967,1.7111347,1.9287766,4.5873938,-47.911224,-1.6995215,-22.152506,0.8388655,0.000000
52,2,0,0,0,0,0.357019,1.7545164,2.1327748,5.082658,-73.13099,-2.503652,-14.809155,-0.15181734,0.000000
52,2,0,0,0,0,0.340576,2.771347,2.820472,7.5579443,-23.996923,-0.005084008,-8.025565,0.5450984,0.000000
52,2,0,0,0,0,0.204393,1.8596658,2.035333,4.6873713,5.3426876,0.31314757,-14.902148,-0.08929184,0.000000
53,2,0,0,0,0,0.698202,1.525626,1.8433163,4.2491527,-15.263362,-0.30579033,-4.612983,0.49124312,0.000000
53,2,0,0,0,0,0.634153,2.2195768,2.0194972,4.464248,0.03537631,0.70074385,-0.080427915,0.084782414,0.000000
53,2,0,0,0,0,0.603078,1.896979,2.0761204,4.816473,-10.679449,0.2674838,2.1490211,0.41548172,0.000000
53,2,0,0,0,0,0.380434,1.6135856,1.9026072,4.4360814,-57.035366,-2.0873895,-16.734474,0.0100443065,0.000000
53,2,0,0,0,0,0.374041,1.6756809,1.9496379,4.380043,-72.34274,-2.61798,-14.654411,-0.32830846,0.000000
53,2,0,0,0,0,0.363436,1.7631712,1.910172,4.34818,-48.125916,-1.6375386,-22.254892,0.75298953,0.000000
53,2,0,0,0,0,0.343156,2.7941022,2.8359447,7.5492563,-23.973324,-0.0019965172,-8.048853,0.5578029,0.000000
54,2,0,0,0,0,0.696135,1.5339727,1.8349679,4.1884556,-15.21101,-0.29554906,-4.5558405,0.46418303,0.000000
54,2,0,0,0,0,0.663038,2.2423184,2.0238388,4.491597,0.06069851,0.7032492,-0.10573375,0.06573906,0.000000
54,2,0,0,0,0,0.617288,1.6348476,1.9098136,4.2998195,-56.80117,-2.020128,-17.13529,0.0129418215,0.000000
54,2,0,0,0,0,0.585112,1.8815931,2.063539,4.7733917,-10.958451,0.24470747,2.0225663,0.40691006,0.000000
54,2,0,0,0,0,0.394046,1.6638181,1.9470468,4.4055305,-72.25401,-2.594446,-14.742883,-0.30758438,0.000000
54,2,0,0,0,0,0.362321,1.7404805,1.937268,4.6079674,-47.97997,-1.704894,-22.155422,0.8749426,0.000000
54,2,0,0,0,0,0.354400,2.8069515,2.8312912,7.561722,-24.000214,-0.0028161108,-8.041728,0.54734135,0.000000
55,2,0,0,0,0,0.731436,1.5133921,1.8373721,4.2307396,-15.260099,-0.32738903,-4.599363,0.4559139,0.000000
55,2,0,0,0,0,0.634361,2.229692,2.024321,4.485997,0.030574799,0.6953342,-0.082659066,0.08396244,0.000000
55,2,0,0,0,0,0.599865,1.8782883,2.054787,4.80599,-10.957082,0.23624456,2.0581477,0.4265491,0.000000
55,2,0,0,0,0,0.522020,1.6654948,1.9510412,4.4701557,-56.08036,-1.9177959,-16.893715,-0.022152206,0.000000
55,2,0,0,0,0,0.374925,1.770002,2.0330682,4.4867854,-48.01173,-1.731444,-22.530045,0.72919214,0.000000
55,2,0,0,0,0,0.371734,1.6694174,1.9501615,4.398155,-72.25809,-2.6504803,-14.723021,-0.31682375,0.000000
55,2,0,0,0,0,0.332915,2.8528972,2.8527126,7.6427846,-23.966873,0.024889529,-8.137684,0.5496737,0.000000
56,2,0,0,0,0,0.707648,1.5155265,1.8410401,4.2337933,-15.251144,-0.31499073,-4.567455,0.44357133,0.000000
56,2,0,0,0,0,0.666999,2.240775,2.0178604,4.4785137,0.07091963,0.6912924,-0.09017646,0.07567499,0.000000
56,2,0,0,0,0,0.572836,1.8880417,2.0776057,4.786906,-10.666725,0.2528968,2.1282048,0.41038442,0.000000
56,2,0,0,0,0,0.440394,1.6276577,1.9347315,4.496881,-55.789433,-1.9150497,-16.75277,0.05653379,0.000000
56,2,0,0,0,0,0.366599,1.8007643,1.9750241,4.7119207,-48.004906,-1.6443477,-22.143078,0.85975623,0.000000
56,2,0,0,0,0,0.341789,1.6916357,1.9682336,4.509668,-72.09054,-2.5675406,-14.9358015,-0.17746972,0.000000
56,2,0,0,0,0,0.312989,2.817603,2.8365822,7.6649394,-23.93183,0.0037301779,-8.037295,0.5633186,0.000000
57,2,0,0,0,0,0.708141,1.5433588,1.8533382,4.275319,-15.308078,-0.31541723,-4.617547,0.45819622,0.000000
57,2,0,0,0,0,0.658446,2.2413092,2.0194087,4.469148,0.04698503,0.6888312,-0.115653336,0.051714834,0.000000
57,2,0,0,0,0,0.568554,1.9030657,2.0922093,4.8607655,-10.680754,0.25327823,2.1547832,0.42736846,0.000000
57,2,0,0,0,0,0.533399,1.6547741,1.9486442,4.4692144,-71.92024,-2.7337375,-15.025042,-0.23205344,0.000000
57,2,0,0,0,0,0.419190,1.5817207,1.8962096,4.3166523,-54.69767,-2.0343266,-16.502735,-0.008246716,0.000000
57,2,0,0,0,0,0.376245,1.7063377,1.882995,4.2601366,-48.07616,-1.6751833,-22.255314,0.76417816,0.000000
57,2,0,0,0,0,0.357950,2.787322,2.8314447,7.5359936,-23.966454,-0.028773725,-8.04998,0.5330299,0.000000
57,2,0,0,0,0,0.214160,1.8677108,2.1273928,4.8033743,43.58693,2.166218,14.880608,0.55416834,0.000000
58,2,0,0,0,0,0.689622,1.5226486,1.8247769,4.1472526,-15.239073,-0.32486573,-4.576042,0.4494272,0.000000
58,2,0,0,0,0,0.636190,2.2251248,2.024825,4.4911723,0.034349322,0.6771938,-0.08188981,0.07691512,0.000000
58,2,0,0,0,0,0.596348,1.8928344,2.0781364,4.826922,-10.653792,0.24551958,2.134035,0.42040977,0.000000
58,2,0,0,0,0,0.584273,1.5529991,1.9119126,4.4590693,-54.48893,-2.0903845,-16.478638,0.09664515,0.000000
58,2,0,0,0,0,0.494443,1.5887741,1.8984917,4.3421555,-71.853546,-2.6687472,-15.204691,-0.09180112,0.000000
58,2,0,0,0,0,0.356485,1.7554519,1.9572306,4.637863,-47.919952,-1.7010733,-22.135895,0.8593732,0.000000
58,2,0,0,0,0,0.348123,2.7877026,2.8364613,7.541108,-24.013123,-0.00806573,-8.084598,0.575096,0.000000
59,2,0,0,0,0,0.732325,1.5098419,1.8326217,4.1993284,-15.259649,-0.3383011,-4.5902863,0.42252862,0.000000
59,2,0,0,0,0,0.668358,2.2566762,2.0266476,4.501113,0.05014813,0.6839053,-0.114139676,0.0737351,0.000000
59,2,0,0,0,0,0.581052,1.8831395,2.0652697,4.7431903,-10.665573,0.24208274,2.1278327,0.41923505,0.000000
59,2,0,0,0,0,0.462159,1.5651827,1.8666377,4.0813313,-53.74227,-1.9717823,-16.406681,0.097425714,0.000000
59,2,0,0,0,0,0.370700,1.6687015,1.9491279,4.4643774,-71.6716,-2.6878412,-14.915417,-0.2763208,0.000000
59,2,0,0,0,0,0.359215,1.8647108,2.1109028,4.856225,-47.976357,-1.6958663,-22.231846,0.82509464,0.000000
59,2,0,0,0,0,0.310254,2.813242,2.8357143,7.6329126,-23.923185,0.0070959628,-8.120602,0.5882653,0.000000
60,2,0,0,0,0,0.716108,1.537935,1.8378954,4.1972938,-15.247049,-0.30436003,-4.560611,0.44877526,0.000000
60,2,0,0,0,0,0.681438,2.243033,2.0357265,4.551729,0.07153463,0.6761557,-0.13388252,0.054766666,0.000000
60,2,0,0,0,0,0.599353,1.650445,1.9256496,4.3779974,-53.387985,-1.9224837,-16.147366,0.15643567,0.000000
60,2,0,0,0,0,0.577866,1.8926579,2.0828614,4.8060536,-10.65951,0.24577859,2.1585011,0.42373925,0.000000
60,2,0,0,0,0,0.419628,1.6787081,1.9726291,4.5974255,-71.562775,-2.6564953,-14.8967705,-0.26048726,0.000000
60,2,0,0,0,0,0.402802,1.7801653,1.9514549,4.5397596,-48.02585,-1.6809592,-22.200378,0.7959641,0.000000
60,2,0,0,0,0,0.329737,2.7864919,2.8370163,7.6062126,-23.902401,-0.010928065,-8.105478,0.54665446,0.000000
61,2,0,0,0,0,0.728472,1.523206,1.8332603,4.1971207,-15.281629,-0.34713066,-4.6120205,0.43964025,0.000000
61,2,0,0,0,0,0.653217,2.2350721,2.0205674,4.4788404,0.049036026,0.6795176,-0.07567617,0.0924095,0.000000
61,2,0,0,0,0,0.582636,1.8976246,2.084485,4.8388023,-10.655543,0.24035034,2.1197581,0.41125953,0.000000
61,2,0,0,0,0,0.362384,2.816793,2.8268378,7.561881,-23.984127,-0.024896145,-8.061525,0.5412818,0.000000
61,2,0,0,0,0,0.347284,1.577339,1.9487536,4.531085,-53.060318,-1.7946036,-15.981743,0.096996665,0.000000
61,2,0,0,0,0,0.329686,1.6669433,1.9563781,4.5977736,-71.380455,-2.6312478,-15.227682,-0.15976545,0.000000
61,2,0,0,0,0,0.329585,1.7947054,1.9714329,4.6450024,-47.9716,-1.6614747,-22.09471,0.8751134,0.000000
62,2,0,0,0,0,0.728864,1.5329186,1.8483101,4.256858,-15.320109,-0.31913325,-4.600027,0.4446629,0.000000
62,2,0,0,0,0,0.630823,2.2180653,2.0225558,4.476097,0.024934888,0.6734575,-0.06309047,0.08960944,0.000000
62,2,0,0,0,0,0.571824,1.8918645,2.0844154,4.8320327,-10.688773,0.2395953,2.1420794,0.41746366,0.000000
62,2,0,0,0,0,0.387027,1.7576879,1.9365919,4.479515,-48.051754,-1.6652064,-22.238937,0.789873,0.000000
62,2,0,0,0,0,0.325425,2.7788289,2.8160744,7.589046,-23.971092,-0.025072217,-8.032104,0.53495187,0.000000
62,2,0,0,0,0,0.325329,1.5509455,1.871138,4.1845236,-51.751347,-1.8413134,-15.604677,0.14163753,0.000000
62,2,0,0,0,0,0.267357,1.6645188,1.9459615,4.3418064,-71.0853,-2.5915442,-15.040972,2.6765661,0.000000
63,2,0,0,0,0,0.739440,1.5245981,1.8422416,4.2440453,-15.289587,-0.32138428,-4.5964875,0.4553287,0.000000
63,2,0,0,0,0,0.664967,2.241397,2.014169,4.4447093,0.042573214,0.68170136,-0.090384066,0.06791705,0.000000
63,2,0,0,0,0,0.584382,1.863925,2.0616832,4.8306007,-10.955985,0.22349143,2.0598295,0.43244618,0.000000
63,2,0,0,0,0,0.354629,1.8024919,1.9815028,4.735095,-47.979187,-1.6629037,-22.140537,0.86215854,0.000000
63,2,0,0,0,0,0.346636,1.685514,1.9849893,4.4225125,-71.121216,-2.6261404,-15.002279,2.7048454,0.000000
63,2,0,0,0,0,0.298647,2.8087044,2.8171165,7.624729,-23.897903,-0.014001131,-8.132578,0.5841913,0.000000
63,2,0,0,0,0,0.244061,1.572815,1.8668337,4.127009,-50.23516,-1.7839613,-15.501062,-0.0058611785,0.000000
64,2,0,0,0,0,0.696688,1.521417,1.8357887,4.196589,-15.246114,-0.3313386,-4.5827255,0.45257434,0.000000
64,2,0,0,0,0,0.650911,2.2358847,2.0352025,4.523889,0.05755508,0.6659321,-0.12885338,0.041929737,0.000000
64,2,0,0,0,0,0.591348,1.8625005,2.0565546,4.8121257,-10.966325,0.2131427,2.0335379,0.41699046,0.000000
64,2,0,0,0,0,0.352347,1.7965124,1.9748561,4.7196655,-48.01232,-1.6406584,-22.14746,0.8672512,0.000000
64,2,0,0,0,0,0.330399,2.7885203,2.8277593,7.580299,-23.966957,-0.0077818334,-8.097181,0.56470335,0.000000
64,2,0,0,0,0,0.328486,1.735673,2.0112839,4.5376716,-70.861435,-2.5853987,-14.965036,2.737751,0.000000
64,2,0,0,0,0,0.239943,1.5494791,1.8334675,3.9376416,-50.393826,-1.7528086,-15.235522,0.07862715,0.000000
65,2,0,0,0,0,0.723612,1.5179865,1.8291764,4.181924,-15.218652,-0.3335259,-4.551336,0.4481929,0.000000
65,2,0,0,0,0,0.689730,2.271638,2.0402417,4.5533447,0.066191316,0.672822,-0.14349401,0.05233462,0.000000
65,2,0,0,0,0,0.573115,1.8930027,2.0852845,4.8240514,-10.668476,0.23583776,2.1422772,0.41874132,0.000000
65,2,0,0,0,0,0.446021,1.5941931,1.8977325,4.3402033,-50.52914,-1.8475978,-15.269471,0.3007204,0.000000
65,2,0,0,0,0,0.355991,1.7295687,1.9401546,4.618118,-47.980392,-1.7219288,-22.121496,0.87953776,0.000000
65,2,0,0,0,0,0.346879,2.8170066,2.8431115,7.617392,-23.993572,-0.020742953,-8.052895,0.53670245,0.000000
65,2,0,0,0,0,0.308835,1.7211626,2.0132527,4.5152698,-70.89342,-2.566812,-15.108717,2.7021668,0.000000
66,2,0,0,0,0,0.721156,1.5188643,1.8379534,4.21882,-15.238546,-0.33027914,-4.5608187,0.43246147,0.000000
66,2,0,0,0,0,0.682940,2.255046,2.0206385,4.475554,0.06521678,0.6762301,-0.13682872,0.057671234,0.000000
66,2,0,0,0,0,0.581237,1.8835318,2.0756643,4.806566,-10.664717,0.23235905,2.1465216,0.42140123,0.000000
66,2,0,0,0,0,0.561916,1.5635536,1.8287511,4.231398,-50.054287,-1.8084095,-14.7361355,0.3186724,0.000000
66,2,0,0,0,0,0.353810,1.7555017,1.9383988,4.5976686,-47.965897,-1.7110088,-22.190357,0.85528326,0.000000
66,2,0,0,0,0,0.335924,2.8155665,2.8452008,7.6103554,-23.9557,-0.0001385808,-8.06879,0.5549352,0.000000
66,2,0,0,0,0,0.279330,1.6280966,1.9313303,4.2522798,-70.30492,-2.5921292,-15.628906,-0.15459235,0.000000
67,2,0,0,0,0,0.729247,1.5418055,1.848144,4.2602587,-15.265819,-0.30557287,-4.5789986,0.47037482,0.000000
67,2,0,0,0,0,0.652065,2.2329926,2.0251062,4.5006146,0.04722798,0.6659786,-0.101017416,0.074271396,0.000000
67,2,0,0,0,0,0.577787,1.8885462,2.0776217,4.820268,-10.675989,0.23055273,2.1438456,0.42212236,0.000000
67,2,0,0,0,0,0.557650,1.6174488,1.9442638,4.5071435,-49.750725,-1.7025406,-14.984814,0.3234961,0.000000
67,2,0,0,0,0,0.393940,1.6969143,1.977947,4.371989,-70.58907,-2.5223641,-15.552168,-0.25965536,0.000000
67,2,0,0,0,0,0.345595,1.7669442,1.9570354,4.664732,-47.948822,-1.6820568,-22.155996,0.84607756,0.000000
67,2,0,0,0,0,0.340518,2.742588,2.7980855,7.433563,-24.036242,-0.054614812,-8.09259,0.57585007,0.000000
67,2,0,0,0,0,0.226707,1.9780805,2.118481,4.9061613,5.3489504,0.30997247,-14.848272,-0.089883745,0.000000
68,2,0,0,0,0,0.713196,1.5224434,1.842914,4.243009,-15.311254,-0.3437084,-4.62192,0.45189223,0.000000
68,2,0,0,0,0,0.637181,2.2253356,2.0249562,4.4903283,0.026175737,0.66569173,-0.07657492,0.078497015,0.000000
68,2,0,0,0,0,0.597180,1.875289,2.0642262,4.8259583,-10.978697,0.21004888,2.0684397,0.4367545,0.000000
68,2,0,0,0,0,0.571708,1.6736176,1.8967046,4.3450694,-49.194542,-1.6307923,-14.507621,0.1621206,0.000000
68,2,0,0,0,0,0.426074,1.6445484,1.9514766,4.316904,-70.57381,-2.5532863,-15.736613,-0.07158741,0.000000
68,2,0,0,0,0,0.334917,2.7764592,2.8230073,7.5256433,-23.98951,-0.05309826,-8.048345,0.5675949,0.000000
68,2,0,0,0,0,0.328481,1.7973827,1.9330468,4.35021,-48.121117,-1.6446382,-22.219894,0.7387836,0.000000
68,2,0,0,0,0,0.212839,1.6923276,2.0138965,4.627807,43.69583,1.9655749,12.717441,0.04337152,0.000000
69,2,0,0,0,0,0.729179,1.5162783,1.8364767,4.209772,-15.257949,-0.33626124,-4.553632,0.42816263,0.000000
69,2,0,0,0,0,0.685324,2.2574751,2.0419006,4.560963,0.06973064,0.6627053,-0.1264469,0.047173433,0.000000
69,2,0,0,0,0,0.593323,1.8706274,2.0578475,4.8059654,-10.969337,0.21130964,2.040502,0.42285687,0.000000
69,2,0,0,0,0,0.550706,1.6912479,1.9913435,4.5863595,-48.730656,-1.5980972,-14.662559,0.32212463,0.000000
69,2,0,0,0,0,0.476028,1.6868219,1.9522104,4.2711687,-70.40676,-2.5614018,-15.5888195,-0.28456604,0.000000
69,2,0,0,0,0,0.346909,1.8581612,2.123302,4.867939,-47.955357,-1.7151163,-22.229582,0.825005,0.000000
69,2,0,0,0,0,0.325822,2.7949457,2.8240342,7.54247,-23.958338,-0.03455171,-8.140132,0.5720637,0.000000
69,2,0,0,0,0,0.211542,1.7888255,2.0741436,4.875242,43.709324,2.046391,13.187166,0.13189033,0.000000
70,2,0,0,0,0,0.697029,1.5260128,1.8291135,4.1628056,-15.230719,-0.34390476,-4.566458,0.44624263,0.000000
70,2,0,0,0,0,0.664287,2.2577024,2.0322065,4.519293,0.039330363,0.6664531,-0.107039094,0.07630447,0.000000
70,2,0,0,0,0,0.613615,1.6253176,1.8534279,4.31592,-48.19305,-1.6440184,-14.1082535,0.19008803,0.000000
70,2,0,0,0,0,0.602338,1.8771732,2.0529766,4.8151746,-10.968381,0.21271032,2.0429208,0.4220191,0.000000
70,2,0,0,0,0,0.486754,1.7091043,1.9699079,4.348708,-70.30417,-2.5294266,-15.614856,-0.2800742,0.000000
70,2,0,0,0,0,0.361389,1.7402784,1.9412202,4.648755,-47.92621,-1.7287933,-22.147335,0.85485244,0.000000
70,2,0,0,0,0,0.335656,2.7988594,2.8379316,7.5535564,-23.980574,-0.029738933,-8.069399,0.5636152,0.000000
71,2,0,0,0,0,0.737421,1.699862,1.899311,4.336774,-47.587456,-1.582247,-13.864609,0.16441393,0.000000
71,2,0,0,0,0,0.708491,1.526361,1.8479185,4.255928,-15.294947,-0.3328348,-4.578368,0.45036831,0.000000
71,2,0,0,0,0,0.648637,2.2210097,2.0145519,4.4603004,0.0355798,0.6594575,-0.05199462,0.09279634,0.000000
71,2,0,0,0,0,0.580478,1.8731745,2.0616674,4.83051,-10.959517,0.20695436,2.09158,0.4344685,0.000000
71,2,0,0,0,0,0.528887,1.656442,1.9492016,4.3697767,-70.13016,-2.55396,-15.751818,-0.21962398,0.000000
71,2,0,0,0,0,0.351929,2.787477,2.8273945,7.5440097,-23.998503,-0.04407543,-8.048993,0.5511307,0.000000
71,2,0,0,0,0,0.347607,1.7916704,1.9276714,4.3517365,-48.11001,-1.6434493,-22.229969,0.73716456,0.000000
72,2,0,0,0,0,0.743211,1.6555274,1.9078159,4.480838,-47.114876,-1.5806013,-13.752453,0.2167652,0.000000
72,2,0,0,0,0,0.720475,1.5281162,1.8252645,4.144822,-15.246182,-0.33908272,-4.548261,0.43398553,0.000000
72,2,0,0,0,0,0.652786,2.228404,2.0207582,4.486405,0.041816473,0.65435684,-0.09780729,0.07535145,0.000000
72,2,0,0,0,0,0.578320,1.8780293,2.0608995,4.8036017,-10.966187,0.21005079,2.0379517,0.42389303,0.000000
72,2,0,0,0,0,0.523190,1.6218767,1.9260318,4.408703,-69.97222,-2.5681648,-15.748098,-0.34296656,0.000000
72,2,0,0,0,0,0.345681,1.7301068,1.9406103,4.637803,-47.96121,-1.7253114,-22.164768,0.8680961,0.000000
72,2,0,0,0,0,0.342111,2.80786,2.8452382,7.6250415,-23.98049,-0.016994148,-8.015959,0.55013525,0.000000
72,2,0,0,0,0,0.207520,1.8151271,2.0200305,4.718221,38.12405,2.2917025,25.000105,0.75624573,0.000000
73,2,0,0,0,0,0.721997,1.5063747,1.8405156,4.2500944,-15.268509,-0.3391904,-4.5552945,0.45687735,0.000000
73,2,0,0,0,0,0.692054,2.257175,2.017323,4.4720163,0.060151696,0.6719842,-0.12522143,0.06660771,0.000000
73,2,0,0,0,0,0.617992,1.6521518,1.8765224,4.1779933,-46.418488,-1.5729928,-13.38322,0.2321186,0.000000
73,2,0,0,0,0,0.584054,1.8664432,2.063884,4.827059,-10.97374,0.20571753,2.0411375,0.42438638,0.000000
73,2,0,0,0,0,0.556475,1.6842784,1.9980478,4.700021,-69.879036,-2.543975,-15.647345,-0.3128206,0.000000
73,2,0,0,0,0,0.346088,2.8092046,2.8435607,7.6037903,-23.943811,-0.023606598,-8.072844,0.53959113,0.000000
73,2,0,0,0,0,0.316949,1.8197184,2.0168328,4.8288507,-47.95009,-1.6839693,-22.080763,0.88278675,0.000000
73,2,0,0,0,0,0.229636,1.7510859,2.0259879,4.8181953,-66.41449,-2.1431985,-9.954828,-0.11556563,0.000000
74,2,0,0,0,0,0.803807,1.6824589,1.9195521,4.4168386,-46.096,-1.4845096,-13.269314,0.25445247,0.000000
74,2,0,0,0,0,0.688487,2.2684474,2.0395377,4.5503182,0.059103727,0.6629882,-0.13521165,0.04988201,0.000000
74,2,0,0,0,0,0.679150,1.5529804,1.8381366,4.194412,-15.206502,-0.31600368,-4.566348,0.49185085,0.000000
74,2,0,0,0,0,0.597638,1.6198735,1.9274917,4.4193034,-69.84919,-2.5824316,-15.671506,-0.35795385,0.000000
74,2,0,0,0,0,0.581933,1.9003541,2.0810318,4.8053765,-10.696606,0.23083398,2.1251638,0.42016387,0.000000
74,2,0,0,0,0,0.340805,2.813527,2.8385413,7.562535,-23.979,-0.04430583,-8.029097,0.5623907,0.000000
74,2,0,0,0,0,0.338636,1.7805022,1.9328293,4.3864183,-48.110397,-1.6622283,-22.253529,0.7363144,0.000000
75,2,0,0,0,0,0.784306,1.6309117,1.8879263,4.408693,-45.40452,-1.5277045,-13.039134,0.1848546,0.000000
75,2,0,0,0,0,0.719829,1.5175459,1.8351443,4.214722,-15.289089,-0.35087144,-4.6019087,0.45070893,0.000000
75,2,0,0,0,0,0.654970,2.2395177,2.0323186,4.5134673,0.03746152,0.6543255,-0.10894269,0.05554073,0.000000
75,2,0,0,0,0,0.589058,1.8776592,2.0569756,4.820052,-10.968116,0.20837077,2.079478,0.4393129,0.000000
75,2,0,0,0,0,0.453417,1.6531899,1.947084,4.4812083,-69.77368,-2.547174,-15.831388,-0.2823342,0.000000
75,2,0,0,0,0,0.416434,1.7622812,2.0186055,4.460479,-48.04927,-1.7611289,-22.551773,0.7709211,0.000000
75,2,0,0,0,0,0.321922,2.7793636,2.8166656,7.5534263,-23.954817,-0.038216412,-8.176058,0.55438685,0.000000
75,2,0,0,0,0,0.212508,1.9114871,2.164584,4.910948,43.49325,2.12896,14.975405,0.5961861,0.000000
76,2,0,0,0,0,0.731895,1.5276539,1.8529212,4.2887506,-15.335419,-0.34446076,-4.5934753,0.42350465,0.000000
76,2,0,0,0,0,0.725951,1.7358637,1.911083,4.2416325,-44.890354,-1.4002815,-12.817734,0.22570701,0.000000
76,2,0,0,0,0,0.639710,2.2286673,2.022506,4.482194,0.008471847,0.65802634,-0.06734532,0.08213007,0.000000
76,2,0,0,0,0,0.588548,1.8856921,2.0553074,4.8164644,-10.969991,0.21288925,2.0354435,0.42716762,0.000000
76,2,0,0,0,0,0.529935,1.6269028,1.9475355,4.5587864,-69.69024,-2.5947695,-15.852765,-0.2522365,0.000000
76,2,0,0,0,0,0.347384,2.7101994,2.7888548,7.3531346,-24.037884,-0.081110954,-8.109142,0.57191455,0.000000
76,2,0,0,0,0,0.335738,1.7736489,1.963034,4.6583347,-47.956226,-1.698359,-22.183952,0.8328611,0.000000
76,2,0,0,0,0,0.246297,1.7469375,2.0565171,4.719399,43.825096,1.9619979,12.992485,0.3595434,0.000000
77,2,0,0,0,0,0.804921,1.7272817,1.9185011,4.430669,-44.525127,-1.4583439,-12.735267,0.3174973,0.000000
77,2,0,0,0,0,0.711977,1.5171238,1.8311806,4.193558,-15.247853,-0.34528214,-4.562973,0.46727663,0.000000
77,2,0,0,0,0,0.642524,2.2215786,2.0193336,4.4733744,0.022921562,0.65598583,-0.05047661,0.08106666,0.000000
77,2,0,0,0,0,0.588414,1.887958,2.073414,4.7981505,-10.690283,0.2251603,2.16223,0.42888927,0.000000
77,2,0,0,0,0,0.394865,1.6133773,1.9493041,4.570899,-69.589096,-2.535918,-15.873536,-0.24408796,0.000000
77,2,0,0,0,0,0.352526,1.7220607,1.9239835,4.589237,-47.94585,-1.7600992,-22.210989,0.8483489,0.000000
77,2,0,0,0,0,0.333707,2.8059034,2.8454618,7.604536,-23.990002,-0.017160118,-8.046577,0.5597124,0.000000
78,2,0,0,0,0,0.802140,1.6077569,1.9180334,4.5488777,-43.98216,-1.4572494,-12.441034,0.21117833,0.000000
78,2,0,0,0,0,0.734174,1.5097737,1.840242,4.248592,-15.30028,-0.349013,-4.5768647,0.4414787,0.000000
78,2,0,0,0,0,0.663544,2.2623506,2.026376,4.5028453,0.05482936,0.6651746,-0.107786,0.07261202,0.000000
78,2,0,0,0,0,0.579334,1.8759522,2.0539546,4.7776866,-10.971524,0.20583218,2.029922,0.41097093,0.000000
78,2,0,0,0,0,0.399365,1.6139464,1.9286464,4.2521963,-69.17538,-2.5959952,-15.963182,2.8045597,0.000000
78,2,0,0,0,0,0.365613,1.8011397,1.9705452,4.697571,-48.030865,-1.6697347,-22.164528,0.8516667,0.000000
78,2,0,0,0,0,0.336368,2.7957675,2.8336725,7.6006117,-23.995258,-0.029094964,-8.015598,0.5489859,0.000000
79,2,0,0,0,0,0.783278,1.6441315,1.9310056,4.458342,-43.33541,-1.4727736,-12.178254,0.2464502,0.000000
79,2,0,0,0,0,0.744095,1.5169683,1.8461235,4.2644467,-15.3267145,-0.34971085,-4.58264,0.42718956,0.000000
79,2,0,0,0,0,0.666279,2.247776,2.0191152,4.460682,0.01549089,0.67005205,-0.09595862,0.06997439,0.000000
79,2,0,0,0,0,0.578987,1.8735744,2.0587497,4.818474,-10.97761,0.2090767,2.0596035,0.43857348,0.000000
79,2,0,0,0,0,0.407010,1.7270236,1.9977896,4.5074797,-69.10251,-2.5348787,-15.943922,2.8155198,0.000000
79,2,0,0,0,0,0.335343,1.7595116,1.9051182,4.329376,-48.16304,-1.6583513,-22.304995,0.7536128,0.000000
79,2,0,0,0,0,0.327458,2.7676122,2.82178,7.5303636,-23.992607,-0.034103632,-8.05917,0.5819042,0.000000
79,2,0,0,0,0,0.211722,1.8142116,2.0494418,4.585195,43.534187,2.0838811,14.671661,0.68621063,0.000000
80,2,0,0,0,0,0.844308,1.6487963,1.9372163,4.610374,-43.02414,-1.427305,-11.997021,0.32679868,0.000000
80,2,0,0,0,0,0.726878,1.523518,1.8377919,4.214872,-15.25032,-0.34627405,-4.5585976,0.44925907,0.000000
80,2,0,0,0,0,0.664804,2.2445989,2.0238175,4.499813,0.050098777,0.6555371,-0.09643847,0.07468502,0.000000
80,2,0,0,0,0,0.577501,1.889305,2.0797226,4.819674,-10.686429,0.22067097,2.1528792,0.4225257,0.000000
80,2,0,0,0,0,0.416997,1.6985455,2.0017943,4.5404425,-69.01612,-2.5307465,-16.038378,2.8537023,0.000000
80,2,0,0,0,0,0.362738,1.7433264,1.9363372,4.617173,-47.93479,-1.7276475,-22.188889,0.84768057,0.000000
80,2,0,0,0,0,0.347784,2.853572,2.845035,7.6480455,-23.965347,-0.015924513,-8.06416,0.5339706,0.000000
81,2,0,0,0,0,0.844472,1.6586404,1.9368972,4.6328535,-42.368595,-1.417723,-11.85641,0.33459455,0.000000
81,2,0,0,0,0,0.738071,1.536911,1.8497665,4.2628183,-15.332245,-0.33926317,-4.5950923,0.43796328,0.000000
81,2,0,0,0,0,0.642666,2.2300143,2.0248063,4.492365,0.012873292,0.6532296,-0.06750712,0.08263238,0.000000
81,2,0,0,0,0,0.576911,1.9069934,2.109265,4.9158654,-10.712776,0.22226492,2.1657777,0.40242362,0.000000
81,2,0,0,0,0,0.408437,1.693162,2.0340605,4.638608,-68.8985,-2.4495478,-16.068039,2.76342,0.000000
81,2,0,0,0,0,0.338896,1.7965045,2.0637894,4.5271087,-48.029274,-1.740493,-22.507164,0.753652,0.000000
81,2,0,0,0,0,0.327997,2.7846975,2.8196716,7.5549197,-23.990395,-0.04080838,-8.067672,0.5604021,0.000000
82,2,0,0,0,0,0.778618,1.7057486,1.9359161,4.343749,-41.906223,-1.3462123,-11.655069,0.3477906,0.000000
82,2,0,0,0,0,0.735857,1.5213208,1.8403629,4.2336264,-15.32848,-0.36419797,-4.6036386,0.42776424,0.000000
82,2,0,0,0,0,0.634735,2.2254403,2.0232763,4.477259,0.004736185,0.6613667,-0.069043815,0.08546645,0.000000
82,2,0,0,0,0,0.572313,1.8791206,2.0586815,4.7827787,-10.975703,0.20343626,2.0381913,0.42362005,0.000000
82,2,0,0,0,0,0.391883,1.6307449,1.9753994,4.7559013,-68.23117,-2.6478305,-16.146849,-0.19137433,0.000000
82,2,0,0,0,0,0.360518,1.7833736,1.9815583,4.759164,-47.959045,-1.681763,-22.131046,0.8282407,0.000000
82,2,0,0,0,0,0.335829,2.75447,2.820802,7.5522933,-23.987774,-0.057882994,-8.023435,0.5652094,0.000000
83,2,0,0,0,0,0.827122,1.7134365,1.9581394,4.535902,-41.04977,-1.3026509,-11.242291,0.2907526,0.000000
83,2,0,0,0,0,0.722819,1.5463521,1.8448265,4.2161064,-15.276478,-0.32224542,-4.5470943,0.41791776,0.000000
83,2,0,0,0,0,0.694433,2.2511666,2.035025,4.5463142,0.038611174,0.6486094,-0.11913192,0.04592695,0.000000
83,2,0,0,0,0,0.591355,1.8919516,2.0744395,4.797927,-10.685367,0.22568554,2.1442516,0.42384478,0.000000
83,2,0,0,0,0,0.362073,1.8026035,1.9752451,4.710821,-48.034454,-1.6535679,-22.169886,0.85453326,0.000000
83,2,0,0,0,0,0.325087,2.8001304,2.836522,7.677444,-23.966574,-0.024502575,-7.991109,0.54726666,0.000000
83,2,0,0,0,0,0.301103,1.6742423,1.9741048,4.667329,-68.12248,-2.6187148,-16.410233,-0.109582104,0.000000
84,2,0,0,0,0,0.760139,1.7695704,2.0169392,4.828217,-40.728195,-1.2769928,-11.183653,0.37440717,0.000000
84,2,0,0,0,0,0.733512,1.5184584,1.8422265,4.2294483,-15.289975,-0.35612074,-4.5762053,0.40446702,0.000000
84,2,0,0,0,0,0.656567,2.2525518,2.0325105,4.516878,0.030730963,0.6543089,-0.098359555,0.07103845,0.000000
84,2,0,0,0,0,0.593452,1.8925323,2.0744565,4.784533,-10.710323,0.2326844,2.1409218,0.42626414,0.000000
84,2,0,0,0,0,0.401150,1.5780556,1.9234387,4.536001,-68.01859,-2.6050632,-16.154705,-0.22936691,0.000000
84,2,0,0,0,0,0.341822,2.7836013,2.82743,7.5426373,-24.023983,-0.04574707,-8.048116,0.5597617,0.000000
84,2,0,0,0,0,0.339011,1.7428874,1.9440112,4.6106725,-47.9709,-1.7041473,-22.167156,0.8484708,0.000000
85,2,0,0,0,0,0.846665,1.6883819,1.9360917,4.4894013,-40.086376,-1.2945949,-10.911516,0.402427,0.000000
85,2,0,0,0,0,0.728529,1.5251225,1.8463498,4.2531652,-15.365663,-0.3647694,-4.5989122,0.39888412,0.000000
85,2,0,0,0,0,0.639367,2.2287455,2.024746,4.4909496,0.0032154322,0.65005684,-0.062963724,0.08001524,0.000000
85,2,0,0,0,0,0.578887,1.8778801,2.0587485,4.814211,-10.981445,0.19789767,2.0800374,0.4300703,0.000000
85,2,0,0,0,0,0.385537,1.5581245,1.8919599,4.430602,-67.78636,-2.645556,-16.102325,-0.15753776,0.000000
85,2,0,0,0,0,0.336348,2.7944846,2.8274477,7.550068,-24.003687,-0.059398115,-8.029388,0.56474817,0.000000
85,2,0,0,0,0,0.299507,1.8044703,1.9525784,4.382517,-48.153942,-1.672401,-22.213112,0.77748656,0.000000
86,2,0,0,0,0,0.837048,1.7116575,1.9607326,4.5699177,-39.552937,-1.2660837,-10.658095,0.38297555,0.000000
86,2,0,0,0,0,0.738590,1.5114233,1.8322887,4.201699,-15.275118,-0.35822523,-4.5407987,0.4363377,0.000000
86,2,0,0,0,0,0.691565,2.269805,2.0388722,4.548993,0.046703577,0.6550765,-0.12597758,0.05340528,0.000000
86,2,0,0,0,0,0.578919,1.8691083,2.0540805,4.791235,-10.988115,0.19325608,2.0414445,0.41630757,0.000000
86,2,0,0,0,0,0.371411,1.6138711,1.8973815,4.227653,-67.04711,-2.5065577,-16.475563,-0.02177911,0.000000
86,2,0,0,0,0,0.366785,1.8147132,2.0869763,4.7688274,-47.943275,-1.7207817,-22.27904,0.8138292,0.000000
86,2,0,0,0,0,0.310878,2.7385807,2.7966924,7.4771013,-23.958115,-0.07163888,-8.133421,0.5989645,0.000000
87,2,0,0,0,0,0.725174,1.5237451,1.835197,4.2088795,-15.2504635,-0.34724084,-4.557354,0.45222008,0.000000
87,2,0,0,0,0,0.652711,2.2291422,2.0210557,4.480378,0.0032196045,0.64298034,-0.076316535,0.09211261,0.000000
87,2,0,0,0,0,0.597320,1.6973447,1.9366752,4.243779,-38.903553,-1.1881157,-10.432278,0.45231545,0.000000
87,2,0,0,0,0,0.576123,1.8704127,2.0519924,4.788991,-10.973057,0.1933896,2.0404885,0.41919875,0.000000
87,2,0,0,0,0,0.346466,2.7594228,2.8063507,7.451122,-24.069136,-0.06608519,-8.185785,0.54376805,0.000000
87,2,0,0,0,0,0.341700,1.7667156,1.9605718,4.657209,-47.966896,-1.7144153,-22.15253,0.84630406,0.000000
87,2,0,0,0,0,0.340088,1.6403104,1.9456018,4.4710965,-66.882614,-2.4175365,-16.304768,-0.19859418,0.000000
88,2,0,0,0,0,0.796911,1.8196639,2.0262852,4.6901984,-38.583103,-1.1751618,-10.265137,0.3965603,0.000000
88,2,0,0,0,0,0.730694,1.5232167,1.8436288,4.238037,-15.30393,-0.35404524,-4.558791,0.41399226,0.000000
88,2,0,0,0,0,0.686373,2.2631316,2.0415034,4.560121,0.030559301,0.65490997,-0.11635649,0.04408999,0.000000
88,2,0,0,0,0,0.574752,1.9011627,2.0891085,4.8411384,-10.720987,0.21418673,2.1580582,0.41053683,0.000000
88,2,0,0,0,0,0.352692,1.7726136,1.980192,4.741663,-47.951996,-1.6811453,-22.14695,0.8358959,0.000000
88,2,0,0,0,0,0.333949,2.8101878,2.8395457,7.6322527,-23.982662,-0.046227336,-8.061194,0.55301404,0.000000
88,2,0,0,0,0,0.232717,1.6170416,1.9242345,4.470143,-67.01903,-2.4589283,-16.016272,-0.080699906,0.000000
88,2,0,0,0,0,0.219289,1.8412678,2.0751827,4.81671,43.463566,2.2217727,16.080261,0.53612316,0.000000
89,2,0,0,0,0,0.759971,1.5124657,1.8443873,4.27026,-15.324833,-0.38460135,-4.5724707,0.4111817,0.000000
89,2,0,0,0,0,0.749879,1.8052927,2.0016284,4.630672,-37.857635,-1.0961227,-10.022227,0.41352764,0.000000
89,2,0,0,0,0,0.629811,2.2223945,2.0256734,4.4907384,-0.004650116,0.6364288,-0.067944944,0.07803078,0.000000
89,2,0,0,0,0,0.590157,1.8884121,2.082986,4.8373537,-10.70841,0.2076213,2.1631467,0.40732795,0.000000
89,2,0,0,0,0,0.372788,1.7950151,1.9709219,4.678427,-47.95509,-1.7286899,-22.136425,0.84672534,0.000000
89,2,0,0,0,0,0.345397,2.760304,2.817923,7.4671807,-24.025713,-0.053093314,-8.086004,0.5765283,0.000000
89,2,0,0,0,0,0.317838,1.8887513,2.006671,4.535509,5.319333,0.26535028,-15.0504,-0.03803974,0.000000
89,2,0,0,0,0,0.202622,1.5795281,1.9394574,4.5123663,-66.31551,-2.4423666,-16.291517,-0.23783779,0.000000
90,2,0,0,0,0,0.740431,1.5142474,1.8424546,4.252644,-15.309757,-0.366171,-4.582035,0.43753806,0.000000
90,2,0,0,0,0,0.690994,2.2654002,2.0404274,4.5569286,0.044003963,0.63969743,-0.12533617,0.05359467,0.000000
90,2,0,0,0,0,0.604679,1.7767863,1.9990339,4.5188704,-37.348236,-1.0957321,-9.761657,0.45207554,0.000000
90,2,0,0,0,0,0.599288,1.8698204,2.0552206,4.801025,-10.976663,0.18526709,2.0469267,0.41678274,0.000000
90,2,0,0,0,0,0.362317,1.8064005,2.0754938,4.7597218,-47.961605,-1.7365973,-22.279442,0.8287926,0.000000
90,2,0,0,0,0,0.332847,2.7862964,2.8359647,7.557278,-23.984741,-0.04378271,-8.059282,0.5737593,0.000000
91,2,0,0,0,0,0.720925,1.5167577,1.8414117,4.2407956,-15.333483,-0.38300627,-4.599494,0.42736217,0.000000
91,2,0,0,0,0,0.689390,1.7937466,2.0045996,4.586932,-36.74886,-1.1110746,-9.537595,0.38476348,0.000000
91,2,0,0,0,0,0.657747,2.2381227,2.0217638,4.4900355,0.01745975,0.631796,-0.090209484,0.07945895,0.000000
91,2,0,0,0,0,0.599471,1.8669486,2.0524347,4.815222,-10.988403,0.17670706,2.0479686,0.42683917,0.000000
91,2,0,0,0,0,0.353021,1.746522,1.9435536,4.5968485,-47.964943,-1.7503822,-22.15165,0.83845973,0.000000
91,2,0,0,0,0,0.331406,2.7771745,2.8243513,7.527548,-23.99984,-0.05384323,-8.044088,0.58037066,0.000000
91,2,0,0,0,0,0.222253,1.8793174,2.0402684,4.6778374,5.1531515,0.2900653,-14.935295,-0.10945289,0.000000
92,2,0,0,0,0,0.707357,1.5400016,1.8469708,4.237636,-15.295068,-0.3590775,-4.5777884,0.45679826,0.000000
92,2,0,0,0,0,0.669865,2.2405272,2.015153,4.4527326,0.015847683,0.6363091,-0.09299353,0.06871751,0.000000
92,2,0,0,0,0,0.576112,1.9061604,2.0916848,4.8373756,-10.705957,0.20245925,2.1798816,0.42673156,0.000000
92,2,0,0,0,0,0.502012,1.7836449,2.0373273,4.7098966,-36.172676,-1.0944111,-9.391415,0.42267412,0.000000
92,2,0,0,0,0,0.422061,1.7707616,1.939748,4.483618,-48.076828,-1.7200594,-22.187727,0.78302073,0.000000
92,2,0,0,0,0,0.336489,2.7813404,2.8162065,7.575726,-23.998726,-0.075280964,-8.072826,0.5246413,0.000000
93,2,0,0,0,0,0.718067,1.5176172,1.8268368,4.1652336,-15.248043,-0.39195472,-4.565379,0.43582,0.000000
93,2,0,0,0,0,0.688957,2.2650466,2.0361657,4.5391407,0.048918128,0.62592864,-0.12143612,0.057046622,0.000000
93,2,0,0,0,0,0.685457,1.7937951,1.9388446,4.4288464,-35.53994,-1.1099889,-9.050715,0.43007147,0.000000
93,2,0,0,0,0,0.570103,1.8780854,2.0682569,4.807027,-10.990133,0.16855568,2.0616846,0.43041247,0.000000
93,2,0,0,0,0,0.367225,2.7937627,2.8241878,7.513499,-24.046143,-0.07932785,-8.035694,0.5349022,0.000000
93,2,0,0,0,0,0.359191,1.7386031,1.9373908,4.6217413,-47.960724,-1.7734112,-22.200083,0.84796834,0.000000
94,2,0,0,0,0,0.757474,1.7724547,1.937247,4.4219313,-34.9023,-1.0841396,-8.703786,0.42899302,0.000000
94,2,0,0,0,0,0.663588,1.5339355,1.8294097,4.162855,-15.258336,-0.3959763,-4.5794964,0.4814504,0.000000
94,2,0,0,0,0,0.656208,2.2403986,2.0339181,4.5192547,0.037824273,0.61917704,-0.11108762,0.04576928,0.000000
94,2,0,0,0,0,0.563955,1.8994421,2.0916126,4.832157,-10.719671,0.1842112,2.1499686,0.41935912,0.000000
94,2,0,0,0,0,0.368889,2.8027194,2.8166213,7.429561,-24.079014,-0.10794476,-8.052219,0.5327985,0.000000
94,2,0,0,0,0,0.351970,1.7847488,1.930321,4.405671,-48.135956,-1.7156049,-22.244802,0.7424401,0.000000
95,2,0,0,0,0,0.691461,1.791955,1.9441783,4.4246397,-34.397976,-1.0639453,-8.529642,0.47140962,0.000000
95,2,0,0,0,0,0.666212,2.242586,2.0223868,4.488595,0.026648283,0.615453,-0.086000174,0.07217365,0.000000
95,2,0,0,0,0,0.661740,1.5297791,1.8234314,4.13725,-15.188616,-0.39909342,-4.5498223,0.4802496,0.000000
95,2,0,0,0,0,0.571204,1.8982469,2.0932627,4.8477516,-10.706975,0.18264896,2.1720061,0.42748132,0.000000
95,2,0,0,0,0,0.363370,1.7362086,1.9324493,4.612756,-47.963066,-1.7914753,-22.197422,0.8448292,0.000000
95,2,0,0,0,0,0.328810,2.833243,2.8441494,7.61314,-23.97585,-0.064008564,-8.06337,0.55805373,0.000000
96,2,0,0,0,0,0.811917,1.8320987,1.9447267,4.4637966,-33.677612,-1.02731,-8.232461,0.45471954,0.000000
96,2,0,0,0,0,0.732156,1.5231878,1.839126,4.219956,-15.344421,-0.4047704,-4.588251,0.42328227,0.000000
96,2,0,0,0,0,0.638748,2.2251205,2.0213118,4.47927,0.01164186,0.6015163,-0.049022734,0.07644302,0.000000
96,2,0,0,0,0,0.605951,1.8724384,2.0622063,4.821743,-10.991854,0.1511505,2.0584793,0.42535904,0.000000
96,2,0,0,0,0,0.388735,1.776759,2.0468292,4.48987,-48.00047,-1.8272322,-22.54095,0.76594126,0.000000
96,2,0,0,0,0,0.356142,2.8499024,2.8440762,7.5245028,-24.057007,-0.07113862,-8.115532,0.52685845,0.000000
96,2,0,0,0,0,0.214981,1.7571149,2.0638323,4.72165,43.638798,1.8828523,13.036507,0.25667432,0.000000
97,2,0,0,0,0,0.734470,1.5200253,1.8322614,4.1894307,-15.313116,-0.40700838,-4.5695934,0.4213601,0.000000
97,2,0,0,0,0,0.721163,1.8259506,1.9884136,4.4916544,-33.236835,-0.9781956,-7.9883757,0.47134978,0.000000
97,2,0,0,0,0,0.648027,2.229775,2.0165782,4.4653306,0.011865139,0.59975505,-0.04291451,0.0887851,0.000000
97,2,0,0,0,0,0.565809,1.8777717,2.0613594,4.78794,-10.982888,0.1414834,2.0785654,0.4349578,0.000000
97,2,0,0,0,0,0.370092,1.7826427,1.9547738,4.551285,-48.0424,-1.7522748,-22.203978,0.79210067,0.000000
97,2,0,0,0,0,0.333033,2.8143454,2.8256845,7.4763265,-24.014019,-0.11106017,-8.04195,0.55422175,0.000000
98,2,0,0,0,0,0.800325,1.8490875,2.0051415,4.683232,-32.808582,-1.0009105,-7.899391,0.41016933,0.000000
98,2,0,0,0,0,0.735210,1.515338,1.8431139,4.2460856,-15.311803,-0.4152998,-4.577905,0.41816032,0.000000
98,2,0,0,0,0,0.687971,2.2664604,2.0430942,4.5647006,0.052254915,0.59630483,-0.12194109,0.05423992,0.000000
98,2,0,0,0,0,0.593410,1.8710754,2.071594,4.817768,-10.996572,0.13746254,2.0428805,0.41739023,0.000000
98,2,0,0,0,0,0.354124,1.7908082,1.9760647,4.755393,-48.008324,-1.7415463,-22.121101,0.8617775,0.000000
98,2,0,0,0,0,0.323609,2.8279214,2.847515,7.530903,-24.017197,-0.07264915,-8.030832,0.59357953,0.000000
98,2,0,0,0,0,0.215126,1.6162872,1.8835148,4.1936126,-61.607098,-2.1442115,-17.127317,-0.10227353,0.000000
98,2,0,0,0,0,0.211081,1.9057757,2.121253,4.786806,43.477013,2.0894954,14.748192,0.6290541,0.000000
99,2,0,0,0,0,0.858632,1.8805921,2.0002213,4.684461,-32.104836,-0.9524062,-7.5620112,0.45048666,0.000000
99,2,0,0,0,0,0.690184,2.2418387,2.0304909,4.5541124,0.07307315,0.5812896,-0.124544024,0.04773464,0.000000
99,2,0,0,0,0,0.666988,1.537528,1.8234086,4.129644,-15.199772,-0.42385757,-4.550872,0.47990084,0.000000
99,2,0,0,0,0,0.587586,1.8909075,2.0752292,4.7960353,-10.689952,0.15085235,2.1491437,0.41989368,0.000000
99,2,0,0,0,0,0.373820,1.711642,1.920831,4.5642786,-47.939247,-1.8396462,-22.186836,0.83548236,0.000000
99,2,0,0,0,0,0.340215,2.7871933,2.8071105,7.3525105,-24.052422,-0.13445985,-8.106306,0.5799514,0.000000
99,2,0,0,0,0,0.276691,1.6501162,1.9381788,4.4560976,-61.429268,-2.1604142,-16.811531,-0.14109236,0.000000
100,2,0,0,0,0,0.730949,1.5325711,1.8541205,4.2885303,-15.339357,-0.43244874,-4.5814,0.4383706,0.000000
100,2,0,0,0,0,0.726857,1.7979373,1.960639,4.6156983,-31.590633,-0.9733591,-7.318662,0.4180713,0.000000
100,2,0,0,0,0,0.642882,2.2299075,2.0246527,4.4919415,0.0071566105,0.57871455,-0.055533737,0.0827405,0.000000
100,2,0,0,0,0,0.596940,1.9068526,2.089798,4.831291,-10.728865,0.16272372,2.1766262,0.4151035,0.000000
100,2,0,0,0,0,0.353213,1.7887532,2.0587225,4.516222,-48.00436,-1.8450592,-22.521137,0.72767186,0.000000
100,2,0,0,0,0,0.352109,2.7704625,2.8133228,7.344574,-24.086554,-0.12160432,-8.0752125,0.55794054,0.000000
100,2,0,0,0,0,0.294620,1.7467682,2.085284,5.0316205,-61.32856,-2.04555,-16.352089,-0.33340716,0.000000
100,2,0,0,0,0,0.231145,1.7495964,2.0550983,4.753862,43.800083,1.8877379,13.116111,0.30658233,0.000000
101,2,0,0,0,0,0.807573,1.8243412,2.0163145,4.7633038,-31.132702,-0.9395242,-7.115691,0.4083112,0.000000
101,2,0,0,0,0,0.740697,1.5169597,1.8402299,4.2263002,-15.28053,-0.43091562,-4.5428734,0.41592246,0.000000
101,2,0,0,0,0,0.688884,2.2723794,2.0375717,4.5428467,0.053515792,0.58269155,-0.11908054,0.05271765,0.000000
101,2,0,0,0,0,0.576958,1.8680452,2.0534077,4.7714734,-10.962797,0.12171668,2.0544605,0.42025024,0.000000
101,2,0,0,0,0,0.469877,1.6011752,1.9182907,4.3274026,-60.177757,-2.147352,-16.40567,-0.05571385,0.000000
101,2,0,0,0,0,0.355927,1.8419625,2.1023574,4.857254,-47.93844,-1.8246806,-22.255869,0.8172567,0.000000
101,2,0,0,0,0,0.333829,2.750782,2.8363237,7.2041316,-23.89708,-0.219711,-8.603992,0.61974484,0.000000
102,2,0,0,0,0,0.803443,1.8275443,1.9951034,4.6853366,-30.47292,-0.92116606,-6.795667,0.48145664,0.000000
102,2,0,0,0,0,0.705134,1.5158751,1.8294678,4.194854,-15.222269,-0.4486912,-4.56273,0.47501302,0.000000
102,2,0,0,0,0,0.648275,2.2269363,2.0229359,4.4851694,0.02166307,0.5652817,-0.06478974,0.08231937,0.000000
102,2,0,0,0,0,0.592922,1.890547,2.0771568,4.819977,-10.678093,0.12805586,2.141945,0.41879484,0.000000
102,2,0,0,0,0,0.395157,1.7248702,2.0702164,4.9137874,-59.97294,-2.0738044,-16.103006,-0.16623874,0.000000
102,2,0,0,0,0,0.366647,1.762743,1.9495373,4.615596,-47.920967,-1.8012896,-22.148497,0.84769154,0.000000
102,2,0,0,0,0,0.326119,2.721201,2.8311157,7.147648,-23.900982,-0.24898916,-8.58277,0.6422125,0.000000
103,2,0,0,0,0,0.750190,1.7277575,1.9515967,4.4989843,-29.966522,-0.912343,-6.584678,0.4598233,0.000000
103,2,0,0,0,0,0.715247,1.5314255,1.8364973,4.1873016,-15.287384,-0.4381388,-4.5535135,0.4277175,0.000000
103,2,0,0,0,0,0.662290,2.241397,2.0304482,4.513587,0.05046749,0.5638203,-0.11171937,0.051721673,0.000000
103,2,0,0,0,0,0.594348,1.5709608,1.8744321,4.046477,-58.92509,-2.1664484,-16.199358,0.13624917,0.000000
103,2,0,0,0,0,0.569484,1.8779249,2.0609665,4.7878466,-10.96953,0.1118781,2.065853,0.42959648,0.000000
103,2,0,0,0,0,0.357598,1.8073764,2.0096164,4.8257666,-47.933502,-1.776949,-22.08467,0.83333147,0.000000
103,2,0,0,0,0,0.333006,2.6983962,2.829071,7.1192207,-23.877293,-0.24624717,-8.601486,0.61667013,0.000000
104,2,0,0,0,0,0.844472,1.8060522,2.006936,4.6724215,-29.508408,-0.87874275,-6.3988333,0.42573375,0.000000
104,2,0,0,0,0,0.703039,1.5236216,1.8360292,4.1910076,-15.246671,-0.4466242,-4.5375795,0.42199668,0.000000
104,2,0,0,0,0,0.649700,2.2256963,2.024788,4.4922523,0.024620533,0.5547601,-0.06542331,0.087711826,0.000000
104,2,0,0,0,0,0.615017,1.5766003,1.8968976,4.2454176,-58.46803,-2.0926006,-15.990966,0.103701144,0.000000
104,2,0,0,0,0,0.598139,1.9068539,2.0842886,4.8443875,-10.680931,0.13282947,2.1469426,0.42577302,0.000000
104,2,0,0,0,0,0.344739,1.7370354,1.9394569,4.615554,-47.944183,-1.8175523,-22.15995,0.85044086,0.000000
104,2,0,0,0,0,0.337373,2.7380083,2.8484583,7.1982727,-23.877304,-0.21826065,-8.544109,0.62654006,0.000000
105,2,0,0,0,0,0.783870,1.8149214,1.9869334,4.579165,-28.875801,-0.8498846,-6.145895,0.43484998,0.000000
105,2,0,0,0,0,0.719610,1.5378275,1.848625,4.248884,-15.294264,-0.4354528,-4.566039,0.4413612,0.000000
105,2,0,0,0,0,0.689811,2.2564325,2.0372796,4.5477486,0.044335365,0.5538551,-0.11303419,0.047275513,0.000000
105,2,0,0,0,0,0.647399,1.589588,1.9132345,4.5078483,-57.872078,-2.0992112,-15.950587,0.24603915,0.000000
105,2,0,0,0,0,0.594435,1.8720641,2.0554333,4.7980175,-10.977454,0.0986847,2.059562,0.42532307,0.000000
105,2,0,0,0,0,0.354743,1.7828535,1.9827302,4.7629585,-47.93107,-1.7974986,-22.13499,0.8383031,0.000000
105,2,0,0,0,0,0.326430,2.8018425,2.8376005,7.535659,-23.913425,-0.17681104,-8.141385,0.5980769,0.000000
105,2,0,0,0,0,0.229963,1.7180204,1.9814754,4.6783905,-66.35066,-2.2420747,-10.069576,-0.090130985,0.000000
106,2,0,0,0,0,0.741768,1.5132822,1.8369114,4.222939,-15.320731,-0.46266127,-4.58167,0.42308885,0.000000
106,2,0,0,0,0,0.734284,1.7765859,2.0033205,4.5344753,-28.446445,-0.8171295,-5.9392624,0.42392367,0.000000
106,2,0,0,0,0,0.640420,1.6837862,1.957573,4.4710255,-57.206635,-2.067307,-15.7491455,0.24870096,0.000000
106,2,0,0,0,0,0.631704,2.2281947,2.0244174,4.4848127,0.009325147,0.5551302,-0.051005155,0.08323823,0.000000
106,2,0,0,0,0,0.597469,1.8907653,2.073555,4.7820697,-10.707398,0.11759719,2.1723208,0.4187721,0.000000
106,2,0,0,0,0,0.372094,1.7661092,1.9280703,4.3521366,-48.068287,-1.8174992,-22.30022,0.8008468,0.000000
106,2,0,0,0,0,0.328294,2.7564642,2.7960913,7.346294,-23.980095,-0.19878617,-8.148576,0.61793923,0.000000
107,2,0,0,0,0,0.815468,1.7872772,1.969907,4.5547533,-27.894392,-0.8614512,-5.7350144,0.43692726,0.000000
107,2,0,0,0,0,0.766358,1.6325104,1.9158806,4.4229236,-56.761963,-2.098762,-15.652918,0.24943835,0.000000
107,2,0,0,0,0,0.729005,1.5284307,1.8335812,4.186976,-15.242619,-0.4525707,-4.5243444,0.43804502,0.000000
107,2,0,0,0,0,0.660672,2.2516742,2.031807,4.5188885,0.046142578,0.54482615,-0.093173146,0.06850149,0.000000
107,2,0,0,0,0,0.585600,1.8811178,2.0593042,4.7999277,-10.976036,0.08854857,2.0712395,0.43233854,0.000000
107,2,0,0,0,0,0.364125,2.668437,2.7662177,7.250104,-24.08048,-0.23895937,-8.138827,0.53887534,0.000000
107,2,0,0,0,0,0.335056,1.7799736,1.9622818,4.685941,-47.99619,-1.824922,-22.178083,0.8675952,0.000000
107,2,0,0,0,0,0.217204,1.9469769,2.1828537,5.0192366,5.3769855,0.104373604,-15.486115,-0.2883214,0.000000
108,2,0,0,0,0,0.761393,1.8259587,2.0133092,4.743726,-27.405003,-0.83758414,-5.5578775,0.4851107,0.000000
108,2,0,0,0,0,0.728328,1.5566275,1.8533567,4.251563,-15.302139,-0.43394262,-4.572867,0.43609142,0.000000
108,2,0,0,0,0,0.683406,1.7253962,1.9976605,4.748814,-56.323143,-2.040527,-15.498163,0.23876181,0.000000
108,2,0,0,0,0,0.683041,2.2472796,2.0384326,4.549705,0.052520633,0.53432214,-0.11151755,0.04301617,0.000000
108,2,0,0,0,0,0.577710,1.904774,2.0930126,4.8558617,-10.691956,0.111212134,2.1763132,0.42114377,0.000000
108,2,0,0,0,0,0.396625,1.7640839,1.9386065,4.4838734,-48.071022,-1.7833612,-22.221985,0.79685336,0.000000
108,2,0,0,0,0,0.322706,2.5891814,2.7138567,6.940517,-24.152878,-0.2878687,-8.0779915,0.5907428,0.000000
108,2,0,0,0,0,0.239186,1.9419882,2.1032557,4.830243,43.43973,2.170116,16.058126,0.54578364,0.000000
109,2,0,0,0,0,0.742283,1.5329105,1.8428532,4.2318416,-15.324026,-0.4628767,-4.5944333,0.41353327,0.000000
109,2,0,0,0,0,0.737997,1.6310588,1.9029002,4.3400154,-55.506165,-2.0736904,-15.237657,0.25471002,0.000000
109,2,0,0,0,0,0.638789,2.2288818,2.0250099,4.4905624,0.0120100975,0.53114384,-0.056857824,0.082744114,0.000000
109,2,0,0,0,0,0.584577,1.7779686,2.016038,4.4308558,-26.989838,-0.7213824,-5.2958164,0.47068945,0.000000
109,2,0,0,0,0,0.582733,1.8969969,2.0804305,4.811355,-10.701556,0.101517856,2.156261,0.41023502,0.000000
109,2,0,0,0,0,0.353983,1.7777264,1.9554386,4.603027,-47.9991,-1.8228903,-22.193005,0.8345824,0.000000
109,2,0,0,0,0,0.323966,2.6001916,2.7365937,6.959486,-24.1566,-0.24299106,-8.189447,0.58634627,0.000000
110,2,0,0,0,0,0.738482,1.5212008,1.8452103,4.250526,-15.28224,-0.47757766,-4.5553236,0.4224766,0.000000
110,2,0,0,0,0,0.718520,1.6421317,1.9441452,4.474013,-55.03721,-2.134299,-15.159673,0.21420215,0.000000
110,2,0,0,0,0,0.718229,1.8745407,2.0840745,4.714569,-26.692154,-0.66863227,-5.1695113,0.4433585,0.000000
110,2,0,0,0,0,0.697294,2.2608192,2.0318465,4.528325,0.053275943,0.5310304,-0.11956337,0.056374393,0.000000
110,2,0,0,0,0,0.609155,1.8669987,2.059816,4.796971,-10.980131,0.06492418,2.0485141,0.4131865,0.000000
110,2,0,0,0,0,0.336608,1.8038374,1.9882727,4.7471743,-48.005154,-1.8222278,-22.077583,0.8897814,0.000000
110,2,0,0,0,0,0.303157,2.6232815,2.7435937,7.0369062,-24.090347,-0.24663104,-8.181287,0.59803367,0.000000
110,2,0,0,0,0,0.206037,1.8116086,2.0437953,4.8584933,-55.51337,-1.7670803,-8.444071,0.2185717,0.000000
111,2,0,0,0,0,0.746944,1.8232998,2.015958,4.60781,-26.086395,-0.70212954,-4.9813323,0.43344778,0.000000
111,2,0,0,0,0,0.746375,1.5653166,1.867645,4.2605863,-54.153587,-2.1784058,-14.894171,0.23495285,0.000000
111,2,0,0,0,0,0.735150,1.520689,1.838845,4.222477,-15.32042,-0.4922479,-4.6025224,0.4263484,0.000000
111,2,0,0,0,0,0.639774,2.2293072,2.025041,4.4912586,0.011474371,0.52238744,-0.058358967,0.08228247,0.000000
111,2,0,0,0,0,0.586338,1.8769846,2.0689197,4.8348308,-10.984194,0.07205032,2.0836298,0.4341268,0.000000
111,2,0,0,0,0,0.382632,1.7674804,1.9345968,4.436965,-48.08617,-1.8473192,-22.304686,0.7913072,0.000000
111,2,0,0,0,0,0.300779,2.6230583,2.743346,7.1184673,-24.049114,-0.23361954,-8.193063,0.5541985,0.000000
112,2,0,0,0,0,0.779990,1.6688825,1.9516382,4.5611086,-53.64989,-2.0663896,-14.739219,0.20814008,0.000000
112,2,0,0,0,0,0.740691,1.519381,1.8403889,4.220519,-15.279085,-0.4963139,-4.535636,0.41381392,0.000000
112,2,0,0,0,0,0.691897,2.2736287,2.0444942,4.568293,0.05472374,0.5251542,-0.109214485,0.057778843,0.000000
112,2,0,0,0,0,0.587835,1.8781631,2.0701897,4.8045354,-10.988404,0.06493518,2.0664458,0.43224585,0.000000
112,2,0,0,0,0,0.583262,1.8099642,2.0309155,4.669602,-25.750969,-0.71495974,-4.8114815,0.44773835,0.000000
112,2,0,0,0,0,0.363566,1.815094,2.0886588,4.778875,-47.931038,-1.8933654,-22.270226,0.8178164,0.000000
112,2,0,0,0,0,0.271559,2.6163335,2.7485979,7.194582,-23.977684,-0.21440238,-8.149199,0.59123755,0.000000
112,2,0,0,0,0,0.213643,1.7822367,1.9783249,4.55488,-66.47565,-2.2363067,-10.008659,-0.11344684,0.000000
113,2,0,0,0,0,0.720332,1.5298691,1.8276002,4.152468,-15.229628,-0.49374408,-4.5337873,0.43463546,0.000000
113,2,0,0,0,0,0.653574,2.2336612,2.0236576,4.4900503,0.017251372,0.5045228,-0.0681791,0.08954319,0.000000
113,2,0,0,0,0,0.588840,1.8810005,2.0628593,4.755726,-10.694296,0.07114217,2.1544895,0.42323115,0.000000
113,2,0,0,0,0,0.556744,1.6123066,1.9126177,4.1081,-52.631584,-2.049828,-14.557375,0.11922376,0.000000
113,2,0,0,0,0,0.517697,1.8220963,2.0095232,4.484434,-25.282677,-0.6693264,-4.5494947,0.42108452,0.000000
113,2,0,0,0,0,0.354420,1.7515347,1.9494512,4.622375,-47.944813,-1.8901553,-22.133411,0.85042065,0.000000
113,2,0,0,0,0,0.250775,2.6770015,2.7683625,7.264772,-23.99833,-0.20463906,-8.161751,0.5378428,0.000000
114,2,0,0,0,0,0.730118,1.5025799,1.8326396,4.2121205,-15.3036,-0.53181887,-4.567315,0.43140128,0.000000
114,2,0,0,0,0,0.648715,2.2321782,2.0342188,4.519348,0.038021088,0.50262904,-0.09586191,0.0389609,0.000000
114,2,0,0,0,0,0.570821,1.9077005,2.096466,4.843496,-10.695972,0.0749934,2.1821814,0.42609835,0.000000
114,2,0,0,0,0,0.538016,1.6397021,1.966617,4.435791,-52.234447,-2.0170503,-14.103889,0.064152695,0.000000
114,2,0,0,0,0,0.529425,1.891187,2.0035744,4.503361,-24.898329,-0.7390417,-4.3309646,0.43147233,0.000000
114,2,0,0,0,0,0.347373,1.8054206,2.0124521,4.815621,-47.910156,-1.8177407,-22.09415,0.83023643,0.000000
114,2,0,0,0,0,0.227301,1.8788762,2.1279705,4.9159985,43.8989,1.8928955,12.94215,0.39043823,0.000000
114,2,0,0,0,0,0.226346,2.5866528,2.7117145,7.149289,-23.99403,-0.21745588,-8.168893,0.5332097,0.000000
115,2,0,0,0,0,0.722862,1.5398402,1.8313532,4.1572747,-15.233512,-0.50935805,-4.5318365,0.41333959,0.000000
115,2,0,0,0,0,0.654530,2.2323306,2.0229957,4.493663,0.03909421,0.49310967,-0.07683933,0.07462881,0.000000
115,2,0,0,0,0,0.614215,1.6861355,1.9196119,4.1351833,-51.182667,-1.8647159,-14.048626,0.17725247,0.000000
115,2,0,0,0,0,0.588187,1.8914719,2.0820885,4.8253994,-10.679842,0.06162095,2.1695206,0.4230499,0.000000
115,2,0,0,0,0,0.490639,1.8769058,2.061577,4.655081,-24.329376,-0.69060194,-4.1033077,0.39645594,0.000000
115,2,0,0,0,0,0.353278,1.7406548,1.9437287,4.6501403,-47.906704,-1.9146944,-22.15402,0.8501885,0.000000
115,2,0,0,0,0,0.215498,2.6991751,2.7638288,7.370244,-23.91622,-0.18129027,-8.097235,0.5335111,0.000000
115,2,0,0,0,0,0.202815,1.8744843,2.1153812,4.87642,39.757195,2.809877,33.961945,0.71474767,0.000000
116,2,0,0,0,0,0.731390,1.5367978,1.8434422,4.2105417,-15.27975,-0.51448923,-4.5380697,0.4064299,0.000000
116,2,0,0,0,0,0.675472,2.2449875,2.0392363,4.552365,0.079339266,0.48817992,-0.11950296,0.043264676,0.000000
116,2,0,0,0,0,0.628275,1.5803933,1.8750148,4.2069144,-50.41938,-1.9466577,-13.808847,0.20612818,0.000000
116,2,0,0,0,0,0.577101,1.9073195,2.090463,4.7983046,-10.682244,0.0718216,2.1483765,0.41105664,0.000000
116,2,0,0,0,0,0.493988,1.7988685,1.9655277,4.364604,-24.013996,-0.73653173,-4.0438643,0.45503744,0.000000
116,2,0,0,0,0,0.356268,1.7988023,2.0031366,4.791499,-47.9317,-1.833249,-22.083046,0.8341515,0.000000
117,2,0,0,0,0,0.696424,1.5306001,1.8331288,4.176135,-15.2381525,-0.5263961,-4.527443,0.43660372,0.000000
117,2,0,0,0,0,0.692510,1.8180819,1.9795356,4.51242,-23.807121,-0.7344632,-3.9458814,0.41015503,0.000000
117,2,0,0,0,0,0.678086,1.6079371,1.8933303,4.370612,-50.103027,-1.8740239,-13.672676,0.28178,0.000000
117,2,0,0,0,0,0.655932,2.2330105,2.0193968,4.4798183,0.039096117,0.48438463,-0.077380866,0.0769029,0.000000
117,2,0,0,0,0,0.580818,1.9043565,2.084027,4.834425,-10.670881,0.056028828,2.1509938,0.4286216,0.000000
117,2,0,0,0,0,0.336528,1.735144,1.9447434,4.6050324,-47.900425,-1.9054214,-22.130018,0.854648,0.000000
117,2,0,0,0,0,0.225372,2.7155738,2.723916,7.377111,-23.96408,-0.2128675,-8.089475,0.49978185,0.000000
117,2,0,0,0,0,0.220244,1.9041269,2.0491607,4.740586,5.2835665,0.11484465,-15.072326,-0.10288654,0.000000
118,2,0,0,0,0,0.752899,1.8267998,1.9879972,4.630823,-23.471935,-0.70891416,-3.8002725,0.382464,0.000000
118,2,0,0,0,0,0.723965,1.5257723,1.8302336,4.1864033,-15.2249565,-0.5391337,-4.5628495,0.45973232,0.000000
118,2,0,0,0,0,0.666250,1.6251919,1.8982606,4.2116976,-49.340748,-1.824118,-13.448005,0.26659924,0.000000
118,2,0,0,0,0,0.636217,2.2217357,2.0224504,4.4817724,0.024361134,0.47559702,-0.056741297,0.07604623,0.000000
118,2,0,0,0,0,0.585720,1.8865371,2.0666056,4.820043,-10.972269,0.030019343,2.0745428,0.43853554,0.000000
118,2,0,0,0,0,0.324156,1.8030034,1.9417803,4.376605,-48.112385,-1.836212,-22.287224,0.74227816,0.000000
118,2,0,0,0,0,0.220814,2.7383275,2.7169325,7.4105406,-23.959166,-0.22716346,-8.056692,0.48924077,0.000000
119,2,0,0,0,0,0.798739,1.8383303,1.9500451,4.416892,-23.055252,-0.70790136,-3.5875034,0.35689428,0.000000
119,2,0,0,0,0,0.742944,1.5155891,1.8500341,4.288844,-15.324691,-0.5623965,-4.5678086,0.41685176,0.000000
119,2,0,0,0,0,0.723032,1.6350315,1.8808682,4.264533,-48.612724,-1.8246614,-13.218713,0.28978592,0.000000
119,2,0,0,0,0,0.643171,2.2308013,2.0244167,4.490059,0.024491787,0.47147867,-0.055506557,0.082395956,0.000000
119,2,0,0,0,0,0.581861,1.8947748,2.0798752,4.80797,-10.700323,0.040139318,2.1859732,0.429824,0.000000
119,2,0,0,0,0,0.364927,1.7748914,1.9827516,4.7419558,-47.916092,-1.8831761,-22.112686,0.8138852,0.000000
119,2,0,0,0,0,0.217255,2.8092263,2.7451224,7.63674,-23.835415,-0.20772219,-8.1185465,0.48911148,0.000000
120,2,0,0,0,0,0.724170,1.7856756,1.9156224,4.311467,-22.883917,-0.73763263,-3.474697,0.37986386,0.000000
120,2,0,0,0,0,0.691743,1.534822,1.8307828,4.1686206,-15.2431555,-0.5573193,-4.552622,0.44793838,0.000000
120,2,0,0,0,0,0.653787,1.6743271,1.8966062,4.1894107,-48.059807,-1.7532587,-12.997394,0.24283727,0.000000
120,2,0,0,0,0,0.629356,2.2197356,2.0224104,4.476372,0.02450931,0.46772796,-0.053043842,0.078817904,0.000000
120,2,0,0,0,0,0.585348,1.8963227,2.0846572,4.849107,-10.678109,0.02692151,2.176021,0.4215911,0.000000
120,2,0,0,0,0,0.333620,1.816939,2.0264394,4.8510084,-47.873375,-1.8591274,-22.085316,0.8489512,0.000000
120,2,0,0,0,0,0.235230,2.769024,2.7556658,7.64804,-23.848038,-0.23215377,-8.175726,0.49047822,0.000000
120,2,0,0,0,0,0.224326,1.8367692,2.0975626,4.864665,43.825706,1.8464751,12.889777,0.31918263,0.000000
121,2,0,0,0,0,0.712161,1.5654733,1.8397597,4.160918,-15.22093,-0.53538954,-4.505316,0.42341435,0.000000
121,2,0,0,0,0,0.686891,1.8131669,1.9747252,4.542097,-22.477806,-0.7278409,-3.3871632,0.47100836,0.000000
121,2,0,0,0,0,0.650372,2.2226338,2.0150719,4.460307,0.04149151,0.4634648,-0.03304717,0.095140025,0.000000
121,2,0,0,0,0,0.615211,1.7238739,1.8999467,4.2966795,-47.125862,-1.7466912,-12.700851,0.16900575,0.000000
121,2,0,0,0,0,0.580573,1.9037559,2.088661,4.836549,-10.687595,0.032934427,2.1614466,0.42569408,0.000000
121,2,0,0,0,0,0.348388,1.8071718,2.0119033,4.8170447,-47.910007,-1.8725972,-22.104992,0.84307027,0.000000
121,2,0,0,0,0,0.244366,2.7600808,2.7537127,7.6437297,-23.896223,-0.23012885,-8.060272,0.4959702,0.000000
