0,2,0,0,0,0,0.635708,2.0400093,1.9639006,4.2661448,-1.0352163,0.31016847,0.379992,0.12257445,0.000000
0,2,0,0,0,0,0.468791,2.047601,2.1698332,4.867584,-4.4620895,0.38655722,-13.480638,-0.06949397,0.000000
0,2,0,0,0,0,0.318342,1.7223911,1.99231,4.471204,-87.4411,-2.0165453,-20.280216,1.0214106,0.000000
0,2,0,0,0,0,0.294186,4.1557074,3.4061017,25.13353,-36.29583,0.40270603,4.112597,0.23345733,0.000000
0,2,0,0,0,0,0.292255,1.6486497,2.005807,4.7087064,1.7500105,-0.034326732,-10.930007,-0.4473771,0.000000
0,2,0,0,0,0,0.226866,1.6789768,2.0441222,5.45336,-45.69632,-1.3306072,10.434879,0.013217512,0.000000
0,2,0,0,0,0,0.225432,1.618099,1.935476,4.3459525,-97.377754,-2.213634,-18.686487,1.6416891,0.000000
0,2,0,0,0,0,0.216049,1.7092919,2.1467304,5.1774025,-85.89032,-1.9934645,-23.083488,0.09784027,0.000000
1,2,0,0,0,0,0.693255,2.1978912,2.0864894,4.7444234,-0.66411304,0.36937317,0.31361622,0.040831633,0.000000
1,2,0,0,0,0,0.356088,1.8522211,1.9872365,4.639983,15.872677,0.64646125,-8.340622,-0.04066933,0.000000
1,2,0,0,0,0,0.263755,4.1413035,3.3837676,26.131226,-36.17514,0.49863183,3.7310944,0.22477965,0.000000
1,2,0,0,0,0,0.231520,1.5697228,1.934292,4.373951,-89.89096,-1.8098217,-20.41914,1.343318,0.000000
1,2,0,0,0,0,0.230712,1.5982819,1.9438838,4.399555,-0.7424784,-0.064870864,-10.977709,-0.26805517,0.000000
1,2,0,0,0,0,0.221750,1.8157061,2.024176,4.5161986,-7.316066,0.24732158,-13.451352,-0.0046596387,0.000000
2,2,0,0,0,0,0.662308,2.1708126,2.0554476,4.6752024,-0.6482382,0.37764734,0.3044758,0.07294013,0.000000
2,2,0,0,0,0,0.294796,1.8025038,1.9865899,4.5717483,12.993366,0.5151648,-8.779417,-0.009346013,0.000000
2,2,0,0,0,0,0.247503,4.199852,3.4370682,25.557396,-36.101166,0.47926772,3.841792,0.20982534,0.000000
2,2,0,0,0,0,0.235585,1.7597504,2.0384974,4.5980477,-90.82717,-1.7066195,-22.473284,-0.3606115,0.000000
2,2,0,0,0,0,0.218795,1.9839516,2.0722213,4.789921,-9.698018,0.29140612,-13.58167,0.048761047,0.000000
3,2,0,0,0,0,0.642494,2.1688323,2.0777576,4.7380953,-0.5660553,0.45139128,0.30006,0.033364736,0.000000
3,2,0,0,0,0,0.281794,4.2624083,3.4688666,26.711802,-35.631912,0.517511,3.8466992,0.23257864,0.000000
3,2,0,0,0,0,0.281550,1.5437479,1.8829126,4.3894033,-6.361642,-0.32433355,-9.920473,0.3852902,0.000000
3,2,0,0,0,0,0.210457,1.6722867,1.9475507,4.4440856,-1.0062504,-0.0053340793,-9.132997,0.032843735,0.000000
4,2,0,0,0,0,0.689291,2.0367274,1.9976156,4.439843,-0.8317747,0.52601177,0.19569221,0.07706852,0.000000
4,2,0,0,0,0,0.291304,1.7133758,2.0226092,4.844991,8.040868,0.64411443,-8.872868,0.052693382,0.000000
4,2,0,0,0,0,0.256187,4.2312746,3.4571846,25.690285,-35.71474,0.53249717,3.644123,0.18489006,0.000000
4,2,0,0,0,0,0.214207,1.515484,1.919164,4.430764,-9.021879,-0.20583478,-10.991886,-0.24834906,0.000000
5,2,0,0,0,0,0.715971,2.0097888,1.9715153,4.3763027,-0.8336363,0.5009614,0.22021806,0.016226653,0.000000
5,2,0,0,0,0,0.387009,1.8301969,1.9919202,4.503148,5.168561,0.61155903,-9.072125,-0.045667745,0.000000
5,2,0,0,0,0,0.333678,4.1386976,3.367278,26.372814,-35.529335,0.49572325,3.8267465,0.20042045,0.000000
5,2,0,0,0,0,0.278991,1.7039055,2.0296137,4.4719324,-69.43034,-0.9188917,-25.31681,-0.33886635,0.000000
5,2,0,0,0,0,0.255436,1.7280779,2.063564,4.628185,-33.725594,-0.40844995,-21.518639,1.9780563,0.000000
5,2,0,0,0,0,0.241360,1.6634662,1.997957,4.9909143,-43.995415,-1.3548976,10.376871,0.044345863,0.000000
5,2,0,0,0,0,0.214079,1.6443169,1.9539763,4.6022553,-6.3405533,-0.0244326,-9.312631,0.08097964,0.000000
6,2,0,0,0,0,0.768342,2.013021,1.9685905,4.397433,-0.9240742,0.37657583,0.33592805,0.08595339,0.000000
6,2,0,0,0,0,0.347931,1.672062,2.0140169,4.546289,-64.627884,-0.8959145,-24.000982,1.6464767,0.000000
6,2,0,0,0,0,0.283926,1.7006104,2.0159335,5.0420737,-43.85628,-1.4134762,10.382577,0.041231107,0.000000
6,2,0,0,0,0,0.217499,1.600862,1.9520411,4.2651854,-35.950977,-0.69873637,-20.962994,-0.6175258,0.000000
6,2,0,0,0,0,0.202859,4.1479874,3.4264772,24.705957,-35.76635,0.30603123,3.5661592,0.15761925,0.000000
7,2,0,0,0,0,0.751016,2.050601,2.0097528,4.4504414,-1.3588963,0.3043929,0.30249476,0.1188465,0.000000
7,2,0,0,0,0,0.264396,1.7182658,2.024509,5.0474086,-44.348984,-1.509505,10.375734,0.023402866,0.000000
7,2,0,0,0,0,0.241121,1.7339675,2.053197,4.680112,-39.355274,-0.7133664,-21.56667,2.2749486,0.000000
7,2,0,0,0,0,0.224590,1.7612019,2.0306191,4.43433,-68.60141,-1.127679,-24.102262,1.405978,0.000000
8,2,0,0,0,0,0.747284,2.0070696,2.0032296,4.4174943,-1.3416557,0.3071079,0.37059078,0.10573013,0.000000
8,2,0,0,0,0,0.322031,1.6763176,2.0097418,4.5077486,-42.17349,-1.025836,-21.70256,2.1833017,0.000000
8,2,0,0,0,0,0.302592,1.7166374,2.025904,5.15276,-43.977116,-1.460585,10.502506,0.028424386,0.000000
8,2,0,0,0,0,0.238779,1.6580417,1.9422411,4.561118,1.1573238,0.08921862,-24.319695,2.4556818,0.000000
8,2,0,0,0,0,0.204430,1.7912805,2.0222156,4.6051283,-31.610281,-2.1896768,-24.385653,-0.22956058,0.000000
9,2,0,0,0,0,0.765815,2.0308495,1.9947,4.400832,-0.7312088,0.3150157,0.3379603,0.10499257,0.000000
9,2,0,0,0,0,0.310783,1.7104263,2.018049,4.6321764,-44.972122,-1.4053562,-21.859932,1.7435671,0.000000
9,2,0,0,0,0,0.270873,1.7521229,2.056313,5.305652,-43.382683,-1.4326508,10.559567,0.040218234,0.000000
9,2,0,0,0,0,0.230057,1.5685742,1.9661343,4.615855,-0.98709583,-0.05743429,-23.811695,-0.35841107,0.000000
10,2,0,0,0,0,0.746862,1.9951723,1.9954188,4.3726854,-0.69108486,0.3021913,0.33039713,0.1273023,0.000000
10,2,0,0,0,0,0.314333,1.621184,1.9289516,4.473386,-47.249653,-1.6317159,-21.712017,2.0962784,0.000000
10,2,0,0,0,0,0.254318,1.6055039,1.9638554,4.5837183,-3.9472656,-0.46357718,-23.916252,-0.34506616,0.000000
10,2,0,0,0,0,0.225571,1.739398,2.0675716,5.47675,-43.211506,-1.4561886,10.602706,0.035313968,0.000000
11,2,0,0,0,0,0.688153,1.9717749,1.9806744,4.366533,-0.73720074,0.321923,0.35811192,0.10060492,0.000000
11,2,0,0,0,0,0.311320,1.6659653,1.930046,4.476882,-50.439407,-1.7950479,-21.776657,1.9229494,0.000000
11,2,0,0,0,0,0.233717,1.5638884,1.9159966,4.412721,-6.7001057,-0.8212719,-24.207584,-0.22362795,0.000000
12,2,0,0,0,0,0.769785,2.0242782,1.9789611,4.4355083,-0.8078594,0.34351474,0.2113153,0.025290875,0.000000
12,2,0,0,0,0,0.265238,1.6524383,2.0076616,4.7614574,-8.960571,-0.65932363,-24.07077,-0.15284011,0.000000
13,2,0,0,0,0,0.741378,2.089979,1.9901991,4.470356,-0.942255,0.24809834,0.28868052,0.14689654,0.000000
13,2,0,0,0,0,0.247552,1.6532681,1.9390925,4.360928,-43.641754,-3.1677878,-24.413488,-0.23124279,0.000000
13,2,0,0,0,0,0.226877,1.7056999,2.0091884,5.0248666,-41.83411,-1.3706251,10.592709,0.06726519,0.000000
14,2,0,0,0,0,0.796134,2.087597,1.9961777,4.470164,-1.3190804,0.30718642,0.25542346,0.04679209,0.000000
14,2,0,0,0,0,0.269506,1.6136408,1.9419234,4.414233,-14.953819,-1.2302972,-24.246542,-0.25548878,0.000000
14,2,0,0,0,0,0.258216,1.602799,1.8734941,4.2587585,11.109167,0.21878509,-14.723116,-0.08390064,0.000000
14,2,0,0,0,0,0.234430,1.7160892,2.030307,5.1712465,-42.250908,-1.3645191,10.632171,0.047081772,0.000000
14,2,0,0,0,0,0.224697,1.8694586,2.0254145,4.501007,-17.917381,-0.123803765,-10.102261,1.2069408,0.000000
14,2,0,0,0,0,0.206594,1.5947819,1.9442308,4.4910975,4.9621124,0.045941353,-24.067774,-0.39179584,0.000000
14,2,0,0,0,0,0.202137,1.7539883,1.9094324,4.274101,-76.77115,-1.5153278,-26.181725,0.0062507666,0.000000
15,2,0,0,0,0,0.756920,2.0277278,1.9917748,4.4478083,-0.88661003,0.2820976,0.31545278,0.038681854,0.000000
15,2,0,0,0,0,0.221490,1.68525,1.9937415,4.476249,-61.503777,-2.0167809,-22.027714,1.7520319,0.000000
15,2,0,0,0,0,0.214659,1.6676756,1.964386,4.5245447,-48.91422,-3.4411762,-24.792046,-0.02471855,0.000000
15,2,0,0,0,0,0.212208,1.7323629,2.0461109,5.3035154,-41.519753,-1.3686447,10.714841,0.035186023,0.000000
16,2,0,0,0,0,0.783057,2.0580597,1.9907365,4.4742436,-0.87042236,0.22618708,0.27231047,0.042700827,0.000000
16,2,0,0,0,0,0.240837,1.6159613,1.8933301,4.4175596,-13.03714,-1.0651475,-18.222464,-0.15731962,0.000000
16,2,0,0,0,0,0.226435,1.6786702,1.9419137,4.541234,-19.913645,-1.359432,-24.45798,-0.19176826,0.000000
16,2,0,0,0,0,0.221130,1.6363792,1.9266553,4.479419,-51.951714,-3.2016082,-24.86375,-0.3195724,0.000000
16,2,0,0,0,0,0.200025,1.5309604,1.8725753,4.241985,-0.031320572,-0.97525096,-24.17953,-0.31828344,0.000000
17,2,0,0,0,0,0.790054,2.0776026,2.0107179,4.513343,-1.3257275,0.055538625,0.34880856,0.0792209,0.000000
17,2,0,0,0,0,0.287546,1.4959106,1.8520194,4.222151,-23.131401,-1.4025408,-24.576878,-0.34458387,0.000000
17,2,0,0,0,0,0.257596,1.8138374,1.9557847,4.6192756,-57.045853,-3.4457831,-25.374168,0.31286535,0.000000
17,2,0,0,0,0,0.239607,1.8180398,1.972211,4.3451777,-85.11461,-2.034813,-26.943634,-0.12915617,0.000000
17,2,0,0,0,0,0.204001,1.6856706,1.9916768,4.841873,-40.8853,-1.4675798,10.67741,0.008393223,0.000000
18,2,0,0,0,0,0.839531,2.1616044,2.0238998,4.501635,-0.78504467,0.078538656,0.18277985,-0.049493402,0.000000
18,2,0,0,0,0,0.354785,1.682704,1.9625717,4.4308667,-69.63869,-2.5092106,-22.259861,1.6134014,0.000000
18,2,0,0,0,0,0.261734,1.8136432,2.0386293,4.663887,-51.5912,-3.5723305,-24.692883,0.02505681,0.000000
18,2,0,0,0,0,0.237354,1.6101465,1.945048,4.504032,-18.499054,-1.2695665,-19.120491,-0.3599934,0.000000
18,2,0,0,0,0,0.220663,1.7002087,2.0007527,4.8723583,-40.301136,-1.4406204,10.721094,0.0042035435,0.000000
18,2,0,0,0,0,0.211014,1.7117722,1.9726458,4.3673906,8.70998,0.053271532,-7.6465974,-0.1875945,0.000000
18,2,0,0,0,0,0.210611,1.9488385,2.091361,5.1853724,18.609987,0.45665708,-6.775227,0.10335128,0.000000
18,2,0,0,0,0,0.204049,1.5915585,1.9429615,4.663143,-25.202438,-1.3245791,-24.500004,-0.15317744,0.000000
19,2,0,0,0,0,0.787140,2.0892222,2.0128698,4.482368,-0.8019619,0.16848987,0.22220737,-0.049303208,0.000000
19,2,0,0,0,0,0.301912,1.792999,1.954422,4.4075565,15.327734,0.39245924,-6.7683434,0.26308644,0.000000
19,2,0,0,0,0,0.275907,1.6590514,2.0324173,4.526841,-72.759415,-2.7295287,-22.088762,1.4153168,0.000000
19,2,0,0,0,0,0.251367,1.7110813,2.018354,4.996716,-40.130413,-1.3370543,10.769293,0.027112726,0.000000
19,2,0,0,0,0,0.245724,1.6579521,1.954684,4.659631,-27.819683,-1.6302496,-24.509747,-0.14280109,0.000000
19,2,0,0,0,0,0.233398,1.8794339,2.0532417,4.5899997,-89.18121,-2.4575062,-26.834078,-0.20380127,0.000000
19,2,0,0,0,0,0.217264,1.6235288,1.8812716,4.239636,-71.4746,-2.9211218,-23.410097,1.7235552,0.000000
19,2,0,0,0,0,0.200082,4.1714993,3.5120144,24.221214,-33.842484,0.33697325,3.918444,0.1255582,0.000000
20,2,0,0,0,0,0.808280,2.0882237,1.9983234,4.505084,-0.85480785,0.28140023,0.25731313,0.07796225,0.000000
20,2,0,0,0,0,0.292695,4.1739225,3.4046988,25.233154,-33.67304,0.43067205,3.8818226,0.15588197,0.000000
20,2,0,0,0,0,0.284504,1.7035675,2.0262284,5.133277,-39.968338,-1.2340153,10.810829,0.029601002,0.000000
20,2,0,0,0,0,0.236170,1.527077,1.915961,4.317884,-4.1228476,-0.4236334,-21.243822,-0.3544695,0.000000
20,2,0,0,0,0,0.219581,1.8422406,1.9636046,4.2858524,-92.431595,-2.1814346,-26.702492,-0.38654175,0.000000
20,2,0,0,0,0,0.216958,1.7257595,1.8867443,4.1187882,12.4950695,0.2550494,-6.9004607,0.19238016,0.000000
21,2,0,0,0,0,0.821083,2.0984879,1.9974973,4.506487,-0.81744957,0.27071765,0.26498246,0.107310615,0.000000
21,2,0,0,0,0,0.333124,1.6902151,1.9609823,4.6470065,-66.498535,-3.577498,-25.593018,0.12570378,0.000000
21,2,0,0,0,0,0.225909,1.6885483,2.0387344,5.303211,-39.776657,-1.2462257,10.838324,0.036785245,0.000000
21,2,0,0,0,0,0.212344,1.6451963,1.9601157,4.412654,-59.727497,-3.5880756,-24.790224,-0.0957585,0.000000
21,2,0,0,0,0,0.208721,1.9720769,2.0313406,4.766776,-32.80338,-2.3176198,-24.534845,0.24971217,0.000000
22,2,0,0,0,0,0.782967,2.0432093,1.9887059,4.4445577,-0.9721813,0.2042391,0.23071867,0.046899945,0.000000
22,2,0,0,0,0,0.236797,4.057027,3.3567786,23.642561,-34.20146,0.1824385,3.958606,0.17550707,0.000000
22,2,0,0,0,0,0.220098,1.9022746,2.1147661,4.776082,7.4759665,0.2613066,-7.687226,-0.050382778,0.000000
22,2,0,0,0,0,0.217726,1.8386126,2.1774364,4.6477375,-81.578804,-2.2332668,-22.444859,0.9588521,0.000000
23,2,0,0,0,0,0.770360,2.0756369,1.9859209,4.4719005,-0.18626499,0.15277809,0.214234,0.091858834,0.000000
23,2,0,0,0,0,0.578747,1.730112,1.9494276,4.418974,-97.10733,-2.7352722,-3.5425577,-0.04738829,0.000000
23,2,0,0,0,0,0.262526,1.7105544,2.0826018,4.383307,-83.085175,-2.2606075,-22.367723,1.6365105,0.000000
23,2,0,0,0,0,0.250318,1.6267093,1.8971045,4.2290726,-11.398933,-0.5322857,-15.297787,-0.13980025,0.000000
23,2,0,0,0,0,0.236437,1.5508604,1.9292608,4.368348,-11.422945,-0.7900887,-21.408371,-0.362319,0.000000
23,2,0,0,0,0,0.227444,4.154359,3.4727244,24.024239,-31.569803,0.22576672,4.085748,0.15116422,0.000000
23,2,0,0,0,0,0.216891,1.5749614,1.9427657,4.471044,-69.11584,-3.2734299,-26.825256,1.8962116,0.000000
23,2,0,0,0,0,0.209174,1.9319181,2.0436645,4.701856,17.297737,0.572577,-12.978188,0.00947653,0.000000
24,2,0,0,0,0,0.784125,2.1149602,2.0177934,4.518824,-0.81445694,0.10852024,0.27598488,0.075399235,0.000000
24,2,0,0,0,0,0.289566,1.5170819,1.8491738,4.2323303,-73.17099,-3.5492387,-25.481459,-0.24396478,0.000000
24,2,0,0,0,0,0.266214,1.9290875,2.1170309,4.8422513,2.3861723,0.110028416,-7.774773,-0.096483216,0.000000
24,2,0,0,0,0,0.257640,3.8688483,3.2466025,22.296305,-34.547478,0.0032255948,3.8687387,0.17066841,0.000000
24,2,0,0,0,0,0.231575,1.9500893,1.9836407,4.5070143,13.68395,0.55184686,-13.10378,-0.019462302,0.000000
24,2,0,0,0,0,0.220602,1.6119964,1.880875,4.157214,-14.912316,-0.6472754,-15.406401,-0.0006438175,0.000000
24,2,0,0,0,0,0.213173,1.6948166,2.0343432,4.394126,-86.85702,-2.207111,-22.499287,1.0711932,0.000000
24,2,0,0,0,0,0.206614,1.8389416,2.1033435,5.255265,-38.69852,-1.2380993,10.896214,0.06431747,0.000000
24,2,0,0,0,0,0.204869,1.6465349,1.9393455,4.6254663,-42.01441,-1.6644207,-26.383003,2.2702975,0.000000
24,2,0,0,0,0,0.201409,1.578969,1.9282222,4.654606,-21.258099,-1.2893825,-26.3572,2.3405704,0.000000
24,2,0,0,0,0,0.201359,3.691931,3.1754167,19.764246,-20.318508,1.0596945,-33.250443,0.023773111,0.000000
25,2,0,0,0,0,0.783684,2.0628366,1.9885031,4.4483094,-0.8496084,0.07827714,0.24971348,0.095163025,0.000000
25,2,0,0,0,0,0.538077,1.7863351,2.0142424,4.564438,-97.67894,-2.610197,-3.4758496,9.971458e-05,0.000000
25,2,0,0,0,0,0.363506,1.9111445,2.0616841,4.756609,11.355314,0.37350914,-13.488258,-0.16866201,0.000000
25,2,0,0,0,0,0.264159,4.1001415,3.3949847,24.697704,-33.797047,0.17071673,3.9517643,0.19210447,0.000000
25,2,0,0,0,0,0.236493,1.677324,1.9816651,4.262987,-89.07657,-2.3650014,-22.508602,1.559699,0.000000
25,2,0,0,0,0,0.202711,1.6086432,2.0054898,4.5988827,-69.58973,-3.51137,-23.802279,1.6647936,0.000000
26,2,0,0,0,0,0.785274,2.0438895,1.9705057,4.356037,-0.8021126,0.009598047,0.16969603,0.007125238,0.000000
26,2,0,0,0,0,0.557705,1.8772011,1.9927174,4.5735097,8.63946,0.20635253,-13.418592,-0.13289246,0.000000
26,2,0,0,0,0,0.261633,4.2003937,3.4974983,26.695051,-32.6025,0.24076134,4.1250753,0.1904444,0.000000
26,2,0,0,0,0,0.261054,1.6872978,2.0591788,4.8247848,-92.44069,-2.6093593,-22.153704,0.19257624,0.000000
26,2,0,0,0,0,0.228654,2.2030342,2.2280307,5.628994,-25.80952,-0.42057896,2.6536472,0.00024144724,0.000000
27,2,0,0,0,0,0.730813,2.0361876,2.0050273,4.415497,-1.2853823,-0.100998014,0.17067212,0.02857313,0.000000
27,2,0,0,0,0,0.495909,1.923253,2.0260394,4.6368628,5.235756,0.052168608,-13.461968,-0.19088006,0.000000
27,2,0,0,0,0,0.232901,1.6327915,1.9318348,4.6137576,-50.821415,-2.3180687,-26.638845,2.028319,0.000000
27,2,0,0,0,0,0.206775,1.7512482,2.0959888,4.85833,-94.220566,-2.4436479,-23.441967,1.6763943,0.000000
28,2,0,0,0,0,0.682032,1.7950239,1.9758875,4.515049,-97.26082,-2.4801273,-3.3753376,-0.015049265,0.000000
28,2,0,0,0,0,0.678348,1.9887958,1.9710684,4.2955804,-0.78191376,-0.08623268,0.21790457,-0.040637456,0.000000
28,2,0,0,0,0,0.470660,2.0297723,2.062959,4.7572937,3.3617363,0.069300175,-13.621126,-0.089728534,0.000000
28,2,0,0,0,0,0.354546,1.5150648,1.8547547,4.2515492,-84.434845,-3.8741086,-25.575647,-0.2648186,0.000000
28,2,0,0,0,0,0.272318,1.7570562,1.9114531,4.312073,16.440647,0.09199217,-7.137638,0.12326002,0.000000
28,2,0,0,0,0,0.251419,1.6434666,1.9461415,4.407391,-87.93092,-3.727662,-26.757832,-0.1980899,0.000000
28,2,0,0,0,0,0.237421,1.7509115,1.9292023,4.2990394,0.46642303,-0.18799941,-7.6633263,-0.017993893,0.000000
28,2,0,0,0,0,0.231687,4.3005705,3.5379715,26.811392,-32.180878,0.32325894,4.0790787,0.20538536,0.000000
29,2,0,0,0,0,0.630298,1.9305363,1.9532578,4.284426,-0.8181915,-0.072420344,0.25727323,0.06323367,0.000000
29,2,0,0,0,0,0.535460,1.8768125,1.9951425,4.5517855,0.72028255,-0.026799291,-13.607072,-0.09427558,0.000000
29,2,0,0,0,0,0.335160,1.8835185,2.1828692,5.1444287,-87.6803,-3.7220178,-26.34771,-0.0824758,0.000000
29,2,0,0,0,0,0.275046,4.1615243,3.3674386,26.66886,-32.299805,0.37856454,3.8929796,0.15488681,0.000000
29,2,0,0,0,0,0.249546,1.7294517,1.8949435,4.1318536,13.888712,0.0058112442,-7.238985,0.06795101,0.000000
29,2,0,0,0,0,0.231185,1.5311898,1.8347032,4.3950043,-89.81707,-3.5319345,-28.277327,1.8423469,0.000000
30,2,0,0,0,0,0.577869,1.9114187,1.9453862,4.2348824,-1.3908958,-0.10874294,0.24869353,0.06780417,0.000000
30,2,0,0,0,0,0.295876,4.2357836,3.4294448,27.702057,-32.614746,0.44085824,3.7930164,0.15144916,0.000000
30,2,0,0,0,0,0.267273,1.863987,2.026984,4.6083317,-2.710309,-0.08474374,-13.697481,-0.027956517,0.000000
30,2,0,0,0,0,0.256740,1.8155973,2.0915785,5.115072,-91.254745,-3.4536412,-26.904215,0.2266857,0.000000
31,2,0,0,0,0,0.491193,1.9655459,1.9812952,4.343781,-1.4293289,-0.047808573,0.26493728,0.04911439,0.000000
31,2,0,0,0,0,0.384580,1.9953489,2.0308497,4.6720366,-5.1349335,-0.02351819,-13.908204,-0.07666399,0.000000
31,2,0,0,0,0,0.313763,4.1536617,3.3489544,25.861874,-32.892845,0.36416066,3.9286258,0.16832763,0.000000
31,2,0,0,0,0,0.306944,1.6237347,1.9391521,4.2747765,-33.991558,-1.1378176,-16.81033,-0.33375037,0.000000
31,2,0,0,0,0,0.305750,1.6638787,1.9817957,4.575234,-62.264206,-2.4292507,-26.965645,1.5853553,0.000000
31,2,0,0,0,0,0.277573,1.9792299,2.1479928,4.8328104,-76.83135,-2.0317082,-29.674826,-0.57533836,0.000000
31,2,0,0,0,0,0.230369,1.7137611,2.0624108,5.4674973,-37.550354,-1.1503855,10.970268,0.0052410923,0.000000
31,2,0,0,0,0,0.223564,1.6641259,1.9141957,4.3419724,-96.82175,-3.3549676,-27.171642,-0.060296744,0.000000
31,2,0,0,0,0,0.205051,1.4993587,1.859844,4.19084,-89.91614,-2.5739782,-13.568198,-0.0623023,0.000000
32,2,0,0,0,0,0.490305,1.9858057,1.953277,4.35595,-1.4065247,-0.07127768,0.4521587,0.13499044,0.000000
32,2,0,0,0,0,0.474111,1.7640187,1.9751598,4.3810687,-97.20816,-2.4361737,-3.5654278,0.060017847,0.000000
32,2,0,0,0,0,0.293115,1.6157415,1.8925183,4.514109,-64.51674,-3.0071225,-26.802006,1.8636065,0.000000
32,2,0,0,0,0,0.285635,4.1662016,3.34948,24.99081,-33.154106,0.29761952,3.8581495,0.16224168,0.000000
32,2,0,0,0,0,0.222719,1.9320469,2.0517237,4.654683,-7.844474,-0.089530975,-13.828304,-0.009561304,0.000000
32,2,0,0,0,0,0.214657,1.7612901,2.108174,5.680751,-37.44418,-1.1065873,10.96207,0.010427105,0.000000
33,2,0,0,0,0,0.525902,1.7574772,1.9933289,4.477542,-97.23177,-2.5039697,-3.4762788,0.0062258486,0.000000
33,2,0,0,0,0,0.470024,2.0799713,1.9929018,4.479123,-1.4171972,-0.00062172115,0.45398298,0.17382707,0.000000
33,2,0,0,0,0,0.312020,4.1973915,3.434426,26.79097,-32.00602,0.36023855,3.7183256,0.09209072,0.000000
33,2,0,0,0,0,0.290459,1.5672573,1.9026116,4.3063073,-39.789444,-1.4684491,-17.179792,2.356401,0.000000
33,2,0,0,0,0,0.222734,2.0428944,2.15722,4.917215,-82.13907,-2.2649364,-29.76335,-0.5165955,0.000000
33,2,0,0,0,0,0.210106,1.6453447,2.011075,4.5143976,-67.21805,-2.1598265,-27.044323,1.9508913,0.000000
34,2,0,0,0,0,0.760491,1.7175927,1.9664319,4.5162683,-96.98588,-2.53599,-3.5399797,-0.053810474,0.000000
34,2,0,0,0,0,0.504194,2.123886,2.0520191,4.463472,-1.3957844,0.08497816,0.12444872,0.033877254,0.000000
34,2,0,0,0,0,0.327524,1.9183623,1.9853739,4.4846034,-13.074386,-0.07137424,-14.257133,-0.05318558,0.000000
34,2,0,0,0,0,0.324835,4.0558386,3.3628929,25.69105,-32.090714,0.39506966,3.6921089,0.13315785,0.000000
34,2,0,0,0,0,0.237257,1.6410034,1.8819437,4.1597657,-17.68428,-0.7627812,-14.86536,-0.4365498,0.000000
34,2,0,0,0,0,0.213526,1.8368083,2.0270467,4.943164,-5.105609,-0.16458273,-12.339546,0.028662693,0.000000
35,2,0,0,0,0,0.698763,1.7558206,1.9691178,4.441135,-96.8228,-2.5745654,-3.4479637,-0.117828116,0.000000
35,2,0,0,0,0,0.392506,2.0798545,1.9971768,4.2760277,-1.3912411,0.0123588145,0.13159525,0.055129804,0.000000
35,2,0,0,0,0,0.330734,1.591661,1.8866181,4.1936464,-71.684906,-1.9764557,-12.836771,1.6326547,0.000000
35,2,0,0,0,0,0.318489,4.00336,3.4031038,25.902796,-32.551865,0.33085704,3.5740614,0.09902005,0.000000
35,2,0,0,0,0,0.294315,1.6704249,1.9224131,4.239826,-74.92736,-1.7575245,-12.429922,1.1223463,0.000000
35,2,0,0,0,0,0.275737,1.7918608,2.0871103,5.4363136,-36.326576,-1.0141798,10.928433,0.030909222,0.000000
35,2,0,0,0,0,0.263167,1.558422,1.9146943,4.443182,-74.167786,-2.384825,-25.282513,-0.37891614,0.000000
35,2,0,0,0,0,0.239715,1.8369118,2.0365882,4.355192,-15.985488,-0.29069984,-14.61909,-0.23030025,0.000000
35,2,0,0,0,0,0.221709,1.7233522,1.9393227,4.5770965,-2.3295279,-0.33397797,-7.709956,0.08792403,0.000000
36,2,0,0,0,0,0.648826,1.7901195,2.0248747,4.773787,-97.05347,-2.4721584,-3.6583226,0.04598785,0.000000
36,2,0,0,0,0,0.437331,1.950767,1.9337376,4.2126637,-1.5144243,-0.0020754784,0.40976796,0.18400323,0.000000
36,2,0,0,0,0,0.320086,1.785764,2.1018298,5.453968,-36.15667,-0.95858747,10.94182,0.014338214,0.000000
36,2,0,0,0,0,0.300384,2.1790857,2.3783813,5.6408434,-89.90924,-1.993225,-30.869158,-0.6918059,0.000000
36,2,0,0,0,0,0.290731,3.9975357,3.3311977,24.78791,-32.305305,0.36483043,3.7934551,0.15947953,0.000000
36,2,0,0,0,0,0.253726,1.9939694,2.015433,4.5676217,-18.250242,-0.16099788,-14.366193,-0.04643449,0.000000
36,2,0,0,0,0,0.201915,1.8169165,2.0452988,4.7126503,-10.283508,-0.2950195,-13.216318,-0.18558697,0.000000
37,2,0,0,0,0,0.781054,1.7000713,1.9141704,4.333569,-97.21539,-2.3631272,-3.5509286,-0.04995405,0.000000
37,2,0,0,0,0,0.430395,2.1604614,2.0985546,4.787384,-1.7381592,-0.019236684,0.06747621,-0.009448017,0.000000
37,2,0,0,0,0,0.385548,2.0223618,2.1024046,4.520071,-21.471638,-0.27244186,-14.695703,-0.23452383,0.000000
37,2,0,0,0,0,0.341415,1.8740942,2.1326115,4.693451,-80.751015,-1.8247551,-12.274279,0.9166796,0.000000
37,2,0,0,0,0,0.324619,1.7772629,1.9794813,4.6171193,8.333234,-0.27135006,-7.492934,0.1308105,0.000000
37,2,0,0,0,0,0.320060,1.7765267,2.1230423,5.674584,-36.62442,-0.92635745,10.916812,0.04954236,0.000000
37,2,0,0,0,0,0.293492,3.9569626,3.282017,24.607244,-33.062405,0.39187968,3.7158093,0.14081691,0.000000
37,2,0,0,0,0,0.265787,1.5380911,1.8736414,4.345519,-93.87465,-2.6857271,-12.561823,-0.0011137675,0.000000
37,2,0,0,0,0,0.262805,1.6127101,1.9896572,4.474308,-77.92488,-1.9580421,-14.045059,1.5024436,0.000000
37,2,0,0,0,0,0.252953,1.7477577,1.9693948,4.4634924,-13.632145,-0.31654245,-13.350674,-0.24715108,0.000000
38,2,0,0,0,0,0.740805,1.6951593,1.9046803,4.4093795,-96.655754,-2.2784646,-3.6388094,-0.033867463,0.000000
38,2,0,0,0,0,0.435373,2.1456916,2.02769,4.641516,-1.2695999,-0.043644667,0.22358114,0.09068462,0.000000
38,2,0,0,0,0,0.387182,1.9848511,2.040345,4.5447884,-23.526321,-0.4759273,-14.781889,-0.18290497,0.000000
38,2,0,0,0,0,0.361383,1.4124873,1.7887044,3.939087,-96.12544,-2.5955544,-12.480474,-0.21538597,0.000000
38,2,0,0,0,0,0.327090,3.9750152,3.2180402,25.46874,-32.040882,0.5000821,3.7513437,0.13253856,0.000000
38,2,0,0,0,0,0.275980,1.7817466,1.9505339,4.294198,-83.06911,-1.5762239,-12.678118,1.0665054,0.000000
38,2,0,0,0,0,0.270104,1.7177125,2.0171847,5.0675807,-35.19243,-0.9494078,10.966274,0.107104234,0.000000
38,2,0,0,0,0,0.268093,1.5305271,1.9475691,4.4061794,-79.74184,-1.8866632,-13.949412,1.6380386,0.000000
38,2,0,0,0,0,0.264107,1.6810734,1.9383267,4.359982,5.98485,-0.19793741,-8.21508,-0.112274066,0.000000
38,2,0,0,0,0,0.254084,1.6691456,1.9911075,4.447619,-80.66222,-2.224661,-27.287975,2.042585,0.000000
38,2,0,0,0,0,0.219140,1.7452873,2.00778,4.3339143,-16.149067,-0.48024353,-13.370184,-0.10239023,0.000000
38,2,0,0,0,0,0.219012,1.9052659,1.9702343,4.443821,-3.0409212,-0.06550279,-38.284004,-0.24533896,0.000000
39,2,0,0,0,0,0.708331,1.771258,1.9494174,4.616276,-96.574905,-2.2329574,-3.7272115,-0.009448927,0.000000
39,2,0,0,0,0,0.547796,2.126875,2.0517125,4.701937,-1.3256769,-0.02531296,0.345887,0.1037521,0.000000
39,2,0,0,0,0,0.503271,1.9954605,2.0623014,4.59951,-26.341162,-0.45895952,-14.923113,-0.19497018,0.000000
39,2,0,0,0,0,0.331031,3.8692112,3.1624508,23.571222,-32.725906,0.46349007,3.7239366,0.16773482,0.000000
39,2,0,0,0,0,0.290567,1.6995369,2.0108364,5.142215,-35.19548,-0.89685214,10.953009,0.10303303,0.000000
39,2,0,0,0,0,0.254652,1.7614993,1.9926445,4.524475,-18.476887,-0.4662686,-13.544564,-0.16907567,0.000000
39,2,0,0,0,0,0.222733,1.933321,2.101946,4.5288196,-85.45038,-1.7107874,-12.6750765,0.851911,0.000000
39,2,0,0,0,0,0.204304,1.6368401,1.9144139,4.387678,-52.022514,-3.2462206,-26.928654,1.6245682,0.000000
40,2,0,0,0,0,0.686687,1.6235043,1.8761578,4.109296,-96.38884,-2.1396644,-3.759781,-0.046535924,0.000000
40,2,0,0,0,0,0.665739,2.1433668,2.0318391,4.6378775,-1.2127542,0.07801607,0.3110289,0.08509561,0.000000
40,2,0,0,0,0,0.507387,2.0034723,2.1199927,4.6545115,-29.154549,-0.5059547,-14.951445,-0.09381974,0.000000
40,2,0,0,0,0,0.337082,3.9779792,3.2492418,24.044191,-32.199993,0.5953955,3.7208333,0.20707071,0.000000
40,2,0,0,0,0,0.295879,1.6183662,1.9188502,4.3203754,-18.738916,-0.8156987,-18.663712,-0.34541714,0.000000
40,2,0,0,0,0,0.294121,1.6852684,1.9202414,4.309703,0.8804598,-0.16374466,-8.090003,0.041126475,0.000000
40,2,0,0,0,0,0.279938,1.895201,2.052849,4.5108266,-88.305145,-1.7474489,-12.878292,0.7999589,0.000000
40,2,0,0,0,0,0.256236,1.681617,2.0347643,5.3547626,-35.065804,-0.7809409,10.894528,0.08995371,0.000000
40,2,0,0,0,0,0.242344,1.5296237,1.8816183,4.2838445,-59.48814,-2.116095,-18.730824,2.232935,0.000000
41,2,0,0,0,0,0.737585,1.730612,1.9777594,4.4939413,-96.246445,-2.1650019,-3.7798944,-0.06898117,0.000000
41,2,0,0,0,0,0.606107,2.135376,2.0082326,4.5519557,-1.2924213,0.17160287,0.2523663,0.09792629,0.000000
41,2,0,0,0,0,0.431998,2.0091896,2.1148837,4.862627,-31.719296,-0.6423629,-15.144019,-0.15635547,0.000000
41,2,0,0,0,0,0.364204,1.5807023,1.8761563,4.0053935,-21.415028,-0.8126533,-18.91331,-0.4052095,0.000000
41,2,0,0,0,0,0.314446,3.990407,3.2491581,24.036076,-32.420536,0.6098863,3.7451806,0.23263447,0.000000
41,2,0,0,0,0,0.232516,1.753896,2.0337653,4.939205,-1.4046288,-0.1887651,-8.139849,0.19624716,0.000000
41,2,0,0,0,0,0.220138,1.5284852,1.8413361,4.0972366,-20.66244,-0.61039037,-12.827779,-0.20552562,0.000000
41,2,0,0,0,0,0.219214,1.7158138,2.0791714,5.6320558,-35.007584,-0.6842196,10.877843,0.10203649,0.000000
41,2,0,0,0,0,0.205089,1.7131972,2.251475,5.3023615,-90.35094,-2.107641,-26.873821,-0.17915079,0.000000
42,2,0,0,0,0,0.817138,1.6584057,1.8987641,4.387431,-96.26792,-2.0780551,-3.953442,-0.006153318,0.000000
42,2,0,0,0,0,0.613250,1.886857,1.9491916,4.3685966,-1.4052811,0.066723466,0.29918733,0.04354121,0.000000
42,2,0,0,0,0,0.296070,3.9170141,3.2476702,23.40765,-32.564213,0.58830875,3.7958786,0.2264046,0.000000
42,2,0,0,0,0,0.265279,1.5741354,1.892371,4.255315,-90.89508,-2.67959,-28.003029,1.8552485,0.000000
42,2,0,0,0,0,0.248137,2.1086965,2.190247,4.981392,-34.394554,-0.6286365,-15.305182,-0.24983487,0.000000
42,2,0,0,0,0,0.238271,1.6384407,1.9246808,4.4431415,-4.3904724,-0.21966937,-8.1995945,0.13719775,0.000000
42,2,0,0,0,0,0.217957,1.6019247,1.9495494,4.5247498,-42.38362,-3.0051274,-26.91575,1.4120269,0.000000
42,2,0,0,0,0,0.202655,1.7709783,1.9951835,4.9032903,-33.818195,-0.7156648,11.126102,0.0388286,0.000000
42,2,0,0,0,0,0.202533,1.6540964,1.9945852,4.6107607,-94.02865,-2.0716376,-13.355049,0.51110506,0.000000
43,2,0,0,0,0,0.837404,1.6235888,1.8919938,4.4122977,-96.24425,-1.9731286,-4.0141916,-0.003040258,0.000000
43,2,0,0,0,0,0.651109,2.0956855,2.0008895,4.537047,-1.3628807,0.022924215,0.31323636,0.0645834,0.000000
43,2,0,0,0,0,0.304825,3.8175497,3.1876307,21.872496,-32.979664,0.54484063,3.8712013,0.22980657,0.000000
43,2,0,0,0,0,0.285114,1.6506405,1.9490123,4.213941,-26.56046,-0.8801821,-18.63221,-0.3584395,0.000000
43,2,0,0,0,0,0.247953,1.7278037,1.9863364,4.97527,-33.8361,-0.77120024,11.04087,0.028519962,0.000000
43,2,0,0,0,0,0.213485,1.5737684,1.9456167,4.339821,-63.46666,-3.0527172,-27.114843,0.17129454,0.000000
43,2,0,0,0,0,0.201358,3.1738858,2.9156528,9.133748,-80.52704,-0.7898901,-35.05564,-0.027681109,0.000000
44,2,0,0,0,0,0.808400,1.7067523,1.9731746,4.5444317,-96.23454,-1.9027859,-3.951879,-0.0490779,0.000000
44,2,0,0,0,0,0.684697,1.8712436,1.9328572,4.3419304,-1.4756985,-0.18616733,0.2736668,0.0433632,0.000000
44,2,0,0,0,0,0.271472,4.0756702,3.4618807,21.758493,-31.457096,0.5791803,4.009466,0.14077176,0.000000
44,2,0,0,0,0,0.251532,1.624041,1.932128,4.6379867,-9.592857,-0.5629751,-8.56068,0.09282555,0.000000
44,2,0,0,0,0,0.246474,1.6748154,1.9701103,5.024432,-33.693897,-0.8544929,11.049707,-0.0070542498,0.000000
44,2,0,0,0,0,0.225413,1.6506399,1.9326589,4.1404552,-29.367775,-0.8600045,-19.69639,-0.63076794,0.000000
44,2,0,0,0,0,0.220321,2.0993729,2.1144316,4.7457614,-39.64914,-0.75548357,-15.625269,-0.26507562,0.000000
45,2,0,0,0,0,0.763382,1.6830657,1.9217016,4.319816,-95.457924,-1.8879704,-4.1546845,0.015086778,0.000000
45,2,0,0,0,0,0.609026,2.0309694,1.9842665,4.467782,-0.8575916,-0.021268636,0.30052328,0.031179402,0.000000
45,2,0,0,0,0,0.299962,4.1027465,3.4274645,22.68754,-30.91785,0.66495264,3.8642383,0.09673053,0.000000
45,2,0,0,0,0,0.294985,1.6367166,1.9320769,4.239578,-98.48431,-2.6740155,-28.402176,1.5089567,0.000000
45,2,0,0,0,0,0.278233,1.8734593,2.0314703,4.594989,16.79725,0.17742395,-9.615899,0.03908018,0.000000
45,2,0,0,0,0,0.234114,1.6282883,1.9396446,4.2850747,-31.35667,-0.826495,-18.967068,-0.38718855,0.000000
45,2,0,0,0,0,0.223810,1.7712507,2.0429933,5.3495984,-33.059265,-0.7803104,11.035727,-0.006393796,0.000000
45,2,0,0,0,0,0.204746,1.5127769,1.8740227,4.232436,-31.38796,-0.81322026,-14.054653,1.8419354,0.000000
46,2,0,0,0,0,0.807045,1.6388044,1.9000275,4.3365145,-95.86429,-1.8440213,-4.27652,0.029577864,0.000000
46,2,0,0,0,0,0.647924,1.7340672,1.8608863,4.144913,-1.5656013,-0.18034837,0.27771208,0.15239018,0.000000
46,2,0,0,0,0,0.286697,4.0894585,3.4339201,22.41939,-31.342484,0.5790074,3.6239347,0.07365856,0.000000
46,2,0,0,0,0,0.258151,1.715126,1.9762897,4.822609,-32.65585,-0.8494482,10.971584,0.025570765,0.000000
46,2,0,0,0,0,0.257645,1.6563809,1.9338167,4.178914,-34.640045,-0.9180999,-19.984907,-0.5984781,0.000000
46,2,0,0,0,0,0.232368,1.756091,1.9270504,4.3232107,13.173393,7.122755e-06,-9.63731,0.13048133,0.000000
46,2,0,0,0,0,0.231366,1.5994873,1.9045429,4.4817476,-81.42636,-2.5810506,-29.262459,1.9241419,0.000000
47,2,0,0,0,0,0.764778,1.6941843,1.9502813,4.5985436,-96.500175,-1.6714545,-4.422785,-0.024866296,0.000000
47,2,0,0,0,0,0.655923,1.9992976,1.9529876,4.3834352,-1.995307,-0.16468364,0.2693432,0.05272457,0.000000
47,2,0,0,0,0,0.335852,1.724095,1.9893727,4.6302176,-38.006065,-1.0500921,-20.706821,2.4162254,0.000000
47,2,0,0,0,0,0.329095,4.064252,3.3724008,22.71488,-32.02871,0.61526936,3.672471,0.099144086,0.000000
47,2,0,0,0,0,0.321201,1.7097471,1.9747982,4.883723,-33.135735,-0.8344187,10.907116,0.008898654,0.000000
47,2,0,0,0,0,0.231984,1.4517002,1.8567247,4.0854664,-78.96398,-1.9330732,-19.426273,-0.70764434,0.000000
48,2,0,0,0,0,0.789409,1.6939917,1.923827,4.5996475,-95.87747,-1.6354461,-4.573439,0.022453088,0.000000
48,2,0,0,0,0,0.723264,1.667298,1.8840624,4.188101,-1.441678,-0.28340524,0.35881713,0.077483475,0.000000
48,2,0,0,0,0,0.384136,1.7954403,1.9730624,4.440115,16.15141,0.07880518,-8.632384,0.0658354,0.000000
48,2,0,0,0,0,0.328018,1.979278,2.0771418,5.261632,-32.514694,-0.6811898,10.933502,0.006232525,0.000000
48,2,0,0,0,0,0.268512,1.6366539,1.9492805,4.3287835,-40.025856,-1.1623245,-20.328056,-0.59911984,0.000000
48,2,0,0,0,0,0.222504,4.109559,3.4263973,21.502747,-30.563974,0.6064624,3.8242698,0.09926021,0.000000
48,2,0,0,0,0,0.202635,1.617659,1.9589865,4.6462793,-7.9686203,-0.6330501,-8.701912,-0.076960444,0.000000
49,2,0,0,0,0,0.706240,1.6485307,1.9063174,4.034693,-95.75696,-1.6324663,-4.5891094,-0.059027184,0.000000
49,2,0,0,0,0,0.612660,1.8485906,1.9242182,4.2988815,-1.4514942,-0.09227638,0.3592857,0.042151883,0.000000
49,2,0,0,0,0,0.333902,1.8732045,2.0376673,5.124421,-32.33349,-0.69416404,10.889529,0.0017182974,0.000000
49,2,0,0,0,0,0.277438,4.1355114,3.495039,22.186369,-30.347172,0.6394129,3.648148,0.06461445,0.000000
49,2,0,0,0,0,0.273099,1.6298727,1.9193968,4.168091,-42.720325,-0.9523777,-20.27028,-0.5687152,0.000000
49,2,0,0,0,0,0.270580,1.7431219,1.9530776,4.3815627,13.0986595,0.03221348,-8.575378,0.1676113,0.000000
50,2,0,0,0,0,0.754534,1.6681614,1.9280739,4.2605786,-96.446686,-1.7836504,-4.849721,-0.0072271097,0.000000
50,2,0,0,0,0,0.601174,1.9127082,1.926245,4.265387,-2.1800375,0.016685307,0.41002533,0.15286668,0.000000
50,2,0,0,0,0,0.324278,4.1846685,3.5096974,22.673672,-31.062572,0.6726253,3.660696,0.13168925,0.000000
50,2,0,0,0,0,0.281941,1.765047,1.9523977,4.4736156,9.984468,0.19008958,-8.922836,-0.0020624406,0.000000
50,2,0,0,0,0,0.262189,1.7123213,1.9644651,4.8247514,-32.355057,-0.8095265,10.876637,0.014150961,0.000000
50,2,0,0,0,0,0.262174,1.5830241,1.9275243,4.397983,-46.00802,-1.136828,-20.676292,-0.30631384,0.000000
50,2,0,0,0,0,0.251742,1.7253625,2.003891,4.4751577,12.105986,0.08219576,-16.266447,1.7622199,0.000000
50,2,0,0,0,0,0.223401,1.8266646,2.0463226,4.768075,1.9883747,0.029502422,-10.154118,0.1298776,0.000000
50,2,0,0,0,0,0.205738,1.6082914,1.921732,4.220881,-61.901047,-1.4089009,-17.543821,-0.6066958,0.000000
51,2,0,0,0,0,0.799710,1.6732363,1.943499,4.361119,-95.66817,-1.6955174,-4.912889,-0.030107765,0.000000
51,2,0,0,0,0,0.490162,1.9638742,1.9623697,4.2849207,-1.4157562,0.052881747,0.39038336,0.062200896,0.000000
51,2,0,0,0,0,0.411493,1.6106696,1.9224238,4.354685,-48.06444,-1.3658432,-20.74538,-0.30676353,0.000000
51,2,0,0,0,0,0.373298,1.7862943,2.053013,4.5990553,9.941419,-0.020854473,-16.101437,1.4212596,0.000000
51,2,0,0,0,0,0.338873,3.894433,3.2541487,22.675312,-31.15812,0.66460764,3.5035105,0.10844288,0.000000
51,2,0,0,0,0,0.288438,1.7165629,1.9541237,4.9180512,-31.510853,-0.75435734,10.895536,0.010790986,0.000000
51,2,0,0,0,0,0.283925,1.8885273,2.0534644,4.660842,0.13540745,-0.00299716,-9.870291,0.19290686,0.000000
52,2,0,0,0,0,0.804842,1.5928874,1.9226762,4.4802423,-95.55963,-1.737602,-4.9585366,-0.023801122,0.000000
52,2,0,0,0,0,0.380558,1.8334901,1.9951514,4.675833,5.7673435,0.05990705,-8.820201,0.12067895,0.000000
52,2,0,0,0,0,0.343627,1.8259389,1.881136,4.0030823,-1.4744902,0.039587617,0.22671491,0.02077657,0.000000
52,2,0,0,0,0,0.319578,1.7608562,1.9972119,4.501701,7.611286,0.040039778,-16.137012,1.5245912,0.000000
52,2,0,0,0,0,0.306568,1.7061365,1.9506043,5.0033545,-31.447563,-0.76367056,10.858254,0.016269404,0.000000
52,2,0,0,0,0,0.292886,3.9825997,3.349594,22.257874,-30.876415,0.72385603,3.6616218,0.16960609,0.000000
52,2,0,0,0,0,0.248211,1.6930737,1.9638066,4.488931,-51.20498,-1.0323436,-21.498909,2.208603,0.000000
53,2,0,0,0,0,0.834235,1.637816,1.9345239,4.4289837,-95.53714,-1.6693761,-5.143767,0.028650483,0.000000
53,2,0,0,0,0,0.438076,1.7614874,1.9910314,4.4245086,4.870242,-0.21806431,-16.281296,1.4368632,0.000000
53,2,0,0,0,0,0.437316,1.7648596,1.9632655,4.404573,2.8348703,-0.08641058,-8.836604,0.25223118,0.000000
53,2,0,0,0,0,0.379449,1.8187718,1.8606644,3.8771915,-1.580966,-0.09831473,0.3841651,0.038187604,0.000000
53,2,0,0,0,0,0.322117,3.9463058,3.2274852,22.265982,-30.863264,0.65101564,3.5892596,0.12839642,0.000000
53,2,0,0,0,0,0.264096,1.6777332,2.012031,4.481574,-53.6288,-1.0403115,-21.557814,2.4530714,0.000000
53,2,0,0,0,0,0.261249,1.8315436,2.035704,4.5989647,-5.182435,-0.111726195,-10.616441,-0.10874656,0.000000
53,2,0,0,0,0,0.249053,1.7186062,2.0040317,4.7740088,12.083258,-0.04858613,-6.6451764,0.1384556,0.000000
53,2,0,0,0,0,0.225993,1.5080118,1.8763623,4.1306787,-69.27777,-1.4242115,-18.00612,-0.73879784,0.000000
54,2,0,0,0,0,0.747799,1.7327251,2.0015461,4.502458,-95.46125,-1.5657563,-5.2996745,0.013672886,0.000000
54,2,0,0,0,0,0.445492,1.7139152,1.9505832,4.37177,2.0133734,-0.28376564,-16.205223,1.4847298,0.000000
54,2,0,0,0,0,0.404293,2.1422546,2.092416,4.7329044,-1.2945461,0.024309129,0.3217551,0.061025366,0.000000
54,2,0,0,0,0,0.325658,3.982716,3.2648094,23.13242,-30.754635,0.6661682,3.4579077,0.14800355,0.000000
54,2,0,0,0,0,0.258011,1.6708043,1.9421477,4.9112315,-30.411957,-0.8242088,10.864627,0.049186796,0.000000
54,2,0,0,0,0,0.241748,1.8008704,2.002808,4.7445335,0.61725426,-0.12654153,-8.705998,0.21859357,0.000000
54,2,0,0,0,0,0.209458,1.5043557,1.848401,4.1419005,-72.3734,-1.3824835,-17.651386,-0.4777671,0.000000
55,2,0,0,0,0,0.789209,1.6658947,1.9278795,4.399137,-95.262085,-1.5120841,-5.515641,0.07679535,0.000000
55,2,0,0,0,0,0.477866,1.8061748,1.9897547,4.501479,-1.3560839,-0.1583476,0.24725711,0.07269019,0.000000
55,2,0,0,0,0,0.450131,1.7465494,1.918867,4.3402543,-2.4244537,-0.16943622,-8.984903,0.2882728,0.000000
55,2,0,0,0,0,0.341474,1.8318853,2.0862706,4.6380544,-0.11069775,-0.33663452,-16.526659,1.7103343,0.000000
55,2,0,0,0,0,0.310627,1.6420331,1.9283919,4.965276,-30.336231,-0.79694897,10.793166,0.044164624,0.000000
55,2,0,0,0,0,0.301639,4.0515842,3.2979145,23.71795,-30.82079,0.6496383,3.3265615,0.13735776,0.000000
55,2,0,0,0,0,0.226012,1.6977346,1.9654945,4.4494987,-58.56888,-1.122569,-21.417288,-0.4848076,0.000000
55,2,0,0,0,0,0.208529,1.5498986,1.8825958,4.2759724,-75.58786,-1.5764165,-18.089348,-0.26556474,0.000000
56,2,0,0,0,0,0.761300,1.657958,1.9477859,4.4233675,-95.36519,-1.2538264,-5.5616817,-0.042076726,0.000000
56,2,0,0,0,0,0.598636,1.8931303,1.9728872,4.429334,-1.3802147,-0.11441511,0.2759831,-0.0007905061,0.000000
56,2,0,0,0,0,0.359823,1.7187248,1.9932483,4.448061,-2.9478245,-0.38017592,-16.497486,1.5615177,0.000000
56,2,0,0,0,0,0.317180,1.9208491,2.0463457,4.6635156,-72.23236,-0.8048453,-18.074211,-0.10229422,0.000000
56,2,0,0,0,0,0.312498,4.0655527,3.3103125,23.852623,-30.731201,0.74879205,3.3372514,0.14533651,0.000000
56,2,0,0,0,0,0.306823,1.7369133,1.924028,4.351096,-5.098399,-0.2581963,-9.075945,0.39451218,0.000000
56,2,0,0,0,0,0.299308,1.6683779,1.9632335,5.141236,-30.265202,-0.7034077,10.758024,0.053104207,0.000000
56,2,0,0,0,0,0.247209,1.9250517,2.0784118,4.6518965,15.783405,0.17266881,-10.70028,-0.031959724,0.000000
57,2,0,0,0,0,0.755685,1.6248192,1.887404,4.353188,-95.78935,-1.4285659,-5.9249353,0.02887157,0.000000
57,2,0,0,0,0,0.540045,1.7321148,1.9229133,4.318339,-1.9359512,-0.1962209,0.33685553,0.0966362,0.000000
57,2,0,0,0,0,0.461725,1.7607324,1.9519393,4.3737044,-75.391914,-0.9447896,-18.289433,-0.16241255,0.000000
57,2,0,0,0,0,0.366135,1.7732785,1.9511857,4.5089045,-7.88503,-0.3030954,-9.126791,0.24154577,0.000000
57,2,0,0,0,0,0.315633,1.8255739,2.029595,4.608362,-5.936327,-0.5031147,-16.600933,1.4421445,0.000000
57,2,0,0,0,0,0.285523,4.157982,3.4696455,22.50199,-30.356773,0.6690881,3.5110784,0.112227105,0.000000
57,2,0,0,0,0,0.224372,1.7201891,1.9545354,4.226424,12.353987,0.107935846,-10.796389,-0.183558,0.000000
58,2,0,0,0,0,0.751872,1.6408103,1.9158139,4.4994392,-95.26919,-1.4515523,-5.860218,-0.045093745,0.000000
58,2,0,0,0,0,0.669803,1.9752185,2.0008345,4.5006957,-1.4938421,0.03722784,0.3386926,-0.015236385,0.000000
58,2,0,0,0,0,0.333765,1.9007919,2.1206183,4.791238,-8.048019,-0.4453761,-16.686878,1.4859873,0.000000
58,2,0,0,0,0,0.308588,3.932906,3.2910776,23.023296,-30.461926,0.7500363,3.3427525,0.09636451,0.000000
58,2,0,0,0,0,0.304322,1.718076,1.9368609,4.2984343,10.365811,0.24618417,-10.657171,0.019176459,0.000000
58,2,0,0,0,0,0.292102,1.6628094,1.9113904,4.2136517,-10.402998,-0.1330981,-9.584089,0.24696907,0.000000
58,2,0,0,0,0,0.279007,1.9322373,2.0219154,4.503499,-77.79734,-0.7203729,-18.599472,-0.1206104,0.000000
58,2,0,0,0,0,0.240194,1.6530912,1.9564404,4.9679193,-29.35447,-0.7422123,10.835672,0.052895226,0.000000
59,2,0,0,0,0,0.796921,2.1234112,2.015321,4.495445,-1.39258,0.18208817,0.29559785,-0.025690537,0.000000
59,2,0,0,0,0,0.705297,1.6315302,1.9122846,4.4431605,-95.3652,-1.3865788,-6.068285,-0.093815334,0.000000
59,2,0,0,0,0,0.521262,1.6423076,1.954947,4.1560793,7.672415,0.17776021,-10.912786,-0.13713393,0.000000
59,2,0,0,0,0,0.342636,1.8806211,1.9308138,4.3178086,-80.50994,-0.74621505,-18.843327,0.003308417,0.000000
59,2,0,0,0,0,0.298721,4.029645,3.389253,22.670048,-29.903826,0.8908549,3.645148,0.17502421,0.000000
59,2,0,0,0,0,0.292313,1.7582009,1.9540296,4.7754354,-12.577891,-0.114148736,-9.406048,0.32240748,0.000000
59,2,0,0,0,0,0.274623,1.7431724,1.991601,5.137559,-29.164335,-0.57376295,10.876401,0.01681107,0.000000
59,2,0,0,0,0,0.233898,1.9731529,2.1134071,4.9354753,-10.707921,-0.14095399,-16.718964,1.4807668,0.000000
59,2,0,0,0,0,0.228444,1.6295359,1.9140918,4.2110443,-69.89615,-0.92135286,-16.81929,1.6962583,0.000000
60,2,0,0,0,0,0.812413,1.7803037,1.8797579,4.0766034,-1.5692673,0.08726932,0.37441134,0.066978164,0.000000
60,2,0,0,0,0,0.742521,1.6433051,1.8838888,4.1739516,-95.11444,-1.4423449,-6.2197104,0.012993701,0.000000
60,2,0,0,0,0,0.488164,1.7215153,1.9610447,4.428165,5.2742214,0.2818137,-11.172067,-0.065771386,0.000000
60,2,0,0,0,0,0.449580,1.9306929,2.1646156,4.7629523,-13.211086,-0.061870277,-16.657595,1.4169431,0.000000
60,2,0,0,0,0,0.346136,1.7386925,1.9692905,4.4237537,-15.464436,-0.022381023,-9.717112,0.27235347,0.000000
60,2,0,0,0,0,0.318564,1.9380251,1.9685619,4.3819103,-82.87111,-0.667559,-19.209076,-0.081896335,0.000000
60,2,0,0,0,0,0.311833,4.064801,3.3350334,23.499033,-29.743496,0.89954114,3.3416064,0.11459153,0.000000
60,2,0,0,0,0,0.256450,1.6422975,1.9268198,4.7247825,11.308609,0.019872874,-4.61666,0.03297514,0.000000
60,2,0,0,0,0,0.239020,1.6506853,1.9837301,4.5425105,-72.613884,-1.1468304,-18.008678,1.470118,0.000000
60,2,0,0,0,0,0.222217,1.5306416,1.8960994,4.4357357,-89.972275,-2.1892426,-33.537056,1.6521233,0.000000
60,2,0,0,0,0,0.207810,1.6158531,1.9371536,4.461812,-72.28074,-1.5060965,-22.83801,-0.107120164,0.000000
61,2,0,0,0,0,0.767249,1.7356277,1.9450494,4.355133,-94.65935,-1.437913,-6.3444257,0.057838272,0.000000
61,2,0,0,0,0,0.750609,1.7700889,1.8963277,4.107256,-1.0940647,0.12546194,0.4255976,0.11713153,0.000000
61,2,0,0,0,0,0.461146,1.6321888,1.9340981,4.2533116,2.8726034,0.16154118,-11.312985,-0.13197963,0.000000
61,2,0,0,0,0,0.351531,2.010648,2.151743,4.8529,-15.489961,-0.011621177,-16.831285,1.5060253,0.000000
61,2,0,0,0,0,0.343739,4.0115557,3.2758753,24.004372,-29.275875,0.94749004,3.4245424,0.16480307,0.000000
61,2,0,0,0,0,0.247552,1.5562391,1.8872038,4.2096834,-74.68611,-1.3590087,-17.857885,1.7500048,0.000000
61,2,0,0,0,0,0.242322,1.7974803,2.0321786,4.67205,-17.686472,-0.066782996,-9.746333,0.3103918,0.000000
61,2,0,0,0,0,0.219578,1.9800301,1.9987731,4.5275583,-85.07457,-0.6697085,-19.495394,-0.09736833,0.000000
61,2,0,0,0,0,0.218276,1.8399777,2.007124,4.797503,-27.7523,-0.46662498,11.042354,0.047426146,0.000000
62,2,0,0,0,0,0.821596,1.6983624,1.9296643,4.386123,-95.03958,-1.579945,-6.5959907,0.103713825,0.000000
62,2,0,0,0,0,0.780631,2.0599444,2.012855,4.525162,-1.399765,0.3220307,0.36271346,0.055204496,0.000000
62,2,0,0,0,0,0.445567,2.2683418,2.3222365,5.449308,15.399487,0.6388346,-10.269481,0.019706076,0.000000
62,2,0,0,0,0,0.326540,1.7378869,1.9511905,4.6759224,-20.50275,-0.21745312,-9.582514,0.31735188,0.000000
62,2,0,0,0,0,0.301931,1.5724849,1.8790823,4.450861,-14.079771,-0.4682653,-8.976309,0.15055513,0.000000
62,2,0,0,0,0,0.297965,2.0504556,2.279168,4.955,-18.35875,-0.08952722,-17.256428,1.4782357,0.000000
62,2,0,0,0,0,0.254603,1.6088245,1.9329765,4.089588,-0.5092764,0.1965691,-10.964696,-0.266001,0.000000
62,2,0,0,0,0,0.247528,1.8697574,2.016765,4.89813,-28.383175,-0.46952587,10.986097,0.045738626,0.000000
62,2,0,0,0,0,0.219595,4.049326,3.3519268,22.277704,-29.119724,0.8505199,3.6446934,0.15539435,0.000000
63,2,0,0,0,0,0.835181,1.6646727,1.9068398,4.361405,-94.89522,-1.2908278,-6.5974994,0.0601288,0.000000
63,2,0,0,0,0,0.740821,1.7891525,1.9605811,4.3208604,-1.3232603,0.15499634,0.37015814,0.020849353,0.000000
63,2,0,0,0,0,0.457706,2.0573273,2.2654917,5.1308227,12.570366,0.5197449,-10.45409,-0.023720138,0.000000
63,2,0,0,0,0,0.354818,1.5499668,1.8632834,4.048854,-2.988659,0.09345639,-11.47297,-0.38750565,0.000000
63,2,0,0,0,0,0.301445,4.17117,3.4174685,24.084272,-29.835512,0.9492214,3.6154954,0.16244936,0.000000
63,2,0,0,0,0,0.267035,1.9051256,2.1231291,4.843401,-20.056688,-0.039545998,-18.415775,-0.2936005,0.000000
63,2,0,0,0,0,0.265737,1.9016147,2.0288723,5.020987,-28.375423,-0.3835476,11.009028,0.043548226,0.000000
63,2,0,0,0,0,0.263293,1.7954657,2.0351567,4.60305,-23.328466,0.013700172,-10.090469,0.26566422,0.000000
63,2,0,0,0,0,0.217346,1.7170153,1.9970348,4.530104,-32.222023,-1.4948912,-26.80521,0.05642089,0.000000
63,2,0,0,0,0,0.203969,1.9525881,1.9602549,4.35303,-90.753555,-0.5749141,-20.12336,-0.044952974,0.000000
64,2,0,0,0,0,0.842229,1.6719071,1.9165859,4.3950834,-94.94823,-0.985939,-6.7384014,0.043055605,0.000000
64,2,0,0,0,0,0.734600,1.7040639,1.9311433,4.2692866,-1.3603716,0.14359571,0.29261512,-0.026345862,0.000000
64,2,0,0,0,0,0.566057,1.704118,1.9897251,4.1633134,-5.4610634,0.20354289,-11.34888,-0.037188876,0.000000
64,2,0,0,0,0,0.493694,2.0929615,2.2175756,5.076388,10.124339,0.6236794,-10.607698,-0.06179685,0.000000
64,2,0,0,0,0,0.476290,1.7952027,2.0460894,4.9169526,-25.686777,0.0028038174,-10.213685,0.2022891,0.000000
64,2,0,0,0,0,0.401691,1.6710359,2.013832,4.4995627,-23.111118,-0.11668585,-18.131386,0.23612203,0.000000
64,2,0,0,0,0,0.287825,1.88761,2.1238608,5.018625,-95.53222,-0.48774648,-20.805237,0.51733506,0.000000
64,2,0,0,0,0,0.253788,1.6161034,1.9540114,4.418596,-82.87199,-0.6565529,-18.78083,1.7964065,0.000000
64,2,0,0,0,0,0.246511,4.0011444,3.3198042,21.876822,-29.280352,1.0097058,3.6461568,0.13441473,0.000000
64,2,0,0,0,0,0.246015,1.9215428,2.067952,5.2337937,-28.255253,-0.21692255,11.063034,0.039073132,0.000000
64,2,0,0,0,0,0.202778,1.6490335,1.9629517,4.736223,-18.957859,-0.33477062,-9.104898,0.20096931,0.000000
65,2,0,0,0,0,0.830386,1.6148483,1.8834505,4.3261633,-94.75662,-0.9020793,-7.0207834,0.062378712,0.000000
65,2,0,0,0,0,0.715168,1.8139668,1.9655701,4.3479614,-1.3786097,0.20694116,0.26713485,0.054066323,0.000000
65,2,0,0,0,0,0.556978,2.0674448,2.202245,5.0547256,7.099827,0.47800246,-10.699099,0.057606865,0.000000
65,2,0,0,0,0,0.414636,1.7585504,1.9840224,4.3729825,-7.897066,0.12897682,-11.418268,-0.15256345,0.000000
65,2,0,0,0,0,0.252633,1.5935829,2.0261908,4.6310244,-85.90682,-0.69571215,-19.323645,1.5199867,0.000000
65,2,0,0,0,0,0.249015,1.8573112,2.0270443,4.673649,-28.538313,-0.030436173,-10.387615,0.3631978,0.000000
65,2,0,0,0,0,0.231115,3.833186,3.2560408,22.19606,-29.774956,0.9775796,3.318296,0.1642943,0.000000
65,2,0,0,0,0,0.229907,2.1315513,2.2205358,5.0203247,-26.00435,0.1226019,-17.747536,1.3738539,0.000000
66,2,0,0,0,0,0.798154,1.679487,1.8973176,4.28561,-94.661316,-0.57930666,-7.2112093,0.0708992,0.000000
66,2,0,0,0,0,0.669772,1.9997482,2.0144796,4.3974204,-1.3710556,0.24182612,0.45827442,0.13634562,0.000000
66,2,0,0,0,0,0.454569,1.7814568,2.0341694,4.4785357,-10.504301,0.13615721,-11.840504,-0.050609272,0.000000
66,2,0,0,0,0,0.356499,2.0851176,2.2162192,5.2568026,4.9143305,0.46708336,-10.632257,-0.018693589,0.000000
66,2,0,0,0,0,0.245051,1.9098524,2.1103344,4.720895,-28.059826,0.1392746,-18.31361,-0.49729073,0.000000
66,2,0,0,0,0,0.221579,3.785666,3.214551,21.394629,-29.860771,1.0767214,3.6394756,0.18805541,0.000000
66,2,0,0,0,0,0.209516,1.6766115,1.9597995,4.6650825,-89.492134,-0.26460475,-18.603289,-0.086798355,0.000000
66,2,0,0,0,0,0.207097,1.7051897,2.160116,5.033312,-90.21193,-0.3268134,-24.141123,-0.19306344,0.000000
67,2,0,0,0,0,0.812680,1.6098568,1.9368415,4.4645543,-94.86919,-0.9633295,-7.3648796,0.026247483,0.000000
67,2,0,0,0,0,0.635885,2.0424275,2.070507,4.761386,-1.0592632,0.22178784,0.3548581,0.118990526,0.000000
67,2,0,0,0,0,0.629494,2.0642192,2.176281,4.996224,2.1051922,0.4664745,-10.787631,-0.021371298,0.000000
67,2,0,0,0,0,0.358718,1.8503616,2.0010533,4.404114,-13.658226,0.052713618,-12.417002,-0.6260706,0.000000
67,2,0,0,0,0,0.312935,3.9348767,3.2123144,22.796349,-29.28167,0.9710251,3.498421,0.17848511,0.000000
67,2,0,0,0,0,0.284739,1.8078525,1.9709629,4.4691677,-88.50714,-3.2840772,-30.952236,0.22038841,0.000000
67,2,0,0,0,0,0.222190,2.4253325,2.435,5.8272724,-29.721027,0.10591778,-18.492619,-0.3463184,0.000000
67,2,0,0,0,0,0.220132,1.8845458,2.015464,4.9016595,-27.362839,-0.3269175,11.097378,0.07548015,0.000000
68,2,0,0,0,0,0.795262,1.6464479,1.889428,4.2604227,-94.64397,-1.6082901,-7.52855,0.010474934,0.000000
68,2,0,0,0,0,0.606364,2.1440144,2.0720055,4.6981792,-1.1056662,0.40713173,0.3508703,0.057789344,0.000000
68,2,0,0,0,0,0.396960,1.8657055,2.0498178,4.495808,-0.7956486,0.37738577,-10.9227915,0.030416021,0.000000
68,2,0,0,0,0,0.310718,4.0548124,3.2851195,24.06126,-29.079756,0.9003755,3.484515,0.1676161,0.000000
68,2,0,0,0,0,0.273588,1.8240952,2.061517,4.4482694,-16.022724,0.06547198,-12.673451,-0.5733181,0.000000
68,2,0,0,0,0,0.261904,1.7834165,2.0252151,4.58246,-94.53314,-1.2101928,-20.11069,0.047279067,0.000000
68,2,0,0,0,0,0.250574,1.57141,1.8911577,4.255646,-93.64238,-1.6355004,-25.277752,-0.009574658,0.000000
68,2,0,0,0,0,0.234728,1.562556,1.8477101,4.1022186,-4.5424414,-0.058304578,-12.324694,-0.29857314,0.000000
68,2,0,0,0,0,0.217715,1.8951855,2.0342798,5.0482597,-27.371052,-0.41192704,11.091641,0.07823625,0.000000
69,2,0,0,0,0,0.798829,1.6476803,1.9199022,4.5151386,-94.23676,-1.740243,-7.482875,-0.023791518,0.000000
69,2,0,0,0,0,0.594985,1.6988796,1.8911247,4.104093,-1.0957565,0.245027,0.39680362,0.1922966,0.000000
69,2,0,0,0,0,0.460051,2.0463266,2.1917841,4.946983,-2.6376934,0.44086027,-10.900265,-0.09475849,0.000000
69,2,0,0,0,0,0.344813,1.9614464,2.1105652,4.6821766,-18.177158,-0.00025740266,-12.802408,-0.6373815,0.000000
69,2,0,0,0,0,0.242780,4.0876465,3.3274913,23.948147,-28.59925,0.9199057,3.3977437,0.1325363,0.000000
69,2,0,0,0,0,0.239555,1.8849134,2.046354,5.1631603,-26.676996,-0.3228802,11.151974,0.043671437,0.000000
69,2,0,0,0,0,0.204839,1.5064074,1.8488411,4.426802,-70.49953,-2.650245,-33.438774,1.7976837,0.000000
69,2,0,0,0,0,0.201754,1.7478307,2.0244784,4.5765,-47.632362,-2.535591,-28.126656,0.22376828,0.000000
70,2,0,0,0,0,0.805665,1.702853,1.9152876,4.404708,-94.2282,-1.9299415,-7.4891253,0.02042204,0.000000
70,2,0,0,0,0,0.626465,1.9899099,2.0178015,4.630751,-0.81358147,0.36378604,0.22385514,-0.0081783235,0.000000
70,2,0,0,0,0,0.272701,4.0874653,3.2875092,24.296055,-28.55384,0.88058925,3.5003796,0.12410177,0.000000
70,2,0,0,0,0,0.236328,2.0499325,2.158042,4.9179354,-20.58823,-0.2022585,-12.510344,-0.34434855,0.000000
70,2,0,0,0,0,0.224293,2.09626,2.2082334,5.1329203,-5.5675726,0.16707978,-11.152803,-0.033338524,0.000000
70,2,0,0,0,0,0.216772,1.9095063,2.0513277,5.206091,-26.779419,-0.34986234,11.1716385,0.052447,0.000000
71,2,0,0,0,0,0.782156,1.6475048,1.9105657,4.471948,-94.76666,-0.95735514,-7.649211,0.03336207,0.000000
71,2,0,0,0,0,0.702978,1.8748918,1.9610491,4.4639306,-1.1913424,0.21630487,0.22559696,-0.0005749321,0.000000
71,2,0,0,0,0,0.318783,2.286145,2.3109162,5.3996544,-8.373615,0.27044848,-11.079657,-0.08956759,0.000000
71,2,0,0,0,0,0.290641,1.8812237,2.110681,4.6980963,-23.86935,-0.12904346,-13.324071,-0.5642163,0.000000
71,2,0,0,0,0,0.268349,4.038437,3.333634,25.313694,-28.120975,1.174618,3.3994417,0.053010974,0.000000
72,2,0,0,0,0,0.777527,1.6065431,1.8784624,4.4112124,-94.71814,-0.60300696,-7.8398685,0.015130564,0.000000
72,2,0,0,0,0,0.718278,1.7899358,1.9130584,4.272524,-1.3085985,0.1051715,0.41120493,0.07444392,0.000000
72,2,0,0,0,0,0.340205,1.564034,1.8976592,4.466339,-17.291653,-0.31706318,-13.173693,0.11646062,0.000000
72,2,0,0,0,0,0.335523,2.124278,2.2203958,5.1692247,-11.089936,0.16359723,-11.0601845,0.122886434,0.000000
72,2,0,0,0,0,0.282369,3.8353963,3.1090794,21.321484,-29.922523,1.0899081,3.414086,0.051268015,0.000000
72,2,0,0,0,0,0.211610,1.9163036,2.1094296,4.8187084,-26.732176,-0.08871211,-12.795464,1.5717154,0.000000
72,2,0,0,0,0,0.208480,1.8544828,2.0084658,4.7423515,-18.551386,0.37384316,-23.511602,-0.009981432,0.000000
73,2,0,0,0,0,0.698397,1.6292229,1.9031088,4.5100293,-94.237274,-1.0635018,-8.160062,0.101377465,0.000000
73,2,0,0,0,0,0.672678,1.7817639,1.9265538,4.3361225,-0.8518238,0.048070893,0.29466683,0.07494248,0.000000
73,2,0,0,0,0,0.256937,2.3822598,2.4365697,5.7131763,-12.544323,0.24586773,-11.155598,-0.023849308,0.000000
73,2,0,0,0,0,0.239927,4.10964,3.301093,25.27544,-27.978746,1.0943065,3.3446555,0.032491148,0.000000
73,2,0,0,0,0,0.223716,1.7772905,2.0048518,4.551402,-57.468292,-2.7873898,-28.866402,0.42174947,0.000000
73,2,0,0,0,0,0.222815,1.5840178,1.9006569,4.4231014,-2.7379084,-0.38734674,-17.568024,-0.098366216,0.000000
73,2,0,0,0,0,0.216048,1.5054041,1.8611095,4.1713333,-82.21808,-1.1097413,-22.596731,-0.5567368,0.000000
73,2,0,0,0,0,0.201511,1.9240689,2.0122976,4.6901917,-25.65984,-0.22432196,11.328398,0.022013877,0.000000
74,2,0,0,0,0,0.680201,1.6820832,1.8899386,4.2115917,-1.4978733,0.024520516,0.272026,0.078816675,0.000000
74,2,0,0,0,0,0.643462,1.6153872,1.9205264,4.2788367,-94.58059,-1.4111543,-8.462666,0.04320605,0.000000
74,2,0,0,0,0,0.266499,2.325391,2.356435,5.445301,-16.01839,0.10746184,-11.496632,-0.07222052,0.000000
74,2,0,0,0,0,0.257256,4.1599674,3.339675,25.775246,-28.189796,1.043867,3.2869596,0.016603973,0.000000
74,2,0,0,0,0,0.231413,1.6207727,1.9512228,4.450222,-61.12969,-2.537202,-29.588593,0.16860211,0.000000
74,2,0,0,0,0,0.222333,1.5985837,1.9039171,4.424405,-5.976451,-0.4205214,-17.875212,0.13758801,0.000000
74,2,0,0,0,0,0.205144,1.7739859,1.9898701,5.044028,-26.352642,-0.44430643,11.134424,0.08174485,0.000000
75,2,0,0,0,0,0.707367,1.7429693,1.9196432,4.288778,-1.5297184,0.035721764,0.2551788,0.035923075,0.000000
75,2,0,0,0,0,0.658622,1.6282642,1.927564,4.2552314,-94.6351,-1.1810912,-8.558858,0.008393405,0.000000
75,2,0,0,0,0,0.317618,4.0804152,3.243487,26.020983,-28.09591,1.097063,3.4298627,0.05673147,0.000000
75,2,0,0,0,0,0.289244,1.5415039,1.8562702,4.3511324,-25.207603,-0.7400112,-14.114859,0.19077334,0.000000
76,2,0,0,0,0,0.708987,1.8541698,1.9495646,4.432539,-0.9226551,0.08620925,0.26604193,0.03512087,0.000000
76,2,0,0,0,0,0.701657,1.6582831,1.9500165,4.3796287,-94.198296,-0.72193134,-8.348765,0.042922497,0.000000
76,2,0,0,0,0,0.324759,4.0168653,3.204449,23.79189,-28.25291,1.08373,3.437263,0.030204574,0.000000
76,2,0,0,0,0,0.258863,1.821025,1.9736599,4.5096035,-73.9723,-3.0067506,-30.977428,0.033882026,0.000000
76,2,0,0,0,0,0.239704,1.520005,1.8868446,4.407556,-90.807655,-0.87170374,-22.887056,-0.24043216,0.000000
76,2,0,0,0,0,0.227607,1.591379,1.9299532,4.5576196,1.3619099,-0.08538678,-5.1691256,-0.13868082,0.000000
76,2,0,0,0,0,0.204091,1.743144,2.0382562,5.2445025,-25.818192,-0.25107387,11.057944,0.08415297,0.000000
77,2,0,0,0,0,0.781524,1.624682,1.9063599,4.2180753,-94.69464,-0.5271987,-8.4407835,0.09304195,0.000000
77,2,0,0,0,0,0.702019,1.58005,1.8178473,3.918237,-1.559988,0.16367854,0.33566546,0.03381931,0.000000
77,2,0,0,0,0,0.297688,4.0740714,3.2121837,23.211697,-28.40356,1.287002,3.4576159,0.031658553,0.000000
77,2,0,0,0,0,0.214276,1.5445442,1.8224695,4.0604143,-92.97837,-0.6058085,-23.275745,-0.09084012,0.000000
77,2,0,0,0,0,0.210212,1.7022562,1.9434341,4.662731,-15.988031,-0.571034,-19.800663,0.11562815,0.000000
78,2,0,0,0,0,0.842727,1.6862047,1.9064463,4.3340626,-94.933876,-0.7907102,-8.792085,0.07942307,0.000000
78,2,0,0,0,0,0.528861,1.9883202,1.975436,4.4321136,-1.579586,0.39895913,0.40059745,0.12499925,0.000000
78,2,0,0,0,0,0.293792,4.1770716,3.2744346,24.552456,-28.393185,1.3103373,3.4791899,0.02428272,0.000000
78,2,0,0,0,0,0.268421,1.7023402,1.9479817,4.4761605,-71.4359,-2.1106634,-30.648685,0.2400097,0.000000
79,2,0,0,0,0,0.832524,1.662572,1.9279279,4.414502,-94.172195,-0.89242554,-8.688774,0.013928961,0.000000
79,2,0,0,0,0,0.511231,1.9665257,1.9804487,4.403117,-0.91602993,0.3593738,0.5055218,0.15766269,0.000000
79,2,0,0,0,0,0.300237,1.5687641,1.9035906,4.6251736,-73.396805,-2.2621086,-32.554085,1.2987556,0.000000
79,2,0,0,0,0,0.290881,3.89009,3.2254393,25.16286,-27.15708,1.1927156,3.6074524,0.04490778,0.000000
79,2,0,0,0,0,0.206342,1.8176115,2.002065,4.8793154,-24.791885,-0.10377902,11.4712105,0.0733539,0.000000
80,2,0,0,0,0,0.834939,1.6319853,1.8878803,4.273158,-94.16594,-0.964425,-8.849331,0.032915056,0.000000
80,2,0,0,0,0,0.629603,2.003488,1.9990841,4.4151764,-0.81322384,0.34881455,0.37849212,0.010222014,0.000000
80,2,0,0,0,0,0.296676,1.5029988,1.8835801,4.302652,-22.811436,-0.6050048,-20.155949,0.25966197,0.000000
80,2,0,0,0,0,0.289286,1.5924771,1.9594134,4.6352563,-75.34911,-1.8593767,-32.912025,1.5892723,0.000000
80,2,0,0,0,0,0.255002,3.9377847,3.141653,21.359314,-28.595497,1.1025724,3.5359855,0.025828186,0.000000
81,2,0,0,0,0,0.820186,1.6479161,1.9286139,4.394795,-94.21311,-0.8855878,-8.837851,-0.028902028,0.000000
81,2,0,0,0,0,0.681242,1.9861914,1.9732912,4.337502,-0.9455118,0.41136825,0.2665478,0.017874286,0.000000
81,2,0,0,0,0,0.255117,4.012183,3.287185,24.621954,-26.797146,1.2190952,3.5753276,0.061883803,0.000000
81,2,0,0,0,0,0.232856,1.8319569,2.0934498,5.2762337,-24.731153,-0.009037718,11.176451,0.035981618,0.000000
82,2,0,0,0,0,0.823607,1.646615,1.9218227,4.353059,-94.75637,-0.52678066,-8.966049,0.0014593294,0.000000
82,2,0,0,0,0,0.687647,1.810988,1.9423085,4.3471537,-1.3526382,0.32309532,0.3322448,0.035679407,0.000000
82,2,0,0,0,0,0.285484,2.0343819,2.0907986,4.7364397,-70.84412,-0.71587706,-21.723179,-0.24794076,0.000000
82,2,0,0,0,0,0.237142,1.8509755,2.113294,5.396711,-25.406628,0.08923228,11.096648,0.051893257,0.000000
82,2,0,0,0,0,0.215781,3.9907465,3.2553897,24.553595,-27.720612,1.3188686,3.5909605,0.026039373,0.000000
83,2,0,0,0,0,0.767346,1.6150682,1.9140639,4.3903065,-94.269066,-0.27813223,-8.996503,0.03799349,0.000000
83,2,0,0,0,0,0.681120,1.9699233,2.0053227,4.471605,-0.64498615,0.32655674,0.34114343,0.043225072,0.000000
83,2,0,0,0,0,0.291089,3.9681828,3.2164564,24.599236,-27.115067,1.3803126,3.671595,0.050400823,0.000000
83,2,0,0,0,0,0.224159,1.8862691,2.1770978,5.794818,-24.77142,0.1378896,11.131133,0.06959924,0.000000
84,2,0,0,0,0,0.732613,1.8945602,2.084762,4.6157684,-94.28795,-0.0033108592,-9.233317,0.032879226,0.000000
84,2,0,0,0,0,0.688841,1.9339422,1.9856654,4.3379908,-0.7387142,0.34821475,0.34477317,0.032493755,0.000000
84,2,0,0,0,0,0.303321,4.2203674,3.353019,26.251272,-26.475964,1.4539518,3.656784,0.047224116,0.000000
85,2,0,0,0,0,0.834736,1.6600077,1.9074452,4.449644,-94.341034,-0.7140254,-9.556467,0.105447575,0.000000
85,2,0,0,0,0,0.703830,1.8254544,1.9595773,4.297315,-0.7159033,0.51200247,0.16537005,-0.02958239,0.000000
85,2,0,0,0,0,0.310757,4.1057568,3.203128,23.860031,-26.832067,1.4872317,3.6193357,0.05735666,0.000000
86,2,0,0,0,0,0.834663,1.8915899,1.9926724,4.5667605,-94.36522,-1.0599529,-9.657627,0.11179981,0.000000
86,2,0,0,0,0,0.723161,1.946171,1.9933013,4.3573365,-0.77792835,0.9105524,0.2305808,-0.0066363635,0.000000
86,2,0,0,0,0,0.283942,1.6360109,1.9377831,4.5477643,-37.052658,-0.53180707,-21.37809,2.4959607,0.000000
86,2,0,0,0,0,0.245884,4.0301414,3.280361,22.826313,-26.910284,1.3657924,3.2494607,0.031296123,0.000000
86,2,0,0,0,0,0.224081,1.8855004,2.158524,5.4800367,-23.643097,0.15513673,11.09765,0.0847574,0.000000
87,2,0,0,0,0,0.758824,2.0630941,1.9903826,4.4269147,-1.3141012,0.89523613,0.42988354,0.17058414,0.000000
87,2,0,0,0,0,0.748615,1.5739601,1.8491049,4.2363305,-94.701126,-1.461378,-9.738089,0.019383762,0.000000
87,2,0,0,0,0,0.265168,4.150429,3.3595848,23.22282,-27.290327,1.3691764,3.2695608,0.06617819,0.000000
88,2,0,0,0,0,0.743346,2.0602942,1.9832288,4.418932,-1.318593,1.0969574,0.3587643,0.06899361,0.000000
88,2,0,0,0,0,0.723050,1.5667036,1.8511071,4.1507683,-94.56584,-2.188456,-9.8545,-0.05221469,0.000000
88,2,0,0,0,0,0.288100,2.0730517,2.1245258,4.9251785,-86.497986,-2.0040245,-25.32406,1.293952,0.000000
88,2,0,0,0,0,0.270026,3.8733025,3.2756069,23.189837,-26.582752,1.273452,3.5692391,0.11239532,0.000000
88,2,0,0,0,0,0.246570,1.6865917,2.005798,4.5192366,-96.62497,-2.9699128,-35.5636,0.23958476,0.000000
89,2,0,0,0,0,0.819785,1.8693881,1.9674659,4.458619,-94.34987,-1.9925045,-10.167318,0.10127467,0.000000
89,2,0,0,0,0,0.714574,2.0304275,2.0029435,4.4716587,-0.8875742,0.79834175,0.25214124,0.021971967,0.000000
89,2,0,0,0,0,0.273570,1.6332026,1.9885421,4.6019216,-97.76886,-3.650046,-34.29087,1.5621209,0.000000
89,2,0,0,0,0,0.251802,3.836866,3.1023757,19.943245,-27.644749,0.9871421,3.482029,0.12411737,0.000000
90,2,0,0,0,0,0.815463,1.7988527,1.9829978,4.5172467,-94.284996,-0.70217425,-10.163273,0.043653853,0.000000
90,2,0,0,0,0,0.754721,2.0468516,1.9719397,4.339111,-0.88526535,0.24434131,0.39530504,0.11574525,0.000000
90,2,0,0,0,0,0.263695,1.9448769,2.147174,4.84417,-91.63505,-1.0278227,-26.014523,1.0075831,0.000000
90,2,0,0,0,0,0.262998,3.7950902,3.2023132,21.74596,-26.332039,0.9414078,3.6178756,0.17564976,0.000000
90,2,0,0,0,0,0.218204,1.6825606,1.9570975,4.464918,-83.19461,-3.026474,-34.087036,0.32533634,0.000000
91,2,0,0,0,0,0.738890,1.7733686,1.908262,4.097785,-1.4521627,-0.17903851,0.24528754,0.009368246,0.000000
91,2,0,0,0,0,0.725456,1.7103844,1.9298615,4.408497,-94.89082,-0.54583514,-10.530569,0.16923292,0.000000
91,2,0,0,0,0,0.370793,1.5691121,1.8737594,4.3470836,7.9987125,-0.4486926,-5.9740076,-0.05687861,0.000000
91,2,0,0,0,0,0.292008,3.873698,3.234205,22.911678,-26.59195,0.94334733,3.4446185,0.19336304,0.000000
91,2,0,0,0,0,0.207474,2.005107,2.1647277,4.908049,-94.32824,-0.92232823,-26.970146,0.7591183,0.000000
92,2,0,0,0,0,0.690711,1.7632139,1.9976851,4.5389433,-94.4693,-0.68525785,-10.615162,0.10023844,0.000000
92,2,0,0,0,0,0.574797,1.760656,1.9434221,4.229253,-0.8594055,-0.32091963,0.2477243,0.024258062,0.000000
92,2,0,0,0,0,0.304985,4.0754776,3.313222,24.189146,-25.84889,0.8906036,3.3957236,0.11068149,0.000000
92,2,0,0,0,0,0.296686,1.5535488,1.8654374,4.3144317,-70.03255,-1.2191668,-19.262056,0.35832483,0.000000
93,2,0,0,0,0,0.708892,1.6838648,1.9492828,4.493148,-94.32356,-0.99926347,-10.758644,0.1436437,0.000000
93,2,0,0,0,0,0.535239,1.7192369,1.9178658,4.2039595,-0.8578367,0.3204108,0.2538042,0.035727516,0.000000
93,2,0,0,0,0,0.471133,1.4984634,1.844701,4.3073683,-72.4158,-1.2958926,-19.488846,0.3460396,0.000000
93,2,0,0,0,0,0.335244,4.119758,3.3431375,25.527008,-25.307964,1.3929303,3.504942,0.16087875,0.000000
93,2,0,0,0,0,0.266961,1.6470346,1.9285007,4.470725,-57.065434,-2.3210132,-22.422897,-0.13988745,0.000000
93,2,0,0,0,0,0.223799,1.7720468,2.0984378,5.5567975,-22.093332,0.15957251,11.021303,-0.018980756,0.000000
94,2,0,0,0,0,0.682088,1.6230888,1.8604772,4.2548347,-94.434395,-1.2355413,-10.684086,0.13411053,0.000000
94,2,0,0,0,0,0.679533,2.0136054,1.9907857,4.2901945,-0.8257179,0.9209027,0.26196074,0.027028505,0.000000
94,2,0,0,0,0,0.310583,1.5135288,1.8459315,4.3509455,-75.0947,-1.4830502,-19.895794,0.44888967,0.000000
94,2,0,0,0,0,0.299961,3.9173164,3.1419895,22.426687,-25.85319,1.5784001,3.5594335,0.17048626,0.000000
94,2,0,0,0,0,0.246970,1.5866922,1.9345405,4.483524,-97.4808,-1.9485465,-21.81002,0.69610107,0.000000
95,2,0,0,0,0,0.644571,1.6416488,1.9228939,4.36052,-94.47052,-1.1017411,-10.839958,0.17100674,0.000000
95,2,0,0,0,0,0.598576,1.9718742,1.9591713,4.3277874,-0.8970852,0.8326033,0.33080912,0.06686848,0.000000
95,2,0,0,0,0,0.289467,1.6893619,1.9669772,4.477371,-61.905373,-1.9743186,-24.227238,0.469455,0.000000
95,2,0,0,0,0,0.231936,1.6177979,1.8808942,4.473218,-77.28937,-1.0697477,-20.069273,0.3482164,0.000000
95,2,0,0,0,0,0.208874,3.8763332,3.2224827,21.27218,-24.66557,1.3599422,3.739924,0.102420844,0.000000
95,2,0,0,0,0,0.206090,1.8992105,2.0839167,5.128859,-0.9751892,0.57358074,-6.8853946,0.021976275,0.000000
96,2,0,0,0,0,0.741630,1.6831806,1.9123719,4.263235,-94.51078,-0.6791449,-10.545839,0.08693534,0.000000
96,2,0,0,0,0,0.602769,2.0526314,2.0154173,4.326365,-0.85004616,0.45119962,0.30604982,0.059703737,0.000000
96,2,0,0,0,0,0.288286,3.8959987,3.2062504,21.282822,-25.88141,1.1753811,3.6879475,0.1843945,0.000000
96,2,0,0,0,0,0.254819,1.8369927,2.0976667,5.0471296,-3.9902935,0.19304138,-6.6276226,-0.069940984,0.000000
96,2,0,0,0,0,0.227074,2.167369,2.2748427,5.0049834,-89.745865,-0.42673963,-21.641083,-0.59720564,0.000000
96,2,0,0,0,0,0.201508,1.5745314,1.8774557,4.410944,-80.35047,-0.89080364,-20.022877,0.38012525,0.000000
97,2,0,0,0,0,0.613486,2.1438413,2.0781465,4.67491,-1.1501102,0.32838228,0.38113463,0.032031447,0.000000
97,2,0,0,0,0,0.579839,1.7322655,1.9622172,4.412566,-95.18011,-0.63558406,-10.5967655,0.06214904,0.000000
97,2,0,0,0,0,0.320495,3.8413591,3.1423125,21.119766,-26.350328,1.072334,3.6589031,0.12787586,0.000000
97,2,0,0,0,0,0.300116,2.1574202,2.1804214,4.6953206,-92.432465,-0.5528954,-22.021452,-0.50350785,0.000000
97,2,0,0,0,0,0.205441,2.0491447,2.3077798,5.97383,-22.569622,0.010429591,10.914635,0.09019514,0.000000
98,2,0,0,0,0,0.564897,1.9602766,1.9777801,4.3253584,-0.96496105,0.6492083,0.4039402,0.04124262,0.000000
98,2,0,0,0,0,0.509182,1.7718105,2.0114312,4.4647336,-94.70502,-0.62398404,-10.548981,0.027550936,0.000000
98,2,0,0,0,0,0.298287,1.8657534,2.1183178,4.5846996,-94.495895,-0.6702994,-22.48263,-0.5556,0.000000
98,2,0,0,0,0,0.289939,3.8892565,3.3108,24.386654,-24.794928,1.3551941,3.8305688,0.14684194,0.000000
98,2,0,0,0,0,0.244887,1.60862,1.8977399,4.3898306,-70.137344,-1.798746,-25.110378,0.2683939,0.000000
98,2,0,0,0,0,0.243002,1.9643259,2.2166064,5.2627907,-80.34629,-0.9227932,-20.245955,0.5293636,0.000000
98,2,0,0,0,0,0.228494,1.8258352,2.100542,5.576601,-8.954795,0.26724777,-7.5932374,-0.09626939,0.000000
98,2,0,0,0,0,0.217162,1.8207916,2.035717,4.5478945,2.2320032,0.5625137,-7.6348925,-0.17073661,0.000000
99,2,0,0,0,0,0.694373,2.1680884,2.0707054,4.712949,-0.6042137,1.0818064,0.4217342,0.098645255,0.000000
99,2,0,0,0,0,0.604470,1.5978353,1.8573004,4.175338,-94.54969,-1.1297352,-10.504025,0.06562117,0.000000
99,2,0,0,0,0,0.363485,1.5950079,1.8900187,4.296607,-72.34516,-1.8126061,-25.380169,0.8834667,0.000000
99,2,0,0,0,0,0.315709,1.9593006,2.1956942,4.6200824,-97.049255,-1.0189294,-23.031633,2.3909316,0.000000
99,2,0,0,0,0,0.272007,2.194816,2.4359512,5.9792314,1.0321589,1.247879,-7.9297485,0.04692062,0.000000
99,2,0,0,0,0,0.213344,3.8261123,3.2353377,21.906116,-25.026371,1.6331172,3.8425756,0.16607228,0.000000
99,2,0,0,0,0,0.211593,1.8464153,2.136352,5.0843306,-83.22235,-1.2545719,-20.484333,0.8080258,0.000000
100,2,0,0,0,0,0.658916,2.2386942,2.1312883,4.9073696,-0.6877775,1.1806619,0.3714261,0.13887289,0.000000
100,2,0,0,0,0,0.554706,1.6085608,1.8976365,4.1979547,-94.46857,-1.2582895,-10.573355,0.09471199,0.000000
100,2,0,0,0,0,0.314750,1.9881402,2.1416602,4.8733735,-85.852936,-1.1098506,-20.310812,0.95969665,0.000000
100,2,0,0,0,0,0.242005,3.9117727,3.2098427,22.536434,-24.504662,1.7152004,3.8996968,0.17975008,0.000000
100,2,0,0,0,0,0.201752,1.5473573,1.895058,4.2861753,-75.0908,-1.9732769,-25.488401,0.09558667,0.000000
101,2,0,0,0,0,0.739040,1.5796177,1.8665515,4.200343,-94.70791,-1.169908,-10.625139,0.1927298,0.000000
101,2,0,0,0,0,0.621839,2.1975737,2.1252847,4.8621626,-0.65684414,0.95479345,0.31170744,0.050131388,0.000000
101,2,0,0,0,0,0.336924,1.6213343,1.9294364,4.3336163,-77.87215,-2.3518915,-25.377668,-0.13291773,0.000000
101,2,0,0,0,0,0.291819,1.6080017,1.9559811,4.399738,-79.431564,-1.9560621,-27.348614,-0.07880402,0.000000
101,2,0,0,0,0,0.279512,1.9550837,2.1457922,4.8754044,-88.15369,-1.4732293,-20.922089,0.8342916,0.000000
101,2,0,0,0,0,0.275957,3.9620652,3.2315567,23.030327,-24.441467,1.5532992,3.9340634,0.16564731,0.000000
101,2,0,0,0,0,0.215968,1.5519931,1.8845704,4.4858594,-95.81687,-1.3733853,-16.329216,0.036660984,0.000000
101,2,0,0,0,0,0.205919,1.9970376,2.21432,5.584482,-21.067825,0.43892908,10.869175,0.10902885,0.000000
102,2,0,0,0,0,0.708444,1.6901326,1.9298925,4.3054338,-94.79328,-0.5847779,-10.507797,0.1651096,0.000000
102,2,0,0,0,0,0.640020,1.9598458,1.9548686,4.3607664,-1.0343523,0.52224827,0.40242767,0.026757259,0.000000
102,2,0,0,0,0,0.325275,1.5694468,1.8763944,4.2721457,-79.97865,-1.952236,-25.878391,-0.05341639,0.000000
102,2,0,0,0,0,0.254279,3.9824429,3.2631857,23.858742,-24.30518,1.3571424,3.8963547,0.15388127,0.000000
102,2,0,0,0,0,0.244912,1.7800878,2.0527375,4.626847,-91.21459,-1.117031,-21.310223,0.76767755,0.000000
102,2,0,0,0,0,0.234421,2.2640219,2.2799373,5.9162073,-15.457131,0.57203776,3.4050817,0.06481652,0.000000
103,2,0,0,0,0,0.691809,1.7204614,1.9901204,4.4020905,-94.82377,-0.6030292,-10.513102,0.17466794,0.000000
103,2,0,0,0,0,0.660791,2.2087123,2.0967145,4.72552,-0.64196014,0.47666773,0.31115043,0.09760228,0.000000
103,2,0,0,0,0,0.365884,1.657245,1.9649786,4.4251447,-82.925674,-1.8318927,-27.078457,0.36037493,0.000000
103,2,0,0,0,0,0.285505,4.122349,3.294839,24.097692,-24.11051,1.3357043,3.9274044,0.11893067,0.000000
103,2,0,0,0,0,0.222297,1.8259599,2.034574,4.608636,-93.39523,-1.1166399,-21.889427,0.77187836,0.000000
104,2,0,0,0,0,0.653233,2.13442,2.056149,4.685024,-0.63064194,0.7809628,0.4015177,0.06847103,0.000000
104,2,0,0,0,0,0.645060,1.6808635,1.9063604,4.240503,-94.9915,-0.9706732,-10.451643,0.10132861,0.000000
104,2,0,0,0,0,0.379504,1.6308492,1.9225208,4.415554,-85.33922,-2.2716882,-27.765675,1.0121661,0.000000
104,2,0,0,0,0,0.282804,3.8380818,3.1152687,21.786743,-24.502186,1.475212,3.9717426,0.15103106,0.000000
104,2,0,0,0,0,0.245658,1.8263661,2.1585188,4.9112825,-96.72013,-1.4171106,-22.369724,0.95819396,0.000000
105,2,0,0,0,0,0.605461,2.1145687,2.089141,4.75176,-0.66648483,1.1849868,0.427647,0.12662773,0.000000
105,2,0,0,0,0,0.547380,1.5831625,1.8637345,3.9917014,-94.78698,-1.2685685,-10.422755,0.14628454,0.000000
105,2,0,0,0,0,0.349945,1.6734796,1.9711788,4.4835644,-88.202576,-2.371479,-28.14645,1.0830723,0.000000
105,2,0,0,0,0,0.207598,3.8876324,3.208263,21.645939,-23.248262,1.6684154,4.1723413,0.20627896,0.000000
106,2,0,0,0,0,0.705948,1.7085495,1.9108912,4.2064667,-95.01873,-1.466306,-10.393688,0.17237812,0.000000
106,2,0,0,0,0,0.611271,1.9919441,1.9361926,4.240697,-0.93318653,1.1726305,0.2353527,0.013991049,0.000000
106,2,0,0,0,0,0.424318,1.6846807,1.9426358,4.464001,-90.35031,-2.8501768,-28.276234,1.4030038,0.000000
107,2,0,0,0,0,0.680569,1.5736666,1.8601426,4.0467753,-95.57462,-1.3184105,-10.472113,0.14289278,0.000000
107,2,0,0,0,0,0.604658,2.123293,2.071775,4.7390213,-1.213336,1.1215417,0.39539027,0.1922805,0.000000
107,2,0,0,0,0,0.359644,1.650636,2.066646,4.4716988,-93.760544,-2.585009,-28.828356,1.2294652,0.000000
107,2,0,0,0,0,0.257866,3.7671614,3.1269054,20.254675,-25.140072,1.5870962,3.4262512,0.12056501,0.000000
108,2,0,0,0,0,0.632079,2.1566525,2.0918984,4.7861586,-0.738286,0.5099202,0.35042,0.10566141,0.000000
108,2,0,0,0,0,0.599659,1.6448734,1.881194,3.96249,-95.18007,-0.92430055,-10.289108,0.1402374,0.000000
108,2,0,0,0,0,0.330988,1.7635305,2.033973,4.570514,-95.68605,-2.7014632,-29.59158,0.5337072,0.000000
108,2,0,0,0,0,0.293435,3.8228674,3.200403,23.27018,-23.33235,1.3155572,4.104105,0.13326386,0.000000
108,2,0,0,0,0,0.229537,1.9133936,2.151976,5.632888,-19.083893,0.25580063,11.309124,0.081743866,0.000000
108,2,0,0,0,0,0.203951,1.6850219,1.9558753,4.380709,9.2827,0.086209685,4.482489,1.6997067,0.000000
109,2,0,0,0,0,0.689113,1.778436,1.9564178,4.41615,-95.36671,-0.6113223,-10.340831,0.12267956,0.000000
109,2,0,0,0,0,0.681458,2.1378527,2.07969,4.7902603,-0.6703825,0.16540954,0.19143754,0.061168004,0.000000
109,2,0,0,0,0,0.254612,3.8259234,3.0779438,21.947048,-24.542141,1.0627729,4.1102366,0.106346086,0.000000
109,2,0,0,0,0,0.202087,1.7171109,2.0236068,5.183709,-17.670135,-0.2124236,11.388218,0.084480435,0.000000
110,2,0,0,0,0,0.667045,1.8708884,2.067834,4.7279024,-95.51538,0.03174536,-10.36349,0.19284359,0.000000
110,2,0,0,0,0,0.607076,1.6395392,1.8766191,4.159718,-1.113903,-0.7784997,0.18598437,0.047888488,0.000000
110,2,0,0,0,0,0.264096,3.9177718,3.2856936,22.323303,-23.096592,0.7041308,4.1164513,0.10530172,0.000000
110,2,0,0,0,0,0.215180,1.6654077,2.0002742,5.129357,-17.521973,-0.84649837,11.404709,0.08451794,0.000000
111,2,0,0,0,0,0.544926,1.7455869,2.0184588,4.7077966,-0.67082024,-0.78839576,0.22197789,0.048489623,0.000000
111,2,0,0,0,0,0.448162,1.7833713,2.0283446,4.7108397,-95.46156,0.16597494,-9.912091,-0.149781,0.000000
111,2,0,0,0,0,0.258482,4.1951466,3.4977534,25.548328,-22.244778,0.93154836,3.7857242,0.1466716,0.000000
111,2,0,0,0,0,0.206704,1.6642672,2.0117936,5.158171,-17.47446,-0.8517797,11.3983965,0.08413617,0.000000
111,2,0,0,0,0,0.202281,1.6929342,1.9208325,4.4138346,8.599456,-0.748541,-7.689558,0.10892889,0.000000
112,2,0,0,0,0,0.739816,1.7430058,1.9594023,4.411536,-95.576706,-0.3383131,-10.18711,0.060161,0.000000
112,2,0,0,0,0,0.683861,2.0204315,2.080366,4.886299,-0.67601585,-0.038724124,0.26227725,0.016809298,0.000000
112,2,0,0,0,0,0.269940,3.9363658,3.2782176,23.607605,-23.137987,1.222425,3.7452178,0.11595315,0.000000
112,2,0,0,0,0,0.222589,1.7063735,2.0056577,4.962715,-16.20697,-0.16977559,11.421776,0.06810638,0.000000
113,2,0,0,0,0,0.795633,1.8205805,2.0284708,4.741967,-95.56404,-0.6745492,-10.255838,0.094953634,0.000000
113,2,0,0,0,0,0.719707,2.0448272,2.023573,4.6169906,-0.6930237,0.42649704,0.34569263,0.09568532,0.000000
113,2,0,0,0,0,0.330473,4.0757422,3.3398638,24.969437,-22.35698,1.4977951,3.7342906,0.121074274,0.000000
113,2,0,0,0,0,0.201017,1.8345678,2.112438,5.251064,-16.1083,0.2652399,11.401503,0.08408903,0.000000
114,2,0,0,0,0,0.772410,1.6455406,1.9104732,4.4072485,-95.70695,-0.6566969,-10.31805,0.16328035,0.000000
114,2,0,0,0,0,0.694557,1.9418164,2.0038853,4.5868735,-0.6983738,0.50917155,0.29809785,0.0280603,0.000000
114,2,0,0,0,0,0.331294,4.1943245,3.4122307,25.757065,-22.052113,1.5254909,3.7094183,0.12107808,0.000000
114,2,0,0,0,0,0.252810,1.9269747,2.1884112,5.616877,-15.932302,0.39389834,11.480656,0.1022712,0.000000
115,2,0,0,0,0,0.740462,1.6484468,1.9074738,4.346568,-95.74373,-0.6606207,-10.279789,0.1391176,0.000000
115,2,0,0,0,0,0.693858,1.8237695,1.9619663,4.4745073,-0.69195366,0.42425045,0.32914358,0.009067342,0.000000
115,2,0,0,0,0,0.288414,4.1263347,3.3878236,24.094572,-22.226963,1.4425609,3.8257825,0.18352535,0.000000
116,2,0,0,0,0,0.788018,1.6477371,1.902864,4.3114257,-95.700455,-0.67556894,-10.251609,0.029518489,0.000000
116,2,0,0,0,0,0.703267,2.1516619,2.0691524,4.7030497,-0.7915993,0.59708345,0.3897518,0.1176334,0.000000
116,2,0,0,0,0,0.281951,1.924996,2.1701536,4.7920685,-66.88414,0.28293663,-26.310272,1.5203992,0.000000
116,2,0,0,0,0,0.274787,3.9844131,3.228051,23.106304,-22.577707,1.4993665,3.862752,0.16967395,0.000000
117,2,0,0,0,0,0.753129,1.715823,1.9347838,4.3810563,-96.15689,-0.7445949,-10.386514,0.13792883,0.000000
117,2,0,0,0,0,0.650730,2.1451244,2.0768697,4.7444916,-1.3173037,0.9405165,0.33248556,0.10332675,0.000000
117,2,0,0,0,0,0.295249,3.9508967,3.1543565,22.931082,-23.304464,1.6835665,3.9830275,0.18951884,0.000000
117,2,0,0,0,0,0.236303,1.8497189,2.058493,5.3618813,-15.083676,0.5268537,11.563865,0.007595131,0.000000
117,2,0,0,0,0,0.213695,1.9441054,2.2714753,5.102563,-1.2495747,0.76006687,-21.60495,-0.5708238,0.000000
118,2,0,0,0,0,0.757549,1.7131064,1.9652675,4.58716,-95.8512,-0.8502692,-10.266907,0.12787709,0.000000
118,2,0,0,0,0,0.559955,2.0432847,2.067358,4.749274,-0.7139549,0.89046514,0.23666012,0.10110274,0.000000
118,2,0,0,0,0,0.310314,3.8646867,3.0993447,22.727594,-22.853024,1.7804314,4.1645575,0.19194907,0.000000
119,2,0,0,0,0,0.714388,1.6612198,1.8928895,4.2488647,-95.66523,-0.5229707,-10.210691,0.10969311,0.000000
119,2,0,0,0,0,0.649368,1.8219743,1.9777465,4.405366,-0.68857765,0.6191224,0.35277933,0.039091982,0.000000
119,2,0,0,0,0,0.309199,3.8772383,3.0993288,21.946915,-23.21889,1.5687836,4.1064734,0.14092457,0.000000
119,2,0,0,0,0,0.292094,2.1759796,2.30958,6.219928,-14.231293,0.9986656,11.692377,0.0050487276,0.000000
120,2,0,0,0,0,0.725853,1.6755866,1.9182904,4.337157,-95.887375,-0.30131552,-10.3432045,0.1512121,0.000000
120,2,0,0,0,0,0.725002,2.1555367,2.060929,4.719833,-0.550725,0.71010363,0.2854764,0.077859715,0.000000
120,2,0,0,0,0,0.281923,3.786453,2.9932613,21.069565,-23.588318,1.728043,4.200961,0.23237829,0.000000
121,2,0,0,0,0,0.743905,2.1168814,2.0456634,4.669082,-0.64328766,0.71082693,0.2748199,0.060817502,0.000000
121,2,0,0,0,0,0.728013,1.6934226,1.9210949,4.3644943,-96.05129,-0.15075387,-10.339109,0.10037728,0.000000
121,2,0,0,0,0,0.221625,4.168842,3.4116726,26.298416,-21.279446,1.7278047,4.248686,0.20449315,0.000000
122,2,0,0,0,0,0.737365,1.7289379,1.9377271,4.3664446,-95.97717,-0.14508545,-10.329547,0.1480263,0.000000
122,2,0,0,0,0,0.729822,2.109168,2.019198,4.543335,-0.6958084,0.7932633,0.28208047,0.04446216,0.000000
122,2,0,0,0,0,0.281096,4.073368,3.4010713,26.235508,-21.462833,1.7789744,4.155703,0.16819565,0.000000
123,2,0,0,0,0,0.806177,1.6799226,1.9165444,4.3452535,-96.08877,-0.22242105,-10.3933115,0.12809326,0.000000
123,2,0,0,0,0,0.763679,2.1409106,2.0415196,4.6279516,-0.6898651,0.88888276,0.39911819,0.055124607,0.000000
123,2,0,0,0,0,0.362596,4.090068,3.252787,25.675556,-21.234024,1.8690703,4.222046,0.15922266,0.000000
124,2,0,0,0,0,0.808566,1.6306164,1.8941115,4.3219323,-96.17691,-0.35152787,-10.452114,0.17670433,0.000000
124,2,0,0,0,0,0.746259,2.1724243,2.048183,4.6551995,-0.6669235,1.0268815,0.33501118,0.12537488,0.000000
124,2,0,0,0,0,0.345206,4.069497,3.2634025,26.254086,-21.05362,1.9775172,4.269228,0.13495287,0.000000
125,2,0,0,0,0,0.770890,1.8473635,2.006104,4.5529985,-96.241516,-0.11678973,-10.428853,0.130825,0.000000
125,2,0,0,0,0,0.731386,2.122251,2.0245042,4.553118,-0.7076616,0.9178742,0.20455205,0.004124551,0.000000
125,2,0,0,0,0,0.351676,4.1780524,3.266444,26.830364,-21.226162,1.9613024,4.092362,0.13631153,0.000000
125,2,0,0,0,0,0.310166,1.903478,1.973596,4.6025667,11.820202,0.5854629,-7.0122795,0.027289268,0.000000
125,2,0,0,0,0,0.214981,2.7183986,2.887242,7.50913,-19.60648,1.0624584,-22.538372,-0.58816814,0.000000
126,2,0,0,0,0,0.831276,1.7164817,1.9615345,4.521488,-96.34645,-0.03778431,-10.475489,0.06307492,0.000000
126,2,0,0,0,0,0.690583,1.9574366,1.9909921,4.516991,-0.7631397,0.8194095,0.16053176,-0.023071267,0.000000
126,2,0,0,0,0,0.473780,1.7803698,2.0366192,5.0240855,9.548103,0.4442784,-6.861014,0.007175181,0.000000
126,2,0,0,0,0,0.319048,4.1554446,3.2543418,24.978643,-20.740284,1.9179533,4.32726,0.21530466,0.000000
126,2,0,0,0,0,0.274900,1.6423836,1.885339,4.2514877,-94.125854,0.299255,5.2424755,0.0558615,0.000000
127,2,0,0,0,0,0.697862,1.9733682,2.0051045,4.5653462,-2.1013947,0.8418882,0.2526906,0.08127017,0.000000
127,2,0,0,0,0,0.301920,3.9559765,3.1736083,23.36044,-22.366205,1.9161844,3.9741344,0.14993823,0.000000
127,2,0,0,0,0,0.228511,1.8158884,2.0424397,5.340843,-12.599866,0.638121,11.916561,-0.026739528,0.000000
127,2,0,0,0,0,0.205955,1.8415661,2.0370407,4.7447033,5.496747,0.5538618,-6.9840817,0.03514404,0.000000
128,2,0,0,0,0,0.784360,1.6634202,1.9712886,4.530925,-96.456856,0.058213294,-10.636238,0.1412127,0.000000
128,2,0,0,0,0,0.694586,1.8208156,1.9568079,4.426656,-0.8670645,0.77824897,0.35093713,0.04771585,0.000000
128,2,0,0,0,0,0.280473,3.895317,3.105505,22.05217,-21.492252,1.9018369,3.8265228,0.12859587,0.000000
129,2,0,0,0,0,0.808174,1.6146066,1.9329538,4.498101,-96.41821,0.04514137,-10.661231,0.14564168,0.000000
129,2,0,0,0,0,0.652718,1.8373429,1.9841361,4.4518957,-0.8254299,0.83567417,0.17182225,-0.009772252,0.000000
129,2,0,0,0,0,0.299313,3.9273267,3.298439,25.03366,-19.956245,1.9732431,4.052283,0.1314792,0.000000
129,2,0,0,0,0,0.218607,1.8805627,2.1208568,5.466936,-11.378422,0.69254947,11.988022,0.059411157,0.000000
130,2,0,0,0,0,0.776598,1.6253946,1.9312453,4.435316,-96.49476,0.2249822,-10.626737,0.117840864,0.000000
130,2,0,0,0,0,0.730041,1.9372365,1.9895173,4.4973083,-0.78495693,0.79236877,0.31631124,0.017221265,0.000000
130,2,0,0,0,0,0.269897,3.8231573,3.1367595,21.679918,-21.468002,1.8910779,3.5913272,0.042421013,0.000000
130,2,0,0,0,0,0.249702,1.9472975,2.220297,5.5002427,5.2326555,0.7672323,-10.344716,0.07946613,0.000000
130,2,0,0,0,0,0.213285,1.9387759,2.134684,4.761385,-3.6222105,0.7875959,-10.712053,-0.36630931,0.000000
131,2,0,0,0,0,0.777351,1.6148316,1.9294285,4.454546,-96.53516,0.22991765,-10.563853,0.063870534,0.000000
131,2,0,0,0,0,0.720516,1.7865342,1.9456044,4.4207435,-0.8645592,0.69755566,0.29387164,0.014715008,0.000000
131,2,0,0,0,0,0.230069,3.925427,3.312282,23.62036,-19.906494,2.002869,3.8711638,0.092338674,0.000000
131,2,0,0,0,0,0.218290,1.786828,2.037529,4.620213,2.2925806,0.6371465,-10.593993,-0.044825573,0.000000
132,2,0,0,0,0,0.749155,1.6374571,1.9574919,4.469257,-96.70698,0.2698844,-10.636114,0.085821226,0.000000
132,2,0,0,0,0,0.717907,1.998728,2.0008433,4.5370865,-0.81287,0.9178153,0.2642851,0.08915597,0.000000
132,2,0,0,0,0,0.251571,1.7793237,2.0597,5.1333213,-10.055629,0.6822679,11.980089,0.08051935,0.000000
132,2,0,0,0,0,0.236597,3.9805903,3.3427792,23.903446,-19.796543,2.0224981,4.084502,0.1273031,0.000000
133,2,0,0,0,0,0.788108,1.6717546,1.9404354,4.340426,-96.81897,0.20472854,-10.670167,0.13567758,0.000000
133,2,0,0,0,0,0.756970,2.1116385,2.0475035,4.640198,-0.7352953,1.0369341,0.28818643,0.03639558,0.000000
133,2,0,0,0,0,0.441829,1.8366528,1.967088,4.3238626,-94.79528,0.71619385,5.224584,0.039889283,0.000000
133,2,0,0,0,0,0.238599,3.9430733,3.3485672,24.670414,-19.841076,2.1289606,4.001775,0.121019244,0.000000
133,2,0,0,0,0,0.225915,1.8244431,2.0799868,5.170774,-10.086796,0.7553046,11.993968,0.075830646,0.000000
134,2,0,0,0,0,0.776076,1.638917,1.9169803,4.24218,-96.85202,0.3015898,-10.663271,0.13124807,0.000000
134,2,0,0,0,0,0.644270,1.8563201,1.9464153,4.360219,-0.9490137,0.8920408,0.3844676,0.032557786,0.000000
134,2,0,0,0,0,0.302600,4.2493706,3.4230604,26.957306,-19.15052,2.2214928,3.7622762,0.08127922,0.000000
134,2,0,0,0,0,0.247700,1.8182863,2.0991998,5.3065863,-9.877075,0.77757204,11.981369,0.0942098,0.000000
135,2,0,0,0,0,0.799781,1.6671913,1.9457881,4.263562,-96.919754,0.53552943,-10.563019,0.0825743,0.000000
135,2,0,0,0,0,0.724306,1.7694724,1.9076062,4.2721143,-0.85215855,0.8120708,0.1831888,0.087960616,0.000000
135,2,0,0,0,0,0.302345,4.1602383,3.4008553,25.84834,-19.150898,2.1854305,3.5396547,0.07750713,0.000000
135,2,0,0,0,0,0.232782,1.8045216,2.090907,5.3880167,-9.801737,0.7545153,12.057831,0.06614049,0.000000
136,2,0,0,0,0,0.779034,1.6665773,1.9388889,4.2827334,-96.97855,0.6400975,-10.559506,0.118448,0.000000
136,2,0,0,0,0,0.739408,1.9496101,1.9645039,4.4176745,-0.7692528,1.017199,0.26060402,0.08410925,0.000000
136,2,0,0,0,0,0.308867,4.087982,3.2669582,24.736649,-19.310558,2.2404861,4.0704618,0.08669658,0.000000
136,2,0,0,0,0,0.218710,2.5804894,2.721861,7.641063,-91.220146,1.1421514,-31.462814,0.62422776,0.000000
136,2,0,0,0,0,0.207184,1.8268979,2.109731,5.5137157,-9.751404,0.8274994,12.139023,0.06509764,0.000000
137,2,0,0,0,0,0.778783,1.6427603,1.9173646,4.331102,-97.424545,0.6059171,-10.665064,0.106198214,0.000000
137,2,0,0,0,0,0.729872,1.93472,1.9768555,4.4620285,-1.3254786,1.0433041,0.23678583,0.029749159,0.000000
137,2,0,0,0,0,0.240842,1.7237514,2.0519645,4.6389313,-97.39677,1.3052683,-20.773912,1.1370325,0.000000
138,2,0,0,0,0,0.782761,1.6698929,1.9252061,4.347664,-96.8933,0.5707237,-10.566942,0.1392121,0.000000
138,2,0,0,0,0,0.723451,1.7794499,1.912193,4.3000956,-0.89738846,1.0741627,0.32052904,0.047251664,0.000000
138,2,0,0,0,0,0.247702,3.8789978,3.1780882,22.343908,-20.014668,2.0999765,3.8953295,0.10535516,0.000000
138,2,0,0,0,0,0.245509,1.7771221,2.0674016,5.1378584,-8.293438,0.9029802,12.121191,0.071213424,0.000000
139,2,0,0,0,0,0.728039,1.6549556,1.9221472,4.2570677,-96.82074,0.6557112,-10.517403,0.12769192,0.000000
139,2,0,0,0,0,0.673520,1.795968,1.9310446,4.364708,-0.8341303,1.1749673,0.31927323,0.07158579,0.000000
139,2,0,0,0,0,0.272303,1.712872,2.046328,5.1645746,-8.079012,0.87886214,12.185585,0.085817486,0.000000
139,2,0,0,0,0,0.260712,3.8433938,3.1210082,22.237995,-19.807552,2.262562,4.2874537,0.22007152,0.000000
140,2,0,0,0,0,0.728924,1.7010237,1.921374,4.195595,-96.98969,0.52656114,-10.337894,0.13737288,0.000000
140,2,0,0,0,0,0.685419,1.7719445,1.9529953,4.428468,-0.8206215,1.2429816,0.25137532,0.008241785,0.000000
140,2,0,0,0,0,0.272220,4.0007877,3.2930522,23.74466,-19.169155,2.2389653,4.3411145,0.19273104,0.000000
140,2,0,0,0,0,0.254500,1.6787694,2.0014653,4.6199837,-0.89620876,1.2235327,-13.066011,-0.24497895,0.000000
140,2,0,0,0,0,0.208166,1.7706114,2.1111727,5.5573654,-8.018106,0.9849568,12.22018,0.08445148,0.000000
141,2,0,0,0,0,0.760152,1.7662663,1.935919,4.2479935,-96.89893,0.32455033,-10.424832,0.17015606,0.000000
141,2,0,0,0,0,0.743977,2.0824194,2.0283852,4.541344,-0.74627686,1.5128334,0.34795207,-0.009089032,0.000000
141,2,0,0,0,0,0.271387,3.895092,3.3350685,24.996794,-18.719353,2.3305106,4.1130214,0.13124308,0.000000
141,2,0,0,0,0,0.256781,1.9282628,2.2272398,5.1556354,-63.994194,1.0683227,-25.087797,1.3645555,0.000000
141,2,0,0,0,0,0.234954,1.7509364,2.0704365,5.4168234,-7.8968782,1.0400972,12.232398,0.05388781,0.000000
141,2,0,0,0,0,0.216017,1.6173131,1.9633424,4.46125,-34.549232,0.600182,-22.647331,2.2909286,0.000000
142,2,0,0,0,0,0.738934,2.1222043,2.0325236,4.5575833,-0.60609436,1.5795417,0.46758342,0.09479575,0.000000
142,2,0,0,0,0,0.732484,1.5967603,1.8606933,4.209587,-96.70706,0.026544392,-10.372714,0.2554033,0.000000
142,2,0,0,0,0,0.273265,3.9223418,3.2305002,24.589025,-18.023674,2.4508336,4.5620747,0.24684617,0.000000
143,2,0,0,0,0,0.627971,1.6313667,1.9012088,4.1367016,-96.70332,-0.056329817,-10.23667,0.19284332,0.000000
143,2,0,0,0,0,0.606176,2.1672835,2.079693,4.706349,-0.6991911,1.6731099,0.39441186,0.106198415,0.000000
143,2,0,0,0,0,0.200526,2.0931334,2.0974581,4.6787257,-8.45233,1.321758,-13.471352,-0.15364741,0.000000
144,2,0,0,0,0,0.789752,1.5876781,1.8549469,4.1697173,-96.559395,-0.16353065,-10.166386,0.16083895,0.000000
144,2,0,0,0,0,0.632572,2.2494073,2.118505,4.8303714,-0.53617096,1.6954392,0.34384876,0.09616062,0.000000
144,2,0,0,0,0,0.347165,1.8245395,2.0409875,4.732806,-11.329503,0.90833765,-13.504754,-0.26228547,0.000000
144,2,0,0,0,0,0.238373,3.9994283,3.2765365,25.546705,-18.16194,2.4152427,4.280242,0.19481827,0.000000
144,2,0,0,0,0,0.210911,3.3272877,3.0003464,8.073896,1.7585287,2.1995015,-19.324896,-0.26765385,0.000000
145,2,0,0,0,0,0.750186,1.7394931,1.9475509,4.5581956,-96.77721,-0.022528231,-9.995314,0.07091995,0.000000
145,2,0,0,0,0,0.645000,2.0092793,1.9427975,4.1843624,-0.82043266,1.5853883,0.28441924,0.005964912,0.000000
145,2,0,0,0,0,0.326103,4.061771,3.2343106,26.053658,-17.896406,2.355215,4.399311,0.16434318,0.000000
146,2,0,0,0,0,0.843368,1.5705284,1.8273213,4.201068,-97.560425,-0.21080294,-2.6133318,0.22970486,0.000000
146,2,0,0,0,0,0.702960,1.6986802,1.9566345,4.6282496,-96.69832,-0.012388229,-9.892815,0.062868066,0.000000
146,2,0,0,0,0,0.643487,2.012969,1.9810176,4.2763476,-0.74085236,1.5266067,0.29877603,0.056595046,0.000000
146,2,0,0,0,0,0.310833,4.080221,3.2640142,25.484177,-17.288153,2.314361,4.4904113,0.18756059,0.000000
147,2,0,0,0,0,0.572443,1.9141788,1.9763066,4.3289323,-3.0702477,1.4349941,0.29753196,0.10712078,0.000000
147,2,0,0,0,0,0.323101,4.096775,3.16285,26.105724,-19.65665,2.3516192,4.455267,0.1839577,0.000000
147,2,0,0,0,0,0.277855,1.69329,1.9682326,4.7874293,-6.731635,1.1018592,12.131133,-0.025449045,0.000000
