0,2,0,0,0,0,0.859914,1.534898,1.822747,4.2429485,14.754763,-1.5349236,-3.829615,0.052811302,0.000000
0,2,0,0,0,0,0.855900,1.6322895,1.920368,4.5582886,9.091593,-1.8312241,-8.441853,0.09915481,0.000000
0,2,0,0,0,0,0.782055,1.5393074,1.8340023,4.2061696,37.972248,-0.7137376,-2.5824435,0.06940502,0.000000
0,2,0,0,0,0,0.766064,1.5154772,1.833759,4.256509,-10.339361,-2.6621273,-9.104702,-0.07298188,0.000000
0,2,0,0,0,0,0.742913,1.6495719,1.9044743,4.330421,20.04177,-1.0675838,3.5125172,0.08051239,0.000000
0,2,0,0,0,0,0.718975,1.6259812,1.8901526,4.2324295,-16.98181,-2.3055003,2.6685324,0.023585035,0.000000
0,2,0,0,0,0,0.679394,1.4921126,1.9469764,4.780522,18.755587,-1.6451828,-7.734751,0.035037704,0.000000
0,2,0,0,0,0,0.596367,1.5878642,1.886702,4.260839,35.592808,-0.9000229,-7.4895215,0.08500517,0.000000
0,2,0,0,0,0,0.514025,1.5279061,1.8358848,4.138275,41.047592,-0.8724267,-7.3826423,0.028839432,0.000000
0,2,0,0,0,0,0.488369,1.6436781,1.875587,4.132611,-23.372648,-2.4318724,2.2126222,-0.15794387,0.000000
0,2,0,0,0,0,0.468131,2.0237408,2.1449301,4.6969867,0.3075552,-1.5767066,0.010310739,0.0047455924,0.000000
0,2,0,0,0,0,0.354645,1.6796063,1.950026,4.5485764,-30.576525,-2.606206,2.0920846,-0.09428868,0.000000
0,2,0,0,0,0,0.295175,1.7280134,2.1348844,5.137503,-38.39567,-3.017916,-3.977013,-0.26777944,0.000000
0,2,0,0,0,0,0.222884,1.9924861,2.0940213,4.9512606,83.334816,0.6871617,-11.055881,-0.04535507,0.000000
0,2,0,0,0,0,0.219263,1.6458831,1.8533678,4.225431,-40.971943,-3.5033023,-10.075549,0.0506662,0.000000
1,2,0,0,0,0,0.829246,1.5970335,1.9308324,4.5859904,7.7041388,-1.8409797,-8.46253,0.022613347,0.000000
1,2,0,0,0,0,0.793967,1.5807463,1.8249714,4.0943794,38.518814,-0.6880022,-2.6289237,0.070410445,0.000000
1,2,0,0,0,0,0.782184,1.4889164,1.8482407,4.1919484,15.05546,-1.5027778,-3.8896198,0.05277332,0.000000
1,2,0,0,0,0,0.779492,1.605742,1.8811548,4.2859206,-18.282915,-2.3796515,2.6608267,0.0027760654,0.000000
1,2,0,0,0,0,0.773343,1.6590159,1.8902798,4.2687364,18.621746,-1.0994349,3.446622,0.11994246,0.000000
1,2,0,0,0,0,0.750138,1.524592,1.8384329,4.2083673,-11.843164,-2.7246196,-9.096558,-0.10498609,0.000000
1,2,0,0,0,0,0.739433,1.5019183,1.9363447,4.663105,17.485254,-1.6965392,-7.8118324,0.09975186,0.000000
1,2,0,0,0,0,0.502677,1.5906539,1.9170334,4.326549,34.239555,-0.9470799,-7.5377054,0.07915974,0.000000
1,2,0,0,0,0,0.493327,1.7728481,2.0014415,4.465046,-31.464064,-2.5574808,2.0806649,-0.06360027,0.000000
1,2,0,0,0,0,0.475576,2.191584,2.028069,4.5988946,0.3026147,-1.4600946,0.13453782,-0.053948242,0.000000
1,2,0,0,0,0,0.442398,1.5415158,1.7860909,3.9233236,40.26531,-0.8450408,-7.5284967,0.098237604,0.000000
1,2,0,0,0,0,0.372661,1.8298482,2.1776242,5.235812,-38.315765,-2.9842088,-4.0058126,-0.31469658,0.000000
1,2,0,0,0,0,0.368100,1.6658984,1.8994766,4.1880302,-24.770079,-2.4457226,2.2511883,-0.20866036,0.000000
1,2,0,0,0,0,0.315415,1.6365387,1.916387,4.4062395,-42.09192,-3.4168131,-9.942387,0.11665352,0.000000
1,2,0,0,0,0,0.222382,1.5575622,1.9235473,4.5680637,-11.881832,-2.2085238,6.174066,-0.032656375,0.000000
2,2,0,0,0,0,0.878282,1.4547365,1.8326962,4.334105,15.729057,-1.5694957,-3.8108282,0.040220477,0.000000
2,2,0,0,0,0,0.818249,1.5903004,1.9438803,4.6389117,6.7322426,-1.8526719,-8.593259,-0.0012186873,0.000000
2,2,0,0,0,0,0.787968,1.662931,1.9241685,4.3982215,17.639849,-1.1385338,3.4463315,0.07476121,0.000000
2,2,0,0,0,0,0.715862,1.464606,1.9135933,4.6590977,16.293484,-1.8012906,-7.782266,0.08986004,0.000000
2,2,0,0,0,0,0.675194,1.597193,1.8985286,4.46719,-12.873543,-2.8474267,-9.222101,-0.06622443,0.000000
2,2,0,0,0,0,0.668630,1.5526655,1.8156012,4.086619,39.133797,-0.7921501,-2.6570258,0.10790662,0.000000
2,2,0,0,0,0,0.525781,1.59027,1.9118809,4.2556477,-19.150946,-2.37143,2.678196,-0.013820898,0.000000
2,2,0,0,0,0,0.471688,1.5742867,1.9210397,4.5703645,33.181355,-1.0780052,-7.4689617,0.14316185,0.000000
2,2,0,0,0,0,0.465476,1.5377932,1.8093435,4.064924,39.591152,-0.9537457,-7.501945,0.0046594427,0.000000
2,2,0,0,0,0,0.447324,2.1467466,2.1903806,4.7474217,0.5744686,-1.4791309,0.010277361,0.023586433,0.000000
2,2,0,0,0,0,0.437446,1.7807395,1.9955555,4.5602217,-32.768696,-2.54924,1.8623408,-0.043537434,0.000000
2,2,0,0,0,0,0.377336,1.7493098,2.0407438,4.547558,-37.47465,-2.7991488,-4.100005,-0.30076975,0.000000
2,2,0,0,0,0,0.353919,1.6698775,1.9112431,4.1558547,-26.124075,-2.2790043,2.3426383,-0.22576106,0.000000
2,2,0,0,0,0,0.228883,1.5922604,1.9412163,4.571871,-12.753794,-2.134244,6.1447124,0.011908511,0.000000
3,2,0,0,0,0,0.883614,1.5269177,1.8494881,4.304302,16.247543,-1.4989222,-3.8294106,-0.00743841,0.000000
3,2,0,0,0,0,0.801835,1.6110258,1.9288946,4.620001,5.371899,-1.8678998,-8.570637,-0.017253172,0.000000
3,2,0,0,0,0,0.776709,1.5628464,1.8584137,4.2676325,39.61595,-0.7638263,-2.6067266,0.091700904,0.000000
3,2,0,0,0,0,0.739908,1.4893985,1.9432826,4.837159,14.838229,-1.8252228,-7.9677353,0.081236064,0.000000
3,2,0,0,0,0,0.737949,1.6610608,1.8910813,4.265166,16.404644,-1.1603492,3.3478043,0.10308254,0.000000
3,2,0,0,0,0,0.697239,1.5345283,1.8228014,4.115111,38.40152,-1.062125,-7.420481,0.11951415,0.000000
3,2,0,0,0,0,0.693980,1.5704609,1.8595496,4.236717,-14.128277,-2.6433423,-9.218167,-0.06765727,0.000000
3,2,0,0,0,0,0.619607,1.549009,1.895596,4.389803,31.648117,-1.0702968,-7.528901,0.056198902,0.000000
3,2,0,0,0,0,0.595352,1.9393499,2.0820963,4.6644673,-37.447227,-2.4894109,-4.2389684,0.0013122703,0.000000
3,2,0,0,0,0,0.567492,1.6215932,1.9086703,4.3035645,-20.504007,-2.2569818,2.663003,-0.051376276,0.000000
3,2,0,0,0,0,0.486108,1.6921995,2.0037746,4.559697,-34.08968,-2.364694,1.9878919,-0.13322401,0.000000
3,2,0,0,0,0,0.428329,2.0721874,2.1618576,4.7615037,0.48867416,-1.4441067,-0.03487493,0.028507266,0.000000
3,2,0,0,0,0,0.217454,1.9290372,2.1527014,4.666417,-42.820805,-1.6758095,12.207325,-0.22536457,0.000000
4,2,0,0,0,0,0.837996,1.545094,1.834841,4.2929745,16.622046,-1.4304206,-3.8226993,0.027018528,0.000000
4,2,0,0,0,0,0.831717,1.5378456,1.8537825,4.257413,40.071598,-0.6121673,-2.5882812,0.086775266,0.000000
4,2,0,0,0,0,0.812040,1.5536244,1.839974,4.185688,37.094936,-0.98522365,-7.558489,0.109305516,0.000000
4,2,0,0,0,0,0.743408,1.5163258,1.8745636,4.4120984,3.6419983,-1.8510519,-8.491875,0.0102011515,0.000000
4,2,0,0,0,0,0.727429,1.6677155,1.9322746,4.46373,14.82147,-1.1323744,3.271144,0.07635084,0.000000
4,2,0,0,0,0,0.727218,1.5324576,1.8991519,4.460572,30.256262,-1.1183562,-7.64575,0.06943825,0.000000
4,2,0,0,0,0,0.646273,1.5825673,1.8424349,4.1709404,-15.517183,-2.6981182,-9.131853,-0.145154,0.000000
4,2,0,0,0,0,0.539925,1.4795501,1.9124348,4.678558,13.488087,-1.795804,-7.954023,0.08703914,0.000000
4,2,0,0,0,0,0.500307,1.8243994,1.9660851,4.4039145,-29.260656,-2.3309004,2.2161384,-0.19729392,0.000000
4,2,0,0,0,0,0.489420,2.184444,2.023038,4.6111917,0.476727,-1.342237,0.13256499,-0.054608814,0.000000
4,2,0,0,0,0,0.477920,1.5879076,1.9570184,4.4733543,-22.145054,-2.3356483,2.6519272,-0.15616965,0.000000
4,2,0,0,0,0,0.389394,1.7524012,2.018434,4.6305223,-35.547775,-2.5141785,1.9793055,-0.16931437,0.000000
4,2,0,0,0,0,0.303246,1.7777132,2.017636,4.5199676,-37.23389,-2.7162254,-4.1724305,-0.086888365,0.000000
5,2,0,0,0,0,0.832816,1.517626,1.8713242,4.3925486,17.008114,-1.3238096,-3.809622,0.044647492,0.000000
5,2,0,0,0,0,0.792966,1.5168338,1.8113363,4.092982,40.481636,-0.5025459,-2.6831446,0.17106174,0.000000
5,2,0,0,0,0,0.748297,1.5737951,1.859004,4.221753,35.706367,-0.90914035,-7.5505176,0.09920266,0.000000
5,2,0,0,0,0,0.704747,1.471875,1.8582625,4.29932,2.522975,-1.8656168,-8.526005,0.068673246,0.000000
5,2,0,0,0,0,0.702302,1.5408688,1.8995006,4.4220004,12.258715,-1.6948955,-8.05154,0.13794339,0.000000
5,2,0,0,0,0,0.664894,1.523067,1.903085,4.454804,28.935932,-1.0549603,-7.6325235,0.102029756,0.000000
5,2,0,0,0,0,0.663873,1.6160319,1.9035068,4.322685,13.600762,-1.1978875,3.324196,0.11261499,0.000000
5,2,0,0,0,0,0.536669,2.1783469,2.017087,4.5784802,0.49908304,-1.4093114,0.15068214,-0.09270075,0.000000
5,2,0,0,0,0,0.511329,1.6399193,1.8864062,3.9654408,-23.509594,-2.5166814,2.6451836,-0.05079087,0.000000
5,2,0,0,0,0,0.482386,1.5922911,1.8585379,4.364197,-16.890833,-2.8802183,-9.262754,-0.17181574,0.000000
5,2,0,0,0,0,0.386773,1.6759307,2.067473,4.755923,-36.873886,-2.980935,-4.1332507,-0.21593514,0.000000
5,2,0,0,0,0,0.287742,1.7505335,2.071693,4.6137967,-37.05027,-2.8070214,2.009132,-0.23059464,0.000000
5,2,0,0,0,0,0.253215,1.7481163,2.0484107,4.7953157,-26.728767,-2.3755322,-20.384111,-0.13887355,0.000000
5,2,0,0,0,0,0.242814,1.5931921,1.8535061,4.051627,-29.618237,-2.7160118,1.6672382,-0.14582466,0.000000
6,2,0,0,0,0,0.892645,1.5303273,1.8510444,4.346175,17.548306,-1.2796593,-3.84129,0.04397182,0.000000
6,2,0,0,0,0,0.810965,1.5001312,1.8663015,4.39963,1.0621061,-1.8893055,-8.568083,0.112390846,0.000000
6,2,0,0,0,0,0.807890,1.5920148,1.8978838,4.398859,10.858789,-1.6846113,-8.188788,0.07618911,0.000000
6,2,0,0,0,0,0.792557,1.7103677,1.9505007,4.4649763,12.171373,-1.2065995,3.263387,0.120067015,0.000000
6,2,0,0,0,0,0.677596,1.5348096,1.8484399,4.2416887,41.02741,-0.47440362,-2.7042234,0.09428504,0.000000
6,2,0,0,0,0,0.677003,1.5828434,1.8505994,4.204479,34.240295,-0.9249617,-7.581738,0.057031862,0.000000
6,2,0,0,0,0,0.674631,1.4807248,1.8891366,4.415961,27.66251,-1.0808967,-7.674069,0.10760825,0.000000
6,2,0,0,0,0,0.612437,1.6742721,1.9518085,4.481764,-24.529095,-2.45087,2.445476,-0.05440057,0.000000
6,2,0,0,0,0,0.425352,1.7056596,2.0676408,4.7615643,-36.6157,-2.8667932,-4.3418484,0.011770424,0.000000
6,2,0,0,0,0,0.399443,2.099434,2.0390654,4.6258397,0.457335,-1.4210346,0.15346336,-0.04746739,0.000000
6,2,0,0,0,0,0.366784,1.5452542,1.8544643,4.2330723,-18.347115,-2.871797,-9.318092,-0.09779299,0.000000
6,2,0,0,0,0,0.301848,1.8510646,1.9958687,4.480551,-27.218811,-2.3456383,-20.624332,-0.27401876,0.000000
6,2,0,0,0,0,0.279183,1.7474098,2.006229,4.5002747,-38.51645,-2.6642303,1.8680747,-0.21559319,0.000000
6,2,0,0,0,0,0.244754,1.839228,1.9321222,4.5580616,-34.68509,-2.6426842,-20.031624,-0.086800925,0.000000
6,2,0,0,0,0,0.203296,1.8797243,2.02711,4.6560616,-34.288376,-2.4341612,6.719971,-0.24620274,0.000000
7,2,0,0,0,0,0.869024,1.5349839,1.8910027,4.5061173,-0.20548439,-1.9452062,-8.698663,0.044742167,0.000000
7,2,0,0,0,0,0.866734,1.492234,1.8100237,4.1433253,41.307358,-0.62130785,-2.7088552,0.10940604,0.000000
7,2,0,0,0,0,0.858859,1.5133669,1.8121612,4.1546335,18.023966,-1.2841614,-3.8162029,0.0523928,0.000000
7,2,0,0,0,0,0.834909,1.687254,1.9390398,4.4719877,10.84962,-1.2589275,3.2106457,0.09008433,0.000000
7,2,0,0,0,0,0.650920,1.5021265,1.9227614,4.675015,9.338574,-1.7500572,-8.216585,0.078339435,0.000000
7,2,0,0,0,0,0.607338,1.5234613,1.9291214,4.5765524,26.13368,-1.1985848,-7.7653966,0.14228497,0.000000
7,2,0,0,0,0,0.596784,1.6399176,1.8849415,4.311329,-19.788269,-2.754603,-9.369984,-0.09037103,0.000000
7,2,0,0,0,0,0.566634,1.4760969,1.832372,4.196062,33.10577,-1.0841285,-7.715967,0.092533275,0.000000
7,2,0,0,0,0,0.487301,2.2347164,2.0497944,4.7113833,0.4534092,-1.2665558,0.05968404,-0.049836136,0.000000
7,2,0,0,0,0,0.473031,1.8409078,2.1067505,4.7265325,-36.579052,-2.5060065,-4.299246,0.015876869,0.000000
7,2,0,0,0,0,0.449206,1.6553061,1.938536,4.3064427,-26.236275,-2.2613213,2.4684184,-0.10958415,0.000000
7,2,0,0,0,0,0.271778,1.7108797,1.9491124,4.470669,-40.020885,-2.6538188,1.5847256,-0.025635138,0.000000
7,2,0,0,0,0,0.263249,1.8352427,1.9970894,4.380852,-28.858278,-2.207395,-20.318533,-0.12787186,0.000000
7,2,0,0,0,0,0.213028,1.7355449,1.9319277,4.3184743,-33.652046,-2.2690187,2.1261463,-0.19486499,0.000000
8,2,0,0,0,0,0.884710,1.5969274,1.9114411,4.5132565,-1.80371,-1.9411592,-8.769836,0.066951536,0.000000
8,2,0,0,0,0,0.878905,1.4737767,1.7939335,4.1100535,41.45681,-0.5640062,-2.7325172,0.09633444,0.000000
8,2,0,0,0,0,0.847333,1.6570699,1.9200767,4.39169,9.181321,-1.278093,3.124787,0.12695734,0.000000
8,2,0,0,0,0,0.702989,1.5027285,1.8121176,4.295806,18.094357,-1.2500548,-3.7894402,0.004898921,0.000000
8,2,0,0,0,0,0.652684,1.6284567,1.9041587,4.342135,24.386253,-1.18109,-7.7903595,0.11729362,0.000000
8,2,0,0,0,0,0.649283,1.6361215,1.9192643,4.3714805,-21.367859,-2.7626529,-9.386576,-0.062119156,0.000000
8,2,0,0,0,0,0.550347,2.1060152,2.0256228,4.6572933,0.19797754,-1.364989,0.08908582,-0.04430832,0.000000
8,2,0,0,0,0,0.517399,1.4181039,1.8143175,4.0966806,7.084632,-1.7527058,-8.143866,-0.025703296,0.000000
8,2,0,0,0,0,0.416098,1.5218643,1.8307433,4.1144514,30.834995,-1.161226,-7.7753506,0.03206458,0.000000
8,2,0,0,0,0,0.369090,1.8510642,2.0182238,4.4671087,-30.88387,-2.2867112,-20.125698,0.03426214,0.000000
8,2,0,0,0,0,0.367971,1.6076083,1.888418,4.2870636,-27.753368,-2.4775155,2.3963625,0.0023163457,0.000000
8,2,0,0,0,0,0.356016,1.7885704,2.0125523,4.882215,-36.869316,-2.5759788,-4.0974746,-0.10941945,0.000000
9,2,0,0,0,0,0.874256,1.5111873,1.8416603,4.287363,18.81378,-1.1933303,-3.748633,0.028978912,0.000000
9,2,0,0,0,0,0.853556,1.5708343,1.8886375,4.4052525,-2.9483824,-2.1234963,-8.804243,0.016953595,0.000000
9,2,0,0,0,0,0.780162,1.6029077,1.9171379,4.481244,-22.460829,-2.9689424,-9.4454975,0.046369344,0.000000
9,2,0,0,0,0,0.776974,1.6716275,1.91142,4.362624,8.183807,-1.3936219,3.0569391,0.09867338,0.000000
9,2,0,0,0,0,0.704213,1.4791403,1.8431978,4.408967,42.64193,-0.3896231,-2.649755,0.10811593,0.000000
9,2,0,0,0,0,0.645712,1.4381306,1.7634343,3.9433923,29.926277,-1.0841259,-7.719144,0.058849595,0.000000
9,2,0,0,0,0,0.631124,1.3713267,1.8017502,4.0670395,5.8591557,-1.8472738,-8.16234,0.0836284,0.000000
9,2,0,0,0,0,0.557069,1.5762992,1.9109008,4.5085664,23.15676,-1.2821748,-7.7887287,0.12572464,0.000000
9,2,0,0,0,0,0.542958,1.5885775,1.8622448,4.223192,-28.976383,-2.632535,2.434238,-0.11629486,0.000000
9,2,0,0,0,0,0.476547,1.8088331,1.9741774,4.332828,-31.825457,-2.630054,-20.284727,0.05325521,0.000000
9,2,0,0,0,0,0.476444,2.1101313,2.004842,4.531155,0.44852686,-1.3742955,0.052997604,-0.024114937,0.000000
9,2,0,0,0,0,0.316626,1.6568166,1.9311094,4.345511,-35.79464,-2.9272845,-3.929359,-0.34737182,0.000000
10,2,0,0,0,0,0.897270,1.4595318,1.830976,4.3141303,18.76589,-1.2752417,-3.7919903,0.0470708,0.000000
10,2,0,0,0,0,0.889155,1.4685888,1.7716408,3.924358,42.40071,-0.2887274,-2.6500418,0.1022335,0.000000
10,2,0,0,0,0,0.826782,1.4866371,1.8494868,4.4124956,-4.57416,-2.2958841,-8.7960825,0.029242177,0.000000
10,2,0,0,0,0,0.745484,1.583977,1.8919313,4.3650203,21.5669,-1.213459,-7.8421774,0.120690495,0.000000
10,2,0,0,0,0,0.741869,1.4988654,1.8269336,4.172322,28.205782,-1.0828402,-7.7220764,0.016186034,0.000000
10,2,0,0,0,0,0.685078,1.4349635,1.8837395,4.4825354,4.7749877,-1.8892827,-8.174511,0.14560059,0.000000
10,2,0,0,0,0,0.679039,1.6157669,1.921294,4.5340724,6.257969,-1.494166,3.00773,0.13225245,0.000000
10,2,0,0,0,0,0.607284,1.5047789,1.8413967,4.152168,-24.03804,-3.0243495,-9.619961,-0.031494025,0.000000
10,2,0,0,0,0,0.575581,1.5952768,1.885351,4.3703747,-30.78401,-2.8102539,2.3632948,-0.0086215,0.000000
10,2,0,0,0,0,0.567886,1.8828162,1.9869453,4.6301956,-33.921818,-2.7288692,-20.23145,0.00016580461,0.000000
10,2,0,0,0,0,0.527230,1.9831903,2.0215955,4.6229906,0.029684544,-1.5459698,0.01544252,0.02172792,0.000000
10,2,0,0,0,0,0.421705,1.5672426,1.8611946,4.2260013,-35.863983,-3.2443995,-4.291106,0.001840777,0.000000
10,2,0,0,0,0,0.386422,1.6867275,1.930962,4.5149913,-24.63621,-2.4307787,5.920497,-0.06190116,0.000000
10,2,0,0,0,0,0.370587,1.5001291,1.8963351,4.2333736,-18.51781,-1.7916005,8.104917,1.2553015,0.000000
11,2,0,0,0,0,0.883086,1.5014515,1.8028344,4.0675135,43.194996,-0.23812923,-2.8163269,0.09298438,0.000000
11,2,0,0,0,0,0.835243,1.4455525,1.8184962,4.339322,19.756199,-1.2722303,-3.7435634,0.039198957,0.000000
11,2,0,0,0,0,0.749548,1.5203855,1.8539258,4.2569284,27.3807,-1.1166075,-7.7903333,-0.026665268,0.000000
11,2,0,0,0,0,0.733367,1.6162369,1.939553,4.584271,20.686382,-1.2964134,-7.921667,0.0702745,0.000000
11,2,0,0,0,0,0.696732,1.8809654,1.977379,4.6086497,0.40678978,-1.5706872,0.001152426,-0.011498129,0.000000
11,2,0,0,0,0,0.677077,1.5743405,1.8983854,4.4675055,-5.768519,-2.2836282,-8.822475,-0.0018581427,0.000000
11,2,0,0,0,0,0.658167,1.5832427,1.856725,4.2397223,-35.385796,-3.1632311,-4.3056555,-0.11444725,0.000000
11,2,0,0,0,0,0.643381,1.5806421,1.8527517,4.1992826,-31.345772,-2.939825,2.2233284,-0.017694283,0.000000
11,2,0,0,0,0,0.643336,1.6010859,1.8973386,4.225258,5.4081664,-1.5287898,3.0458612,0.14336132,0.000000
11,2,0,0,0,0,0.565887,1.5035006,1.9272674,4.783644,4.0240993,-2.0426264,-8.3223295,0.052384347,0.000000
11,2,0,0,0,0,0.443867,1.8858643,2.0928843,5.0749936,-35.391655,-2.6583643,-20.323883,0.042371843,0.000000
11,2,0,0,0,0,0.396108,1.5059977,1.8349103,4.21283,-25.08954,-3.1966805,-9.606523,0.010649277,0.000000
11,2,0,0,0,0,0.228051,1.5433357,1.9617409,4.41261,-12.0620365,-1.9763076,-19.677345,1.5137144,0.000000
11,2,0,0,0,0,0.210246,1.6178968,1.9125319,4.3858852,-24.922823,-2.4963424,6.025609,-0.20152824,0.000000
12,2,0,0,0,0,0.813426,1.5148726,1.8108234,4.2015877,43.420097,-0.15153694,-2.7521117,0.1481288,0.000000
12,2,0,0,0,0,0.812752,1.4993572,1.846427,4.22602,19.675198,-1.1284925,-3.7669532,0.040995955,0.000000
12,2,0,0,0,0,0.803447,1.5368341,1.9104624,4.529381,18.9183,-1.2147179,-8.094421,0.08937424,0.000000
12,2,0,0,0,0,0.793543,1.5106823,1.8550435,4.219126,-7.267248,-2.3925598,-8.887519,0.08813291,0.000000
12,2,0,0,0,0,0.780253,1.5836647,1.8929555,4.3911476,3.7789521,-1.5528065,3.0014718,0.113036394,0.000000
12,2,0,0,0,0,0.696688,1.5492337,1.8677446,4.301993,25.739534,-1.1802479,-7.8769155,-0.026769359,0.000000
12,2,0,0,0,0,0.636608,1.5140883,1.9422567,4.6686964,2.2357583,-2.1377845,-8.284889,0.10975461,0.000000
12,2,0,0,0,0,0.617497,2.0717936,2.0343711,4.619294,-0.010374069,-1.4037013,0.0040390193,-0.00989036,0.000000
12,2,0,0,0,0,0.590391,1.6868582,1.9566138,4.5798287,-35.70036,-3.068386,-4.1015263,-0.14460576,0.000000
12,2,0,0,0,0,0.581154,1.5179164,1.8513916,4.1446,-33.15915,-3.0723016,2.308212,-0.02516194,0.000000
12,2,0,0,0,0,0.368215,1.6177026,1.8984802,4.303798,-27.087154,-2.5331478,5.7610865,-0.09482812,0.000000
12,2,0,0,0,0,0.334893,1.53117,1.8540335,4.0425215,-26.729359,-3.254653,-9.719067,0.078304,0.000000
12,2,0,0,0,0,0.310616,1.8475318,2.0566502,4.704803,-36.837654,-2.8404167,-20.14943,0.0073050503,0.000000
12,2,0,0,0,0,0.213623,1.543683,1.9372432,4.4464803,-21.300713,-1.987409,7.970413,1.0748503,0.000000
12,2,0,0,0,0,0.212208,1.7802585,2.0211868,4.2003713,37.3309,0.07513222,-29.898144,0.015463759,0.000000
13,2,0,0,0,0,0.894652,1.4601315,1.839423,4.387976,20.064526,-1.1662464,-3.6701398,0.021399599,0.000000
13,2,0,0,0,0,0.864795,1.5226674,1.7992805,3.9512415,43.913403,-0.10045168,-2.722548,0.09376511,0.000000
13,2,0,0,0,0,0.809436,1.452959,1.8403585,4.322898,17.547447,-1.148777,-8.041796,0.14772156,0.000000
13,2,0,0,0,0,0.733944,1.498663,1.9089696,4.5567217,-8.576843,-2.3614364,-8.905448,-0.007902123,0.000000
13,2,0,0,0,0,0.706817,1.5385704,1.9082352,4.4923277,2.29917,-1.6076646,2.9949539,0.110751115,0.000000
13,2,0,0,0,0,0.689003,1.5068802,1.8667436,4.2850285,24.052446,-1.1662915,-7.890676,-0.032258995,0.000000
13,2,0,0,0,0,0.683723,1.5089359,1.9195704,4.5522785,0.9907613,-2.162383,-8.316224,0.069073185,0.000000
13,2,0,0,0,0,0.482843,1.6458793,1.939617,4.668001,-35.60147,-2.9522457,-4.028841,-0.13609788,0.000000
13,2,0,0,0,0,0.413506,1.6012249,1.9027826,4.3258257,-34.560028,-3.0058122,2.2300115,0.078647435,0.000000
13,2,0,0,0,0,0.413046,2.101647,2.0870621,4.467277,0.41720343,-1.3073387,0.11481029,0.00445635,0.000000
13,2,0,0,0,0,0.354873,1.6246231,1.9215839,4.3774214,-28.438381,-2.6062708,6.015767,-0.28434503,0.000000
13,2,0,0,0,0,0.341068,1.7624707,2.0717335,4.856486,-38.571815,-2.652613,-20.265697,0.040610135,0.000000
13,2,0,0,0,0,0.335544,1.900503,2.0447257,4.600806,34.82023,0.12969792,-30.188515,0.1149247,0.000000
13,2,0,0,0,0,0.334000,1.629005,1.9144626,4.237057,-28.183752,-3.3395252,-9.809709,0.05419346,0.000000
13,2,0,0,0,0,0.226804,1.5736185,1.933094,4.32804,-22.17339,-2.0039887,7.9447036,1.6612477,0.000000
14,2,0,0,0,0,0.894776,1.5246438,1.7873327,3.987831,44.81813,-0.10990435,-2.6568527,0.1309353,0.000000
14,2,0,0,0,0,0.880182,1.4922404,1.8590626,4.3975706,20.910572,-1.070398,-3.640741,0.029594313,0.000000
14,2,0,0,0,0,0.726000,1.6544237,1.8807317,4.4157863,1.2945843,-1.6024048,2.9411774,0.117684744,0.000000
14,2,0,0,0,0,0.701668,1.4887042,1.8738894,4.372324,-9.588834,-2.279839,-8.863388,0.01397908,0.000000
14,2,0,0,0,0,0.695958,1.4882224,1.8301926,4.304161,23.01949,-1.2032013,-7.8891697,-0.035074517,0.000000
14,2,0,0,0,0,0.691412,1.5605433,1.9077871,4.5293922,16.578615,-1.1953872,-8.011286,0.0456857,0.000000
14,2,0,0,0,0,0.656472,1.5652635,1.924815,4.4862967,-0.046982765,-2.139361,-8.454512,0.017726278,0.000000
14,2,0,0,0,0,0.640589,1.5861855,1.8811319,4.1836243,-34.571808,-2.956723,-4.130665,-0.11774055,0.000000
14,2,0,0,0,0,0.550986,1.63831,1.975426,4.4166584,-35.880608,-2.9663942,2.2321377,-0.16021496,0.000000
14,2,0,0,0,0,0.483247,1.7356358,1.9819098,4.323037,34.329094,0.08023773,-30.037811,0.14461945,0.000000
14,2,0,0,0,0,0.433438,2.0674276,2.0749876,4.8148146,0.4727559,-1.3401186,-0.015922725,-0.026449941,0.000000
14,2,0,0,0,0,0.413355,1.6597222,1.9580667,4.440374,-29.108427,-3.3199542,-9.774266,0.008327829,0.000000
14,2,0,0,0,0,0.333091,1.6545635,1.9330784,4.416204,-29.688198,-2.6404734,5.8168745,-0.15349552,0.000000
14,2,0,0,0,0,0.255203,1.5619625,1.9116366,4.2911386,-23.5823,-1.9908571,7.7440343,1.3676174,0.000000
14,2,0,0,0,0,0.235319,2.1549993,2.3708653,5.763504,88.1798,1.5210648,8.216343,-0.021200825,0.000000
15,2,0,0,0,0,0.796896,1.5574445,1.7821236,3.9965923,45.206142,-0.06968185,-2.7839265,0.08682126,0.000000
15,2,0,0,0,0,0.720393,1.4782214,1.8237461,4.3764205,21.305944,-1.0330255,-3.7501168,0.031693432,0.000000
15,2,0,0,0,0,0.716403,1.453197,1.8098948,4.1763988,21.75507,-1.1819099,-7.916196,0.014250284,0.000000
15,2,0,0,0,0,0.654960,1.5840216,1.9512486,4.6153717,-1.5299277,-2.1973076,-8.477919,0.05615797,0.000000
15,2,0,0,0,0,0.610886,1.4896842,1.8578162,4.3082776,-10.943633,-2.4853122,-8.956797,0.06019719,0.000000
15,2,0,0,0,0,0.576463,1.5531374,1.8829489,4.2355514,-34.332542,-2.9324584,-4.0450573,-0.2414271,0.000000
15,2,0,0,0,0,0.565714,2.096741,2.0507033,4.4852347,0.57403326,-1.3821843,0.07067034,0.08085886,0.000000
15,2,0,0,0,0,0.560304,1.8370041,2.039186,4.5796013,32.7179,-0.06593987,-30.023354,0.1444614,0.000000
15,2,0,0,0,0,0.548212,1.5543156,1.8701801,4.323474,14.795582,-1.2022057,-8.133138,0.038046196,0.000000
15,2,0,0,0,0,0.539091,1.6202568,1.9548116,4.4066443,-37.16794,-2.8307226,2.125371,-0.0801494,0.000000
15,2,0,0,0,0,0.509888,1.5704088,1.8846357,4.3681326,-30.482197,-3.2172413,-9.676016,-0.031102955,0.000000
15,2,0,0,0,0,0.475515,1.6371574,2.0616508,4.6786427,0.07028675,-1.5143679,2.915382,0.15122902,0.000000
15,2,0,0,0,0,0.292302,1.9214394,2.037677,4.7119017,-39.45839,-2.5403666,-20.783342,0.10058185,0.000000
15,2,0,0,0,0,0.241560,1.4939976,1.942254,4.3241096,-24.778702,-1.8907093,7.642838,1.3621306,0.000000
15,2,0,0,0,0,0.227943,1.6138844,1.9550974,4.429588,8.12808,-0.89811295,-13.2958355,0.2698748,0.000000
15,2,0,0,0,0,0.201462,1.6535863,1.9653783,4.62052,-31.12314,-2.5158572,5.8681083,-0.3338986,0.000000
15,2,0,0,0,0,0.201454,2.5608659,2.5821729,6.4411664,-27.839746,-1.5126214,-21.494545,0.13164003,0.000000
16,2,0,0,0,0,0.807633,1.4473213,1.8102651,4.1899467,21.700012,-0.9517142,-3.8069162,0.08978112,0.000000
16,2,0,0,0,0,0.750574,1.5098987,1.7705197,3.9673512,45.695503,-0.046363562,-2.8174684,0.09399377,0.000000
16,2,0,0,0,0,0.726488,1.3999724,1.8044305,4.1193285,20.38869,-1.1127272,-8.015967,-0.0685247,0.000000
16,2,0,0,0,0,0.671106,1.6940458,1.9057046,4.1418676,30.94394,-0.17910793,-30.102482,0.08104538,0.000000
16,2,0,0,0,0,0.603342,1.992623,2.0217211,4.4311047,0.48662567,-1.3402245,0.09746066,0.017604902,0.000000
16,2,0,0,0,0,0.586394,1.5990678,1.9075875,4.354792,-33.988316,-2.8729005,-4.096741,-0.1735453,0.000000
16,2,0,0,0,0,0.557460,1.5511073,1.8840554,4.476916,-2.7652345,-2.1323915,-8.462034,0.01882125,0.000000
16,2,0,0,0,0,0.545758,1.5498044,1.9775097,4.471341,-1.2203608,-1.5760648,2.9186392,0.1835385,0.000000
16,2,0,0,0,0,0.510195,1.4656312,1.8182987,4.2207866,-12.375362,-2.507059,-8.932245,0.03565997,0.000000
16,2,0,0,0,0,0.485755,1.4944245,1.7804219,3.9426122,13.362289,-1.321373,-8.095724,0.030431423,0.000000
16,2,0,0,0,0,0.464668,1.5908489,1.9300648,4.137707,-38.17438,-2.900292,2.252135,-0.11775234,0.000000
16,2,0,0,0,0,0.347104,1.5798457,1.868545,4.2749014,-31.708307,-3.3593965,-9.850469,-0.066490054,0.000000
16,2,0,0,0,0,0.238649,1.853871,1.9787222,4.648348,-41.539783,-2.6524832,-20.556564,0.18699512,0.000000
16,2,0,0,0,0,0.219030,1.8914862,2.1176877,5.0595145,-18.736986,-1.9625833,-13.155838,-0.21631831,0.000000
16,2,0,0,0,0,0.215148,1.6065234,1.9390663,4.3486347,-31.602417,-2.5611792,5.7845736,-0.2640608,0.000000
17,2,0,0,0,0,0.818607,1.5430326,1.7924297,4.0679355,45.866997,0.020749643,-2.7305074,0.1022245,0.000000
17,2,0,0,0,0,0.815046,1.4954504,1.8688747,4.434132,21.724945,-0.9165408,-3.7617688,0.0370828,0.000000
17,2,0,0,0,0,0.802283,1.4617033,1.8487188,4.3033447,12.02767,-1.3761321,-8.13643,0.062741384,0.000000
17,2,0,0,0,0,0.717602,1.4705222,1.8495908,4.392202,18.730953,-1.0645566,-8.0480795,-0.0038244105,0.000000
17,2,0,0,0,0,0.665822,2.104599,2.0504518,4.5526433,-0.06178379,-1.3336924,-0.012350708,0.06909388,0.000000
17,2,0,0,0,0,0.625080,1.5566885,1.8766057,4.32907,-2.7794023,-1.6410419,2.794898,0.14941373,0.000000
17,2,0,0,0,0,0.483097,1.6267958,1.9413362,4.371285,-40.03243,-3.0072832,2.0296721,0.07314637,0.000000
17,2,0,0,0,0,0.463434,1.5992705,1.8945459,4.4309816,-13.908714,-2.5294542,-9.096398,0.05083038,0.000000
17,2,0,0,0,0,0.449574,1.7120146,1.9343401,4.4323287,-34.510857,-2.8371484,-4.0080066,-0.048510745,0.000000
17,2,0,0,0,0,0.388802,1.5932109,1.9209723,4.596781,-4.2959585,-2.1796622,-8.728294,0.0992149,0.000000
17,2,0,0,0,0,0.383745,1.754312,2.0765333,4.74164,29.463089,0.043939143,-30.17688,0.060318712,0.000000
17,2,0,0,0,0,0.379157,1.5956348,1.9453602,4.4441795,-33.68042,-3.4110339,-10.369022,0.25725237,0.000000
17,2,0,0,0,0,0.280785,1.6538126,1.9545021,4.315376,-33.769318,-2.6558814,5.705797,-0.21174559,0.000000
18,2,0,0,0,0,0.820531,1.4974694,1.862731,4.4331784,21.880177,-0.90198326,-3.7515035,0.07188479,0.000000
18,2,0,0,0,0,0.796574,1.5167444,1.8712777,4.32733,10.708371,-1.4199245,-8.268801,0.040451713,0.000000
18,2,0,0,0,0,0.692663,1.6178384,1.8662535,4.265072,-4.330065,-1.7059273,2.7883525,0.09781077,0.000000
18,2,0,0,0,0,0.649521,1.6597862,1.891839,4.498997,-6.001479,-2.3810742,-8.689379,0.12697501,0.000000
18,2,0,0,0,0,0.636178,1.4778509,1.8143263,4.0680246,17.006868,-1.1191976,-8.056847,-0.096808545,0.000000
18,2,0,0,0,0,0.612005,2.195692,2.0784585,4.650839,-0.16334963,-1.2501168,-0.059301987,0.04702408,0.000000
18,2,0,0,0,0,0.559399,1.5569216,1.754386,3.9342933,46.262173,0.046768725,-2.7095752,0.10137369,0.000000
18,2,0,0,0,0,0.511755,1.6892638,1.9652358,4.4983664,-41.686687,-3.011221,2.0386856,-0.008202417,0.000000
18,2,0,0,0,0,0.420490,1.6284959,1.9012684,4.5379415,-15.57255,-2.6215515,-9.215271,0.05691304,0.000000
18,2,0,0,0,0,0.417937,1.6193994,1.901614,4.406892,-34.333862,-2.7857723,-3.9037414,-0.14762452,0.000000
18,2,0,0,0,0,0.311312,1.6531258,1.9150922,4.422048,-34.502853,-3.4953356,-9.91284,-0.034713157,0.000000
18,2,0,0,0,0,0.310377,1.6754332,1.964415,4.382299,-35.215324,-2.6116283,5.8280163,-0.28367418,0.000000
18,2,0,0,0,0,0.264383,1.7294178,2.0062618,4.542521,28.070671,0.019012526,-30.231396,0.083422385,0.000000
19,2,0,0,0,0,0.775944,1.5582795,1.8660686,4.403212,-16.481876,-2.4200296,-9.114821,0.010245999,0.000000
19,2,0,0,0,0,0.762852,2.1326594,2.0869572,4.7240953,0.49852753,-1.1883132,0.047522426,-0.022241462,0.000000
19,2,0,0,0,0,0.760782,1.5484884,1.8763224,4.3750596,9.999115,-1.4797106,-8.2919,0.059129193,0.000000
19,2,0,0,0,0,0.753550,1.5726235,1.872024,4.496888,-6.876646,-2.3572023,-8.680041,0.024131835,0.000000
19,2,0,0,0,0,0.715753,1.5792162,1.8211002,4.048645,47.298264,0.1071246,-2.6937182,0.091672,0.000000
19,2,0,0,0,0,0.686031,1.5948484,1.8277997,4.1349626,-5.1194963,-1.719269,2.7141669,0.0864723,0.000000
19,2,0,0,0,0,0.640225,1.5124525,1.849,4.4041314,22.614826,-0.903741,-3.6992068,0.04380528,0.000000
19,2,0,0,0,0,0.579631,1.5092801,1.815057,4.145094,15.968666,-1.278153,-8.007483,0.039118364,0.000000
19,2,0,0,0,0,0.437363,1.564605,1.9047228,4.57096,-33.720715,-2.7569547,-4.111919,-0.007512173,0.000000
19,2,0,0,0,0,0.342150,1.6139097,1.8953358,4.4729676,-35.725517,-3.19858,-9.925283,-0.00051351247,0.000000
19,2,0,0,0,0,0.305459,1.5720848,1.907553,4.2413588,-42.38357,-2.9702744,1.7979969,0.1478591,0.000000
20,2,0,0,0,0,0.833255,1.5602373,1.8331317,4.139125,47.343914,0.16933648,-2.665777,0.110423364,0.000000
20,2,0,0,0,0,0.778309,2.088016,2.0540943,4.7495465,-0.1017127,-1.3084671,-0.046767533,0.03956472,0.000000
20,2,0,0,0,0,0.769884,1.5941072,1.8800584,4.5168242,-8.504259,-2.4506905,-8.763753,0.03722699,0.000000
20,2,0,0,0,0,0.747699,1.5685892,1.8709263,4.409318,-18.049988,-2.6550863,-9.158218,0.04836627,0.000000
20,2,0,0,0,0,0.699379,1.4936326,1.858691,4.4325767,22.601797,-0.8413115,-3.7577457,0.082930915,0.000000
20,2,0,0,0,0,0.676530,1.5326092,1.8766649,4.242181,8.131117,-1.5048797,-8.210092,0.080770776,0.000000
20,2,0,0,0,0,0.608137,1.5917318,1.8023967,3.8146887,-6.717765,-1.7689848,2.6510563,0.122110486,0.000000
20,2,0,0,0,0,0.570156,1.4415449,1.7882931,4.08056,14.683917,-1.2796618,-7.993716,0.09723462,0.000000
20,2,0,0,0,0,0.490316,1.6886524,1.911556,4.251331,-33.631058,-2.7463036,-4.0547266,-0.029576346,0.000000
20,2,0,0,0,0,0.427194,1.5784905,1.9033456,4.3924427,-37.529957,-3.3973534,-9.947442,-0.048473865,0.000000
20,2,0,0,0,0,0.301724,1.715054,1.9552308,4.2757993,25.94124,-0.27039248,-30.269354,-0.09871224,0.000000
20,2,0,0,0,0,0.273955,1.7012022,2.0610595,4.8975797,-24.254215,-2.3419542,-13.424306,-0.30783156,0.000000
20,2,0,0,0,0,0.266971,1.6636826,1.9109341,4.218258,-43.895424,-2.9781933,1.8116521,0.37873048,0.000000
21,2,0,0,0,0,0.839434,1.435858,1.8049207,4.190335,13.598142,-1.4196985,-8.161746,0.047443032,0.000000
21,2,0,0,0,0,0.803570,1.610086,1.8354255,4.12985,0.72703743,-1.5353436,0.022866264,0.0073675048,0.000000
21,2,0,0,0,0,0.767851,1.5056741,1.7540919,3.8536973,48.07965,0.2841206,-2.6876693,0.09976657,0.000000
21,2,0,0,0,0,0.765710,1.6450925,1.9292285,4.4822974,7.2854958,-1.6448342,-8.281253,0.03959233,0.000000
21,2,0,0,0,0,0.670994,1.568893,1.8597939,4.2386913,-7.9044027,-1.9266323,2.5766373,0.12827392,0.000000
21,2,0,0,0,0,0.670618,1.5323067,1.8888475,4.5139575,23.206673,-0.7980318,-3.7990792,-0.0013425304,0.000000
21,2,0,0,0,0,0.646802,1.546271,1.8394477,4.3876305,-19.00648,-2.867793,-9.244757,0.052322358,0.000000
21,2,0,0,0,0,0.633412,1.5725465,1.8462893,4.4070935,-9.468773,-2.662169,-8.852586,0.027572688,0.000000
21,2,0,0,0,0,0.586395,1.5868967,1.8945847,4.3632984,-32.516846,-3.1019506,-4.2885823,0.024040127,0.000000
21,2,0,0,0,0,0.443813,1.672358,1.9397248,4.288142,24.463686,-0.28240564,-30.33831,0.058498017,0.000000
21,2,0,0,0,0,0.334467,1.6557306,1.9204643,4.1995873,-38.76967,-2.8027692,5.2728815,-0.16122203,0.000000
21,2,0,0,0,0,0.285163,1.8425803,2.1321654,5.1292396,-25.453642,-2.3298194,-13.512598,-0.14982283,0.000000
21,2,0,0,0,0,0.204869,1.6839361,1.9840481,4.3905845,-33.493843,-2.4305358,7.155792,0.61562157,0.000000
22,2,0,0,0,0,0.868519,1.5074602,1.814562,4.1651587,48.305176,0.21215117,-2.938042,0.09790099,0.000000
22,2,0,0,0,0,0.844228,1.5597999,1.8714883,4.3683524,12.043869,-1.4872631,-8.3161545,-0.021476803,0.000000
22,2,0,0,0,0,0.836236,1.6124578,1.8561189,4.240888,0.2154417,-1.5193284,0.010317653,-0.026852814,0.000000
22,2,0,0,0,0,0.788545,1.6447732,1.9001853,4.4145,-9.640056,-1.8496926,2.5995193,0.07053045,0.000000
22,2,0,0,0,0,0.752401,1.5708373,1.8254876,4.183847,-20.713001,-2.6560583,-9.222499,0.05975978,0.000000
22,2,0,0,0,0,0.734063,1.606509,1.9136244,4.3579926,5.560588,-1.5453662,-8.40465,0.017054075,0.000000
22,2,0,0,0,0,0.652166,1.6746004,1.900419,4.373968,-11.171333,-2.4993632,-8.928077,0.13198471,0.000000
22,2,0,0,0,0,0.641923,1.5021302,1.8718667,4.400075,22.906818,-0.78910637,-3.8665688,-0.0012173231,0.000000
22,2,0,0,0,0,0.583879,1.6199901,1.9139144,4.485799,-32.76226,-2.9070675,-4.0027223,-0.16781494,0.000000
22,2,0,0,0,0,0.230191,1.8390089,2.2005477,5.3138304,-27.505157,-2.3816495,-13.362829,-0.011287121,0.000000
23,2,0,0,0,0,0.810270,2.0547729,2.0400352,4.685157,0.38622808,-1.1175935,0.013083279,0.0022238612,0.000000
23,2,0,0,0,0,0.791165,1.5107999,1.7978987,4.1231666,-10.437124,-1.80826,2.486956,0.07653854,0.000000
23,2,0,0,0,0,0.786995,1.6407651,1.9231704,4.6960807,-12.140047,-2.4465322,-8.864833,0.05583373,0.000000
23,2,0,0,0,0,0.786843,1.5565562,1.8077244,4.110981,49.49008,0.26217282,-2.9237819,0.10471918,0.000000
23,2,0,0,0,0,0.772149,1.4900789,1.8243439,4.237436,11.156294,-1.4325578,-8.24782,-0.055253267,0.000000
23,2,0,0,0,0,0.753134,1.6404936,1.8653729,4.32349,-21.758347,-2.6289907,-9.221337,0.024442557,0.000000
23,2,0,0,0,0,0.722323,1.6875364,1.9340682,4.4220624,4.6704655,-1.468293,-8.275007,0.015903214,0.000000
23,2,0,0,0,0,0.702664,1.4646593,1.8438426,4.266185,23.536415,-0.69117194,-3.9534707,0.035195116,0.000000
23,2,0,0,0,0,0.407083,1.6071085,2.0017447,4.658012,-32.561584,-2.454229,-3.8785706,-0.077295244,0.000000
23,2,0,0,0,0,0.234000,1.7438647,2.1040297,4.9478025,-27.917122,-2.2188299,-13.070868,-0.38431072,0.000000
23,2,0,0,0,0,0.217807,1.6443458,1.9147702,4.48296,-41.31643,-3.3165753,-9.870064,-0.089932546,0.000000
24,2,0,0,0,0,0.842746,1.4731098,1.8200893,4.1326237,50.341137,0.3065911,-3.0669835,0.07599475,0.000000
24,2,0,0,0,0,0.811168,1.8452607,1.9415143,4.457149,0.9715419,-1.2395853,0.073117435,0.005580613,0.000000
24,2,0,0,0,0,0.797758,1.4427732,1.8043551,4.1135607,10.2726,-1.5290442,-8.34472,0.015462269,0.000000
24,2,0,0,0,0,0.743151,1.6021051,1.886039,4.42462,-12.926613,-2.5039623,-8.838594,0.01589984,0.000000
24,2,0,0,0,0,0.741801,1.6007202,1.8395447,4.2385807,-22.491375,-2.6968756,-9.206221,-0.016490435,0.000000
24,2,0,0,0,0,0.618505,1.5388799,1.8984892,4.532885,3.6794114,-1.6797597,-8.371012,0.027087675,0.000000
24,2,0,0,0,0,0.617127,1.5870098,1.8834468,4.1823163,-11.135161,-1.8922796,2.5805972,0.09517309,0.000000
24,2,0,0,0,0,0.592671,1.4782114,1.8563998,4.2776237,24.273056,-0.6791301,-3.8376722,-0.07342843,0.000000
24,2,0,0,0,0,0.520163,1.5887059,1.871863,4.111535,-31.412811,-2.5900693,-3.7985966,-0.14744565,0.000000
24,2,0,0,0,0,0.225320,1.8046649,2.1172872,4.951432,-29.089848,-2.2438526,-13.092645,-0.27933645,0.000000
25,2,0,0,0,0,0.884404,1.4660587,1.7942476,4.0321074,50.282272,0.36085144,-3.2553902,0.16103023,0.000000
25,2,0,0,0,0,0.833403,1.5819383,1.8623173,4.2994986,8.415413,-1.5943779,-8.412167,0.033225022,0.000000
25,2,0,0,0,0,0.797536,1.6776015,1.9332123,4.6133494,-13.084092,-1.9420271,2.5289617,0.08270145,0.000000
25,2,0,0,0,0,0.768473,2.006845,1.9920769,4.5385647,0.55238104,-1.1675081,0.14888895,-0.013585643,0.000000
25,2,0,0,0,0,0.755903,1.622365,1.9030845,4.3357973,1.944993,-1.5898948,-8.462639,0.045615498,0.000000
25,2,0,0,0,0,0.682512,1.6918256,1.9561626,4.44365,-31.7784,-2.7234817,-3.9540377,-0.021394785,0.000000
25,2,0,0,0,0,0.585992,1.4681551,1.89282,4.4738746,23.950272,-0.68687016,-3.934083,-0.14832121,0.000000
25,2,0,0,0,0,0.574076,1.6106108,1.8904891,4.2891283,-14.381925,-2.5049877,-8.877911,0.06281817,0.000000
25,2,0,0,0,0,0.546244,1.6142031,1.8275855,4.2763596,-24.320593,-2.7403708,-9.252588,0.028477866,0.000000
25,2,0,0,0,0,0.407415,1.5903113,1.924774,4.146373,19.171274,-0.2785468,-30.678186,0.14365865,0.000000
25,2,0,0,0,0,0.250737,1.7833173,2.181275,5.2166624,-30.899994,-2.3605826,-13.132639,-0.14699003,0.000000
25,2,0,0,0,0,0.226812,1.7486053,2.026081,4.4980087,-27.95771,-1.7519841,9.391153,-0.6573353,0.000000
26,2,0,0,0,0,0.815413,1.5832994,1.8562882,4.243628,7.217238,-1.6391178,-8.4753475,-0.070963606,0.000000
26,2,0,0,0,0,0.795056,1.554453,1.8927801,4.366666,0.6868286,-1.6699802,-8.628452,0.040079795,0.000000
26,2,0,0,0,0,0.791386,1.6437863,1.9159833,4.563909,-14.193283,-1.9539603,2.485738,0.05993849,0.000000
26,2,0,0,0,0,0.743011,1.8430179,1.9071611,4.3093314,0.5516658,-1.2531245,0.10019636,-0.0030046552,0.000000
26,2,0,0,0,0,0.732136,1.532979,1.8003442,4.0266404,50.97785,0.3669696,-3.3529375,0.11396679,0.000000
26,2,0,0,0,0,0.698615,1.618763,1.9017103,4.5766683,-15.732098,-2.6086948,-8.869052,0.025826354,0.000000
26,2,0,0,0,0,0.665431,1.4884924,1.9152617,4.5125504,23.98711,-0.67107993,-4.04593,-0.15722638,0.000000
26,2,0,0,0,0,0.570696,1.6677015,1.9501884,4.300043,17.43983,-0.37177357,-30.808199,-0.0151536465,0.000000
26,2,0,0,0,0,0.541583,1.5122037,1.816124,4.133423,-31.302162,-2.938952,-3.707076,-0.18260895,0.000000
26,2,0,0,0,0,0.521731,1.5938127,1.867526,4.411774,-25.643093,-2.9205709,-9.123653,-0.007852301,0.000000
26,2,0,0,0,0,0.269582,2.0122418,2.321459,5.7024446,-32.44206,-2.4008965,-13.321278,-0.011130273,0.000000
26,2,0,0,0,0,0.252108,1.723729,2.0708156,4.9117155,-29.449112,-1.8882712,9.638447,-0.6741658,0.000000
27,2,0,0,0,0,0.887779,1.5172923,1.7977413,4.056111,51.398872,0.4699808,-3.5129824,0.085205786,0.000000
27,2,0,0,0,0,0.828212,1.5138812,1.8161548,4.222724,5.750528,-1.7035861,-8.462141,-0.025239097,0.000000
27,2,0,0,0,0,0.803948,1.5154123,1.902591,4.4646263,24.276186,-0.5976751,-4.2065315,-0.05070355,0.000000
27,2,0,0,0,0,0.761166,1.5869749,1.8594941,4.4173784,-17.375961,-2.627052,-8.880973,0.027385479,0.000000
27,2,0,0,0,0,0.754634,1.5808188,1.8823748,4.417798,-0.54418087,-1.7848225,-8.60281,0.042080704,0.000000
27,2,0,0,0,0,0.697753,1.6614673,1.8354673,4.171971,0.5826082,-1.3234605,0.07139668,0.0037487699,0.000000
27,2,0,0,0,0,0.675357,1.6256378,1.8643005,4.330385,-27.022848,-2.8057497,-9.143066,-0.029946305,0.000000
27,2,0,0,0,0,0.657050,1.5677799,1.8306918,4.205432,-15.56171,-2.0313015,2.5601225,-0.0029638577,0.000000
27,2,0,0,0,0,0.596467,1.5465697,1.8700811,4.3698535,-31.325323,-2.8182015,-3.5961556,-0.02609073,0.000000
27,2,0,0,0,0,0.321618,1.6502838,1.9331092,4.3174763,16.433125,-0.27675468,-30.646013,0.12348681,0.000000
27,2,0,0,0,0,0.223688,1.7467737,2.067129,4.7541275,-33.30845,-2.4909327,-13.476119,-0.1440482,0.000000
27,2,0,0,0,0,0.217120,2.7211463,2.7429073,7.5915604,-22.221937,-1.0954072,-21.1618,0.045813005,0.000000
28,2,0,0,0,0,0.831305,1.4987124,1.8227564,4.235015,4.316282,-1.5807681,-8.641475,0.017677499,0.000000
28,2,0,0,0,0,0.816649,1.5001669,1.8852558,4.441469,24.07002,-0.57463753,-4.2681313,-0.040641934,0.000000
28,2,0,0,0,0,0.792725,1.5007977,1.7576357,3.9492671,51.8193,0.43760127,-3.6951537,0.03335098,0.000000
28,2,0,0,0,0,0.790323,1.6010898,1.8489835,4.1865144,-16.998793,-1.8455083,2.6153936,0.02128638,0.000000
28,2,0,0,0,0,0.690304,1.8216563,2.0183196,4.5557494,-30.830011,-2.4116142,-3.8077824,-0.058426525,0.000000
28,2,0,0,0,0,0.688953,1.5343611,1.8997416,4.3911004,-2.3213196,-1.6259952,-8.629244,0.09948887,0.000000
28,2,0,0,0,0,0.653500,1.654742,1.8850716,4.4475513,-28.48068,-2.8172987,-9.143266,-0.039832383,0.000000
28,2,0,0,0,0,0.636408,2.0272079,1.9845033,4.542838,0.24670076,-1.0102587,0.109498516,-0.04255393,0.000000
28,2,0,0,0,0,0.623526,1.5239332,1.8166279,4.160679,-18.703402,-2.4580317,-8.852907,0.0069669317,0.000000
28,2,0,0,0,0,0.378131,1.7980671,2.1322536,5.081603,-35.077522,-2.3776124,-13.419125,-0.048177794,0.000000
28,2,0,0,0,0,0.360903,1.6433058,1.9065349,4.1355467,14.960955,-0.47778746,-30.931953,0.114852,0.000000
29,2,0,0,0,0,0.826968,1.5202869,1.8126774,4.161695,52.36135,0.38361233,-3.8871155,0.079628296,0.000000
29,2,0,0,0,0,0.819525,1.538978,1.895107,4.407385,-3.5225267,-1.6437614,-8.759435,0.035574157,0.000000
29,2,0,0,0,0,0.815222,1.5157423,1.885199,4.469634,24.036413,-0.6152184,-4.304178,-0.026440103,0.000000
29,2,0,0,0,0,0.800399,1.686007,1.9175292,4.482643,-18.57502,-1.7026207,2.4849987,0.061088994,0.000000
29,2,0,0,0,0,0.763680,1.5338386,1.8482046,4.225379,2.5396996,-1.5846632,-8.649687,-0.07184898,0.000000
29,2,0,0,0,0,0.561481,1.9893243,1.9700196,4.503711,-0.006462574,-0.96718293,0.09176296,-0.0010261221,0.000000
29,2,0,0,0,0,0.527806,1.5973666,1.9232472,4.3182354,-30.961782,-2.2402859,-3.6460423,-0.062553264,0.000000
29,2,0,0,0,0,0.518486,1.6288857,1.893737,4.4393463,-20.217638,-2.553958,-8.827916,0.062005624,0.000000
29,2,0,0,0,0,0.349413,1.6549449,1.9284966,4.679654,-29.698523,-2.632004,-9.056077,0.016666034,0.000000
29,2,0,0,0,0,0.318113,1.6408132,1.9092705,4.213418,13.068048,-0.4306507,-31.00047,0.18649626,0.000000
29,2,0,0,0,0,0.268015,1.6991334,2.0312414,4.75066,-24.578655,-2.3545196,-13.151743,0.07044208,0.000000
29,2,0,0,0,0,0.256715,1.722309,2.0473287,4.845548,-36.70751,-2.1703014,-13.615785,0.30499822,0.000000
30,2,0,0,0,0,0.798747,1.4852037,1.8531418,4.39119,23.991959,-0.6361644,-4.3435907,-0.052758906,0.000000
30,2,0,0,0,0,0.787843,1.5292877,1.8216987,4.2012353,1.6083531,-1.7137749,-8.645332,-0.048730902,0.000000
30,2,0,0,0,0,0.781461,1.5684004,1.8952651,4.4628243,-4.8933024,-1.797135,-8.672657,0.04087889,0.000000
30,2,0,0,0,0,0.759463,1.6609806,1.8818183,4.3002033,-19.812134,-1.7229457,2.6172767,0.04500695,0.000000
30,2,0,0,0,0,0.702399,1.5122244,1.8000145,4.2444077,53.02747,0.30808973,-3.9905162,0.066753,0.000000
30,2,0,0,0,0,0.641677,1.6593704,1.9177169,4.581715,-21.590897,-2.628204,-8.740169,-0.017031066,0.000000
30,2,0,0,0,0,0.586462,1.5907934,1.9089721,4.320797,-30.856117,-2.2047234,-3.5847194,-0.086582944,0.000000
30,2,0,0,0,0,0.533867,1.7320555,1.904918,4.221424,0.23241901,-1.0988499,0.005035445,0.050269924,0.000000
30,2,0,0,0,0,0.386082,1.6100975,1.9577539,4.3267717,11.909693,-0.4910472,-31.0347,0.07938555,0.000000
30,2,0,0,0,0,0.277837,2.0605967,2.3414888,5.8020115,-38.098083,-2.161615,-13.57746,0.18924023,0.000000
30,2,0,0,0,0,0.269217,1.7446089,1.9559588,4.6194983,-31.042791,-2.7201242,-8.957198,0.041401714,0.000000
30,2,0,0,0,0,0.229549,1.739877,2.082373,5.0024724,-26.280684,-2.4097395,-13.143648,-0.052692845,0.000000
31,2,0,0,0,0,0.776741,1.5319455,1.7682353,3.9831762,53.808346,0.41060883,-4.030642,0.118070215,0.000000
31,2,0,0,0,0,0.714422,1.5878462,1.8619523,4.234409,-20.528715,-1.8732462,2.591282,0.0854317,0.000000
31,2,0,0,0,0,0.707335,1.4777642,1.8745129,4.3303843,24.647825,-0.586602,-4.44405,-0.06680112,0.000000
31,2,0,0,0,0,0.700224,1.5204438,1.837867,4.2167096,0.76903963,-1.7061069,-8.777477,-0.068605706,0.000000
31,2,0,0,0,0,0.681052,1.6672926,1.9028183,4.1285863,-30.107735,-2.1984088,-3.5628583,-0.13992794,0.000000
31,2,0,0,0,0,0.661358,1.5011762,1.8645834,4.249598,-5.7973413,-1.8102211,-8.658141,0.09813734,0.000000
31,2,0,0,0,0,0.592958,2.0591466,2.0615625,4.5471025,0.48285007,-0.8861731,0.090589404,0.045424823,0.000000
31,2,0,0,0,0,0.510716,1.6495433,1.9108858,4.4755588,-22.363136,-2.5109985,-8.790951,-0.021286774,0.000000
31,2,0,0,0,0,0.425004,1.5918121,1.9085716,4.525867,-32.132477,-2.7270622,-8.821108,-0.09917941,0.000000
31,2,0,0,0,0,0.363233,1.5662944,1.8609965,4.119032,10.788027,-0.64335775,-30.924807,0.1142534,0.000000
31,2,0,0,0,0,0.283446,1.736456,1.9937645,4.415268,-33.70541,-1.741848,8.620401,-0.29056585,0.000000
31,2,0,0,0,0,0.235351,1.7293911,2.0434523,4.7335334,-38.4925,-2.34983,-13.296096,-0.010872851,0.000000
31,2,0,0,0,0,0.231003,1.5347341,1.9293822,4.5996494,5.9167814,-0.85910106,5.845069,0.07421501,0.000000
31,2,0,0,0,0,0.228132,2.691576,2.5592496,5.9995885,95.42853,1.9338665,-21.704144,-0.385186,0.000000
32,2,0,0,0,0,0.799829,1.5375478,1.8638592,4.3366156,-0.53923273,-1.8265067,-8.743975,-0.050548308,0.000000
32,2,0,0,0,0,0.780504,1.6251845,1.9145164,4.446669,-7.071459,-1.7620205,-8.709577,0.07414435,0.000000
32,2,0,0,0,0,0.749004,1.4713726,1.8769249,4.4085913,24.509222,-0.58382607,-4.496908,-0.06667277,0.000000
32,2,0,0,0,0,0.694548,1.6844983,1.9320661,4.424204,-29.708769,-2.2669826,-3.493526,-0.131854,0.000000
32,2,0,0,0,0,0.682960,1.9792392,2.0632982,4.608139,0.44294596,-0.9298712,0.10411605,0.05318739,0.000000
32,2,0,0,0,0,0.615962,1.6347402,1.9074917,4.443905,-21.848738,-1.9129096,2.6423392,0.040067084,0.000000
32,2,0,0,0,0,0.578662,1.5324017,1.7444773,3.9288378,54.61363,0.42893034,-4.126666,0.083559595,0.000000
32,2,0,0,0,0,0.569878,1.6949767,1.8914902,4.2591643,-33.23108,-2.7206218,-8.975281,0.03027999,0.000000
32,2,0,0,0,0,0.420361,1.6476835,1.9146727,4.5063195,-23.876558,-2.5530484,-8.726762,-0.013565714,0.000000
32,2,0,0,0,0,0.298513,1.7196424,1.9959393,4.464174,9.715598,-0.6064967,-31.123238,-0.038848694,0.000000
32,2,0,0,0,0,0.266041,1.7506862,2.0720992,4.8793516,-40.090927,-2.3482728,-13.341466,0.16246514,0.000000
33,2,0,0,0,0,0.815180,1.4499235,1.8634067,4.4598894,24.453278,-0.59402,-4.6147227,0.029006748,0.000000
33,2,0,0,0,0,0.806583,1.5522776,1.8071012,4.1425495,-1.6919823,-1.7255719,-8.746293,-0.0785141,0.000000
33,2,0,0,0,0,0.789499,1.5731863,1.8691461,4.274244,-8.312372,-1.8521316,-8.726281,0.057598896,0.000000
33,2,0,0,0,0,0.694957,1.6209991,1.8726047,4.253097,55.356167,0.52825224,-4.262722,0.080121204,0.000000
33,2,0,0,0,0,0.682641,1.7421482,1.9556406,4.5550942,-29.517649,-2.15301,-3.5491521,-0.096361764,0.000000
33,2,0,0,0,0,0.648345,1.8866645,2.036018,4.5541525,0.5337362,-0.9292697,0.12223974,0.028425079,0.000000
33,2,0,0,0,0,0.515437,1.6820153,1.9564149,4.626452,-24.824747,-2.5197957,-8.692972,-0.05427151,0.000000
33,2,0,0,0,0,0.494813,1.5270146,1.8453071,4.30265,-23.06905,-2.0660129,2.5734138,0.0705761,0.000000
33,2,0,0,0,0,0.255768,1.6936488,1.9300455,4.592145,-34.69912,-2.67998,-8.778354,-0.058607064,0.000000
33,2,0,0,0,0,0.244127,1.5919114,1.975777,4.515606,-27.734219,-2.171253,-14.289895,1.519763,0.000000
34,2,0,0,0,0,0.834221,1.4892173,1.8811748,4.5258765,24.06634,-0.5858122,-4.713635,0.040354148,0.000000
34,2,0,0,0,0,0.802710,1.5697976,1.8365152,4.167408,-3.34593,-1.7782462,-8.839502,-0.06908584,0.000000
34,2,0,0,0,0,0.777917,1.5546813,1.8397787,4.1831174,-9.811463,-1.9192886,-8.676334,0.10309692,0.000000
34,2,0,0,0,0,0.748848,1.6786578,1.9433899,4.46157,0.13346386,-1.0866528,0.007863432,0.051344343,0.000000
34,2,0,0,0,0,0.603895,1.5680623,1.8077595,3.993737,55.579857,0.5858815,-4.418372,0.10280589,0.000000
34,2,0,0,0,0,0.581336,1.6073334,1.8775539,4.2579856,-24.240417,-1.9812729,2.8354797,-0.11682122,0.000000
34,2,0,0,0,0,0.538774,1.6955533,1.9228222,4.4019656,-29.014847,-2.4284613,-3.7528024,-0.059759557,0.000000
34,2,0,0,0,0,0.246089,1.579678,1.9091777,4.5557027,-26.384167,-2.6590614,-8.700468,-0.07130879,0.000000
34,2,0,0,0,0,0.214425,1.8137884,2.021721,4.578757,-38.495277,-1.8278401,8.371784,-0.20028748,0.000000
34,2,0,0,0,0,0.206938,1.590841,1.8867819,4.4446077,-36.184692,-2.778799,-8.658686,-0.08403228,0.000000
34,2,0,0,0,0,0.206768,1.77111,1.969968,4.6677446,86.322395,1.5618894,8.351551,0.09000386,0.000000
35,2,0,0,0,0,0.873188,1.457791,1.8499016,4.415369,24.411976,-0.5366447,-4.7191668,0.060499005,0.000000
35,2,0,0,0,0,0.821313,1.5985041,1.8740548,4.316702,-4.3528004,-1.8905087,-8.747926,-0.09224939,0.000000
35,2,0,0,0,0,0.813609,1.5545549,1.8716365,4.291046,-10.755119,-2.0243149,-8.711094,0.05845081,0.000000
35,2,0,0,0,0,0.732832,1.6175315,1.8493302,4.153138,56.51037,0.7364559,-4.5282025,0.094933406,0.000000
35,2,0,0,0,0,0.688987,1.8569417,2.0460343,4.6898293,0.49035406,-1.0308304,0.07222602,0.175783,0.000000
35,2,0,0,0,0,0.663639,1.664102,1.8818738,4.2988067,-28.878126,-2.3930035,-3.5562582,-0.057074208,0.000000
35,2,0,0,0,0,0.619558,1.6037838,1.8851602,4.2899575,-25.405481,-2.1336966,2.557159,0.07372105,0.000000
35,2,0,0,0,0,0.399156,1.7184525,1.9042313,4.459027,-36.833614,-2.9574604,-8.984954,-0.029181128,0.000000
35,2,0,0,0,0,0.301390,1.622116,1.9379978,4.5227447,-27.125755,-2.842453,-8.621561,-0.035031315,0.000000
35,2,0,0,0,0,0.238482,1.7916493,2.1681702,5.088813,-43.87245,-2.6472514,-13.127177,0.19923818,0.000000
36,2,0,0,0,0,0.863770,1.452456,1.8551129,4.454047,23.945791,-0.5405313,-4.7952213,0.07255245,0.000000
36,2,0,0,0,0,0.785130,1.5483112,1.7863412,4.129076,-5.7374043,-2.0038602,-8.902412,-0.06284384,0.000000
36,2,0,0,0,0,0.721124,2.1299005,2.1708164,5.0024176,0.07566118,-0.9108262,0.059620857,0.11703395,0.000000
36,2,0,0,0,0,0.706110,1.5337207,1.860625,4.3606253,-12.254898,-2.1163497,-8.661504,0.01947483,0.000000
36,2,0,0,0,0,0.545404,1.5570691,1.786639,3.8755677,56.87533,0.8374133,-4.7169423,0.07817161,0.000000
36,2,0,0,0,0,0.540031,1.6145025,1.9356935,4.550424,-27.00133,-2.190133,2.625474,0.06703134,0.000000
36,2,0,0,0,0,0.497253,1.4931129,1.8062652,4.094847,-28.74128,-2.71508,-3.6070013,0.0122949,0.000000
36,2,0,0,0,0,0.270239,1.6739216,1.9451284,4.423582,-45.01203,-2.8769252,-13.004365,-0.04650016,0.000000
36,2,0,0,0,0,0.205335,1.9010558,1.9963461,4.56285,91.45527,1.5590911,-13.60289,0.0082576,0.000000
37,2,0,0,0,0,0.864189,1.5668633,1.835626,4.2726965,-6.58687,-2.028789,-8.908457,-0.046900995,0.000000
37,2,0,0,0,0,0.861647,1.469666,1.8778213,4.558516,24.20797,-0.52080226,-4.851054,0.061989963,0.000000
37,2,0,0,0,0,0.793291,1.5634501,1.8092958,4.005148,57.905277,0.9598708,-4.808926,0.07616963,0.000000
37,2,0,0,0,0,0.720564,1.5628122,1.8414956,4.159692,-13.217823,-2.261475,-8.730751,0.007742836,0.000000
37,2,0,0,0,0,0.669121,1.6277155,1.9086139,4.3490014,-27.743801,-2.3532772,2.680327,0.015901592,0.000000
37,2,0,0,0,0,0.552797,1.7339025,1.9390491,4.109923,0.7788162,-1.0834947,0.10892765,-0.057895433,0.000000
37,2,0,0,0,0,0.531464,1.5877123,1.8236947,4.159253,-28.253895,-2.6078947,-3.5582356,-0.13039583,0.000000
37,2,0,0,0,0,0.223370,2.3755503,2.396649,8.429836,-46.469055,-2.3102438,-19.845497,0.7317101,0.000000
38,2,0,0,0,0,0.846731,1.4527354,1.8665961,4.518393,23.982687,-0.55150485,-4.913493,-0.030394917,0.000000
38,2,0,0,0,0,0.799658,1.5580635,1.8500822,4.405686,-7.898927,-2.1852264,-9.006813,-0.084991634,0.000000
38,2,0,0,0,0,0.728132,2.1425562,2.1721835,5.0213547,0.108011246,-0.9587103,0.09692603,0.038044896,0.000000
38,2,0,0,0,0,0.597207,1.6203775,1.9066857,4.3151793,-29.007133,-2.4583728,2.7543569,-0.07620962,0.000000
38,2,0,0,0,0,0.594937,1.6157842,1.8816478,4.2875457,58.726974,0.99783736,-4.94359,0.05463148,0.000000
38,2,0,0,0,0,0.552187,1.5227711,1.8990372,4.4586105,-14.695909,-2.2823071,-8.749981,-0.05197699,0.000000
38,2,0,0,0,0,0.542200,1.6232493,1.8837273,4.1487074,-28.187206,-2.4202774,-3.6235514,-0.031197226,0.000000
38,2,0,0,0,0,0.420977,1.6538992,1.9813858,4.6188135,-30.74889,-2.92339,-8.582655,-0.15089408,0.000000
38,2,0,0,0,0,0.257169,1.7687752,1.925591,4.4077525,81.506744,1.9131126,7.859099,0.17338166,0.000000
39,2,0,0,0,0,0.799832,1.4730353,1.8609626,4.427525,23.76789,-0.51420623,-5.0859795,-0.002360158,0.000000
39,2,0,0,0,0,0.791485,1.5675161,1.8201016,4.029604,59.153236,1.0395315,-5.2553988,0.04272601,0.000000
39,2,0,0,0,0,0.655302,1.5271163,1.80989,4.080302,-9.18507,-2.2667696,-9.105215,-0.081039235,0.000000
39,2,0,0,0,0,0.641088,1.631465,1.9127386,4.356004,-27.912003,-2.4952264,-3.571116,-0.04200677,0.000000
39,2,0,0,0,0,0.627922,2.1286206,2.0565898,4.461319,0.123122215,-0.8630018,0.023551643,-0.06045405,0.000000
39,2,0,0,0,0,0.609117,1.648211,1.8838582,4.1439567,-30.344648,-2.5433502,2.849258,-0.03837748,0.000000
39,2,0,0,0,0,0.422532,1.6544889,1.8654771,4.4219704,-15.8506565,-2.4489827,-8.723639,-0.044333607,0.000000
39,2,0,0,0,0,0.352533,1.5965564,1.9493177,4.537909,-32.145576,-3.1967835,-8.498052,-0.15328488,0.000000
39,2,0,0,0,0,0.202313,3.544188,2.9513826,18.463844,-30.18695,-0.5213997,15.578269,-0.018583618,0.000000
40,2,0,0,0,0,0.784557,1.4957678,1.8667519,4.47271,23.685898,-0.48447323,-5.220296,0.07173394,0.000000
40,2,0,0,0,0,0.759440,1.5995318,1.8372874,4.0975866,59.95964,1.108493,-5.3166294,0.090173885,0.000000
40,2,0,0,0,0,0.757073,1.5730726,1.818371,4.1820827,-10.286822,-2.2460628,-8.964039,-0.07517583,0.000000
40,2,0,0,0,0,0.738015,1.586179,1.8607584,4.2045097,-31.31212,-2.4782574,2.7250187,0.043539986,0.000000
40,2,0,0,0,0,0.663397,1.5438739,1.8550683,4.2083683,-27.4971,-2.4472826,-3.4895654,-0.09130259,0.000000
40,2,0,0,0,0,0.651983,1.5949504,1.8762336,4.304136,-17.099443,-2.3306332,-8.735332,0.0030808474,0.000000
40,2,0,0,0,0,0.649221,2.1544006,2.080863,4.591611,-0.018017769,-0.81248266,0.079761624,-0.03926372,0.000000
40,2,0,0,0,0,0.337077,1.5903842,1.9569538,4.4607615,-32.864304,-3.1156995,-8.76076,-0.11497781,0.000000
40,2,0,0,0,0,0.220770,1.6863537,1.8808842,4.214228,88.11014,1.7884119,-13.798267,0.22745684,0.000000
40,2,0,0,0,0,0.219948,1.6055804,1.9419206,4.3571706,-25.25256,-2.0349586,6.09251,-0.09503501,0.000000
40,2,0,0,0,0,0.202866,3.5923674,2.9644828,17.796474,-31.720028,-0.52840704,15.723864,0.054201253,0.000000
41,2,0,0,0,0,0.780723,1.4855108,1.8648479,4.4759526,23.833305,-0.47705978,-5.2401586,0.03950972,0.000000
41,2,0,0,0,0,0.762796,2.20462,2.0811267,4.679247,0.14139605,-0.77019876,-0.024648428,-0.0053823125,0.000000
41,2,0,0,0,0,0.751493,1.6980907,1.91127,4.3150077,-26.864094,-2.2137153,-3.5604908,-0.042746425,0.000000
41,2,0,0,0,0,0.709442,1.640585,1.8123766,4.123548,-11.238007,-2.2234552,-9.041684,0.021822084,0.000000
41,2,0,0,0,0,0.685643,1.567061,1.8339541,4.222287,-17.827385,-2.3532443,-8.6631365,0.12139562,0.000000
41,2,0,0,0,0,0.679691,1.5877855,1.8426927,4.0776243,61.018246,1.047423,-5.459298,0.043371715,0.000000
41,2,0,0,0,0,0.578824,1.7516476,1.9503614,4.3691297,-31.812454,-2.44253,2.7955923,-0.0019171976,0.000000
41,2,0,0,0,0,0.273244,1.6012433,1.9300456,4.4772167,-34.38681,-2.9098902,-8.6908245,0.013563259,0.000000
41,2,0,0,0,0,0.268426,1.722164,2.0282135,4.261012,30.87093,0.86970925,31.18595,-0.5163213,0.000000
41,2,0,0,0,0,0.214980,1.609066,1.9688184,4.385738,-24.298965,-1.7523456,-13.749819,1.2365001,0.000000
42,2,0,0,0,0,0.826392,1.5833563,1.8189896,4.0547857,61.917877,0.77574456,-5.592809,0.12271801,0.000000
42,2,0,0,0,0,0.804492,1.5900851,1.8997676,4.391513,-26.608904,-2.0433185,-3.5908809,-0.060587436,0.000000
42,2,0,0,0,0,0.800823,2.1174586,2.0941257,4.7590046,0.40250015,-0.7390494,0.03885871,-0.021184742,0.000000
42,2,0,0,0,0,0.792364,1.5904334,1.807482,4.163475,-12.35343,-2.1179118,-9.119094,0.008715741,0.000000
42,2,0,0,0,0,0.702096,1.4791065,1.8608091,4.509209,23.756184,-0.54418683,-5.340521,0.039566144,0.000000
42,2,0,0,0,0,0.672777,1.676201,1.9325399,4.437286,-33.419586,-1.9496036,2.6875267,-0.04544325,0.000000
42,2,0,0,0,0,0.438934,1.62168,1.8892975,4.418306,-18.876778,-2.2428374,-8.483526,-0.09637593,0.000000
42,2,0,0,0,0,0.325851,1.4899509,1.8911688,4.235786,-34.896824,-2.7875664,-8.52384,-0.07211255,0.000000
42,2,0,0,0,0,0.209057,1.8706003,2.106449,4.58067,29.71191,0.9242239,33.45086,-0.60104764,0.000000
43,2,0,0,0,0,0.858068,2.2321348,2.147812,4.973744,0.07197285,-0.57974213,0.04385148,0.04844439,0.000000
43,2,0,0,0,0,0.782829,1.8140857,1.9823202,4.618763,-26.82998,-1.6583741,-3.5898316,-0.07698361,0.000000
43,2,0,0,0,0,0.754689,1.5713141,1.7865205,4.0390553,-13.71801,-1.8559504,-9.016541,-0.012867816,0.000000
43,2,0,0,0,0,0.708782,1.5917184,1.8592005,4.3039927,-20.230932,-1.9259548,-8.801921,-0.03524899,0.000000
43,2,0,0,0,0,0.678118,1.6504152,1.8888052,4.3313246,-34.759754,-1.5572077,2.84559,-0.029936187,0.000000
43,2,0,0,0,0,0.663066,1.5922104,1.9000801,4.643479,62.4851,0.480194,-5.6373405,0.12171261,0.000000
43,2,0,0,0,0,0.640363,1.5033944,1.8342133,4.352138,23.37316,-0.5413829,-5.395686,0.005255475,0.000000
43,2,0,0,0,0,0.362918,1.6289284,1.9223495,4.4924703,-36.3283,-2.4789343,-8.4174595,-0.13497381,0.000000
43,2,0,0,0,0,0.206232,1.8291888,1.9324557,4.3483415,79.28438,1.0168943,8.071444,0.14729849,0.000000
44,2,0,0,0,0,0.857531,2.2515268,2.1285095,4.8247247,0.4462161,-0.41677448,0.035522133,-0.016269872,0.000000
44,2,0,0,0,0,0.807432,1.58642,1.7980785,4.0560703,-14.448217,-1.7287424,-9.078603,0.0153969135,0.000000
44,2,0,0,0,0,0.742733,1.5425553,1.8119054,4.0992274,-20.971436,-1.5827923,-8.887622,0.0015750232,0.000000
44,2,0,0,0,0,0.729061,1.5975071,1.8306352,4.0951777,63.69316,0.56090975,-5.7158213,0.08266371,0.000000
44,2,0,0,0,0,0.722714,1.5528238,1.870685,4.277385,-25.717813,-1.6940382,-3.6261632,-0.19318205,0.000000
44,2,0,0,0,0,0.700686,1.7298064,1.9486748,4.3508053,-35.660797,-1.4558542,2.759575,0.0156921,0.000000
44,2,0,0,0,0,0.599155,1.4827509,1.8496923,4.4645214,23.538858,-0.5130859,-5.4644485,0.024985028,0.000000
44,2,0,0,0,0,0.538759,1.5626211,1.89358,4.484071,-37.633545,-2.0039515,-8.453898,-0.104576424,0.000000
44,2,0,0,0,0,0.392132,3.6954322,2.8318436,7.6867347,91.87005,2.1274424,-11.640739,0.13743834,0.000000
44,2,0,0,0,0,0.300139,1.7584727,1.9223008,4.3669024,81.028244,1.1581101,8.153074,0.115886405,0.000000
44,2,0,0,0,0,0.244320,1.9106092,2.1052592,4.662541,94.08072,1.3638525,-27.5023,-0.05875528,0.000000
44,2,0,0,0,0,0.203954,1.6236893,1.9580415,4.5422754,68.86052,0.056737244,-23.938694,1.919362,0.000000
45,2,0,0,0,0,0.853898,2.1315975,2.0672052,4.6859136,0.53687143,-0.42868382,-0.00038839877,0.011543367,0.000000
45,2,0,0,0,0,0.820182,1.5902164,1.827152,4.046058,64.17669,0.8585418,-5.81213,0.053726763,0.000000
45,2,0,0,0,0,0.746972,1.6717159,1.931792,4.468865,-25.73276,-1.6900396,-3.612485,-0.09466408,0.000000
45,2,0,0,0,0,0.714459,1.8511187,2.0380049,4.704802,-36.503372,-1.5404775,2.8687203,-0.0936039,0.000000
45,2,0,0,0,0,0.689793,1.5204644,1.7750082,3.9957752,-15.448154,-1.9757426,-9.0146475,-0.095974684,0.000000
45,2,0,0,0,0,0.599727,1.5812751,1.809927,4.141182,-21.79087,-1.7447398,-8.909373,-0.009109664,0.000000
45,2,0,0,0,0,0.578373,1.4504361,1.8364432,4.3874516,23.770327,-0.40866822,-5.530261,0.04599426,0.000000
45,2,0,0,0,0,0.454555,1.5862484,1.9034972,4.443363,-38.733772,-2.292153,-8.351383,-0.00014294287,0.000000
45,2,0,0,0,0,0.367811,1.7149286,1.8929543,4.245554,79.52008,1.4172139,7.9128923,0.10352385,0.000000
45,2,0,0,0,0,0.244880,2.2696705,2.31862,5.7655063,94.1533,1.9771719,-27.73288,0.05391134,0.000000
45,2,0,0,0,0,0.234085,1.6187023,1.9412346,4.4859962,68.35897,0.33449274,-23.989685,2.2094135,0.000000
46,2,0,0,0,0,0.844818,1.9266576,2.0339475,4.666633,0.30223513,-0.79329085,0.043296397,-0.010930749,0.000000
46,2,0,0,0,0,0.754452,1.720698,1.9170327,4.4149995,-25.360409,-2.0730307,-3.7263725,0.039475333,0.000000
46,2,0,0,0,0,0.679740,1.6296566,1.8095436,4.0048103,-22.972351,-2.1888077,-8.769237,0.089686766,0.000000
46,2,0,0,0,0,0.618640,1.4457527,1.8335071,4.3475304,23.571905,-0.43982667,-5.564611,0.06550409,0.000000
46,2,0,0,0,0,0.582642,1.5829256,1.785295,4.036089,-16.28355,-2.0769038,-9.118397,-0.07354994,0.000000
46,2,0,0,0,0,0.526597,1.6858764,1.9471499,4.3545895,65.52007,1.2205002,-5.869227,0.16071913,0.000000
46,2,0,0,0,0,0.504773,1.5914364,1.8868942,4.1739025,-37.110252,-2.1113348,2.928575,-0.23302802,0.000000
46,2,0,0,0,0,0.359808,1.6915586,1.8701501,4.2302637,75.75743,1.5335655,7.5284414,0.18506452,0.000000
46,2,0,0,0,0,0.289179,3.6445415,2.9407914,8.701306,90.35322,3.1031015,-11.511886,0.1868505,0.000000
46,2,0,0,0,0,0.283601,1.5819359,1.9130745,4.5888453,-39.651558,-2.7682986,-8.432033,-0.15898965,0.000000
47,2,0,0,0,0,0.798303,1.8935034,1.9402761,4.40834,0.52753115,-0.81516963,0.003334105,-0.026215993,0.000000
47,2,0,0,0,0,0.707770,1.6031986,1.8346604,4.04259,-24.742943,-2.1161857,-3.9160118,-0.087429926,0.000000
47,2,0,0,0,0,0.681932,1.6260605,1.8437405,4.089906,65.90802,1.3314898,-6.0966496,0.11163193,0.000000
47,2,0,0,0,0,0.668238,1.4377298,1.824677,4.388153,23.438265,-0.4536012,-5.631089,0.033210713,0.000000
47,2,0,0,0,0,0.660019,1.5591713,1.8286833,4.186601,-23.86185,-2.512016,-8.852261,-0.0029922803,0.000000
47,2,0,0,0,0,0.538438,1.4921631,1.8140107,4.1919127,-38.24335,-2.5357456,2.719864,-0.11735019,0.000000
47,2,0,0,0,0,0.535774,1.612256,1.8811276,4.294866,-17.49301,-2.402921,-8.993763,-0.013488382,0.000000
47,2,0,0,0,0,0.317734,1.601552,1.8790407,4.400363,-39.807934,-3.4219317,-8.628424,0.018771984,0.000000
47,2,0,0,0,0,0.209189,3.5535412,2.9850414,9.287823,89.29805,3.0811858,-11.861951,0.119149506,0.000000
48,2,0,0,0,0,0.773452,1.6386125,1.853515,4.2024083,-25.029007,-2.23593,-3.9281354,-0.057237525,0.000000
48,2,0,0,0,0,0.704192,1.6976889,1.9005337,4.485424,0.020815372,-1.0255518,-0.021642208,-0.04173081,0.000000
48,2,0,0,0,0,0.599802,1.6454169,1.9037584,4.3430943,-39.543224,-2.5792408,2.8649921,-0.07854403,0.000000
48,2,0,0,0,0,0.587327,1.4322002,1.8004694,4.3303866,22.83158,-0.48999605,-5.763165,-0.03335769,0.000000
48,2,0,0,0,0,0.533857,1.6832919,1.9202678,4.3039045,66.47919,1.3841016,-6.1237,0.09580882,0.000000
48,2,0,0,0,0,0.527690,1.5953019,1.8057756,4.092126,-25.374992,-2.6346803,-8.924365,-0.03868751,0.000000
48,2,0,0,0,0,0.471656,1.5510509,1.8415532,3.9035244,-19.002993,-2.4113178,-9.06002,-0.051229276,0.000000
48,2,0,0,0,0,0.293101,1.7812247,2.0551932,4.833018,-42.26039,-3.3180773,-8.445039,-0.056191757,0.000000
48,2,0,0,0,0,0.281615,1.4551585,1.7929733,4.184475,64.81044,0.47927582,-23.467709,-0.101840585,0.000000
48,2,0,0,0,0,0.220189,1.512214,1.8409617,4.152069,-33.0334,-2.5561905,6.0210094,-0.089546815,0.000000
48,2,0,0,0,0,0.215095,3.7057986,3.037734,10.779276,88.72427,3.133908,-11.534485,0.2317517,0.000000
49,2,0,0,0,0,0.792186,1.6180143,1.8411112,4.174076,-23.598518,-0.7624387,-3.3277411,-0.060432263,0.000000
49,2,0,0,0,0,0.730677,1.948772,1.9809154,4.606677,0.9288583,0.5210346,0.579141,-0.01945623,0.000000
49,2,0,0,0,0,0.557339,1.4310279,1.7955425,4.358079,23.735382,0.74118483,-5.2778115,0.053820617,0.000000
49,2,0,0,0,0,0.461478,1.6418008,1.9292428,4.3236737,-18.724035,-1.2110764,-8.522221,-0.05908879,0.000000
49,2,0,0,0,0,0.453633,1.593601,1.8735075,4.1441355,68.293,2.3827121,-5.726506,0.113324426,0.000000
49,2,0,0,0,0,0.418981,1.6088171,1.8984541,4.3800006,-39.80602,-1.0180252,3.4236784,-0.21044938,0.000000
49,2,0,0,0,0,0.397940,1.6700348,1.9052118,4.4762554,-25.514122,-1.265604,-8.175449,0.07136057,0.000000
49,2,0,0,0,0,0.360506,1.5172629,1.8396018,3.961919,64.91802,1.4101856,-23.372097,-0.5972868,0.000000
50,2,0,0,0,0,0.718969,2.0154853,1.9802334,4.2645316,0.9917183,0.7321745,0.50990677,-0.039282605,0.000000
50,2,0,0,0,0,0.658183,1.6791563,1.8748006,4.2131066,69.303505,2.2948377,-5.675224,0.093428105,0.000000
50,2,0,0,0,0,0.638965,1.5606301,1.8393823,4.3318067,-23.37162,-0.62623936,-3.3222442,-0.1117229,0.000000
50,2,0,0,0,0,0.566739,1.4373423,1.7814697,4.187197,23.58992,0.78521,-5.310347,0.021168191,0.000000
50,2,0,0,0,0,0.509276,1.6335824,1.7921116,3.8757105,-26.317827,-0.77633387,-8.347623,-0.035071116,0.000000
50,2,0,0,0,0,0.493017,1.667397,1.8923004,4.2695856,-40.650974,-0.7605659,3.337509,-0.13777396,0.000000
50,2,0,0,0,0,0.468673,1.5515124,1.9414301,4.4677296,-7.650475,0.1806182,6.4926486,-0.13383685,0.000000
50,2,0,0,0,0,0.446088,1.5432768,1.847875,4.282678,-42.891094,-1.329319,-8.251621,0.028389502,0.000000
50,2,0,0,0,0,0.422053,1.5579607,1.9197786,4.408129,64.129555,1.2366264,-23.632818,-0.49759382,0.000000
50,2,0,0,0,0,0.379134,1.6176081,1.874341,4.2205076,-19.792261,-1.0070366,-8.408661,-0.12354467,0.000000
50,2,0,0,0,0,0.303453,1.7189994,1.9843973,4.5491433,25.666813,1.6142936,6.2916183,0.17153886,0.000000
50,2,0,0,0,0,0.206557,1.7083683,1.9176266,4.3517637,75.520065,2.5997026,8.552477,0.20466685,0.000000
51,2,0,0,0,0,0.747986,1.9643552,1.9788638,4.3642745,0.8858552,0.6559955,0.63635206,0.015849452,0.000000
51,2,0,0,0,0,0.627909,1.915478,1.9748923,4.545522,-23.131721,-0.29763114,-3.3848357,-0.032849133,0.000000
51,2,0,0,0,0,0.609476,1.6315126,1.8363154,4.219132,-27.394587,-0.79877263,-8.186261,-0.05184495,0.000000
51,2,0,0,0,0,0.562552,1.4585663,1.8781306,4.443384,23.439554,0.8327615,-5.4313374,0.019775927,0.000000
51,2,0,0,0,0,0.511064,1.5809324,1.8789322,4.3017006,-41.538773,-0.76510304,3.4545226,-0.13196006,0.000000
51,2,0,0,0,0,0.382374,1.7757757,1.9100162,4.475525,70.41312,2.3468995,-5.529402,0.18022835,0.000000
51,2,0,0,0,0,0.373552,1.6097996,1.9090352,4.272674,-20.77881,-1.0241449,-8.380819,-0.09972902,0.000000
51,2,0,0,0,0,0.357034,1.6320002,1.9113008,4.324966,63.110413,1.363663,-24.085686,2.3279016,0.000000
51,2,0,0,0,0,0.246538,1.7715955,1.9500691,4.3039594,75.43774,2.6884966,8.459784,0.009569994,0.000000
51,2,0,0,0,0,0.240382,1.7139179,2.0004678,4.5880256,24.63902,1.5357625,6.283863,0.28903872,0.000000
51,2,0,0,0,0,0.214399,1.5779996,1.9462571,4.541655,-8.128464,0.41476393,6.404709,-0.05245755,0.000000
52,2,0,0,0,0,0.737806,2.1125846,2.0323763,4.570472,0.75204325,0.66037047,0.59340745,0.081398256,0.000000
52,2,0,0,0,0,0.633794,1.4613006,1.8745586,4.409799,23.308247,0.88369066,-5.501933,-0.032195162,0.000000
52,2,0,0,0,0,0.579849,1.5505508,1.8087013,3.9925451,71.11049,2.5465927,-5.5241427,0.16815136,0.000000
52,2,0,0,0,0,0.547632,1.6992537,1.9563746,4.4827495,-22.75205,-0.4372372,-3.4695468,-0.07481074,0.000000
52,2,0,0,0,0,0.446689,1.643665,1.891243,4.278713,-42.296806,-0.9037357,3.641992,-0.23060983,0.000000
52,2,0,0,0,0,0.419911,1.5444217,1.8635428,4.066467,62.125977,1.6096239,-23.9394,-0.5396794,0.000000
52,2,0,0,0,0,0.356233,1.680711,1.8678641,4.1429586,-28.205917,-0.8459684,-8.197742,-0.107134804,0.000000
52,2,0,0,0,0,0.235783,1.6951033,1.9860616,4.5432324,23.982147,1.517763,6.2762384,0.23631516,0.000000
52,2,0,0,0,0,0.219387,1.816426,2.0576658,5.0918145,-37.057312,-0.4626789,6.9534845,-0.21113476,0.000000
52,2,0,0,0,0,0.204500,1.7606853,1.9176383,4.385807,73.733055,2.7512233,9.063145,0.10292588,0.000000
53,2,0,0,0,0,0.857321,1.5851376,1.8875235,4.409071,0.91413784,0.28322232,0.5711099,0.009161252,0.000000
53,2,0,0,0,0,0.736621,1.7442496,1.9076353,4.291691,72.193825,2.746649,-5.490905,0.073470674,0.000000
53,2,0,0,0,0,0.642176,1.446213,1.878654,4.4923167,23.156101,0.8078865,-5.494503,-0.0015124613,0.000000
53,2,0,0,0,0,0.568119,1.6134288,1.8721131,4.3078194,-43.33589,-1.1892741,3.474191,-0.16744918,0.000000
53,2,0,0,0,0,0.501956,1.6265283,1.9520367,4.4700727,-22.051554,-0.65893316,-3.4648514,-0.11477481,0.000000
53,2,0,0,0,0,0.482641,1.6641438,1.94803,4.3661957,-29.013767,-1.114766,-8.270449,-0.053571183,0.000000
53,2,0,0,0,0,0.368950,1.673579,1.9470472,4.4176626,61.204063,1.5641389,-24.289488,2.3904743,0.000000
53,2,0,0,0,0,0.318949,1.8808444,1.9804136,4.464826,-27.67558,-0.24129903,6.4330325,-0.20729071,0.000000
53,2,0,0,0,0,0.307479,1.5972925,1.9206715,4.2904997,-22.567232,-1.1910839,-8.565962,-0.09706594,0.000000
53,2,0,0,0,0,0.272157,3.9930403,2.9139042,9.725747,84.991936,3.9373457,-11.23105,0.15681897,0.000000
53,2,0,0,0,0,0.232548,1.5642424,1.8881242,4.291931,-45.66579,-1.6620903,-8.3678,0.109007135,0.000000
53,2,0,0,0,0,0.207635,1.6036556,1.9224007,4.348031,-37.07002,-0.8118436,6.126095,-0.13120204,0.000000
54,2,0,0,0,0,0.839219,2.2551844,2.1405787,4.9188137,1.106039,0.5843974,0.599543,-0.016733058,0.000000
54,2,0,0,0,0,0.760738,1.6349925,1.8892808,4.2332516,-21.776289,-0.811875,-3.5410104,-0.037795138,0.000000
54,2,0,0,0,0,0.719364,1.8178241,1.9778451,4.51014,73.11635,2.7923024,-5.3591156,0.14969464,0.000000
54,2,0,0,0,0,0.657533,1.4408779,1.8725497,4.4790015,23.036648,0.7708492,-5.5226398,-0.011609895,0.000000
54,2,0,0,0,0,0.637432,1.5738637,1.8295884,4.0661263,-29.930141,-1.3471628,-8.392165,0.04811605,0.000000
54,2,0,0,0,0,0.461120,1.5477743,1.8786662,4.2164187,-23.528069,-1.2864954,-8.60865,-0.04679359,0.000000
54,2,0,0,0,0,0.390192,1.5994813,1.9276929,4.3940783,59.94275,1.4596753,-24.192713,2.056932,0.000000
54,2,0,0,0,0,0.264846,3.8955731,3.0048985,10.203962,83.748886,4.15275,-11.239452,0.22751641,0.000000
54,2,0,0,0,0,0.247386,1.556686,1.8899472,4.4360676,-11.079639,-0.091168225,5.996357,0.05137331,0.000000
54,2,0,0,0,0,0.224330,1.9062407,2.1877732,5.200891,47.83567,1.4226954,-19.340708,1.6400336,0.000000
55,2,0,0,0,0,0.835148,2.2058334,2.10489,4.827437,1.1097498,0.5762676,0.57132375,-0.011461396,0.000000
55,2,0,0,0,0,0.805398,1.6076272,1.8818715,4.296945,-21.34502,-0.74833894,-3.6428614,-0.075881556,0.000000
55,2,0,0,0,0,0.655147,1.453981,1.858288,4.36762,-30.852936,-1.268388,-8.517514,0.05951154,0.000000
55,2,0,0,0,0,0.654361,1.4308662,1.8674315,4.454839,22.906599,0.75854874,-5.5154953,-0.014055411,0.000000
55,2,0,0,0,0,0.439066,1.5852408,1.9393241,4.317568,59.033714,1.3798263,-24.171238,1.9589876,0.000000
55,2,0,0,0,0,0.433440,1.8899027,2.056761,4.780515,74.46799,2.9264715,-5.1331906,0.13034959,0.000000
55,2,0,0,0,0,0.400273,1.6616335,1.963691,4.447957,-24.474339,-1.2057824,-8.625973,-0.0271992,0.000000
55,2,0,0,0,0,0.328380,3.7516472,3.0464365,10.862629,83.554146,3.966002,-11.107421,0.19089536,0.000000
55,2,0,0,0,0,0.232718,1.7119114,2.0665913,4.7272916,83.30675,3.0400558,-2.1085007,1.3424227,0.000000
56,2,0,0,0,0,0.820349,2.2225833,2.1174345,4.7847605,0.9227567,0.6095979,0.72684747,-0.0715473,0.000000
56,2,0,0,0,0,0.819245,1.6495445,1.9117218,4.474309,-21.101583,-0.7685501,-3.7018523,-0.03511987,0.000000
56,2,0,0,0,0,0.685050,1.594658,1.8763776,4.277263,-31.65841,-1.4339457,-8.402568,0.025529439,0.000000
56,2,0,0,0,0,0.664698,1.4564569,1.8764858,4.4464693,22.804403,0.7791431,-5.526739,-0.008360757,0.000000
56,2,0,0,0,0,0.599806,1.5097332,1.8670188,4.2649913,-25.052982,-1.1752567,-8.590043,-0.07292268,0.000000
56,2,0,0,0,0,0.456015,1.6824656,1.9738507,4.2086473,75.18512,3.0410037,-5.037054,0.27633995,0.000000
56,2,0,0,0,0,0.345583,3.7846432,3.0593073,12.299601,83.18413,4.0055737,-10.804537,0.21855867,0.000000
56,2,0,0,0,0,0.307931,2.233333,2.1215467,4.9905233,-29.842339,-0.22392261,6.13081,-0.15577298,0.000000
56,2,0,0,0,0,0.218699,1.7115586,2.0505056,4.6713214,83.238464,2.909061,-2.2058287,1.3646919,0.000000
56,2,0,0,0,0,0.216490,1.6167595,1.9377863,4.3732767,58.060196,1.3776865,-23.17335,1.4734398,0.000000
57,2,0,0,0,0,0.823718,1.6777205,1.8924911,4.301104,-20.67032,-0.7292186,-3.809851,-0.05073995,0.000000
57,2,0,0,0,0,0.821371,2.165957,2.051151,4.661274,1.1148863,0.6223945,0.5372884,0.009047221,0.000000
57,2,0,0,0,0,0.695819,1.4768243,1.8772774,4.401782,22.718973,0.7872447,-5.560445,-0.040238913,0.000000
57,2,0,0,0,0,0.408755,1.5764511,1.9263566,4.2300143,57.136055,1.3500626,-24.246195,1.667682,0.000000
57,2,0,0,0,0,0.380444,1.6440647,1.915772,4.552404,-32.456013,-1.4433424,-8.507461,0.036362782,0.000000
57,2,0,0,0,0,0.367922,1.8387609,2.0159278,4.4853525,76.13392,3.1706643,-4.8349724,0.2688105,0.000000
57,2,0,0,0,0,0.339465,1.4716476,1.8603663,4.168188,-25.395683,-1.199785,-8.647492,-0.15801594,0.000000
57,2,0,0,0,0,0.271762,1.5413473,1.8791685,4.2459483,-46.925247,-1.5642118,2.9993415,-0.076271474,0.000000
57,2,0,0,0,0,0.248097,1.6220398,1.9266052,4.371855,82.71565,2.945455,-1.8923006,1.2871827,0.000000
57,2,0,0,0,0,0.235253,4.0281744,3.2294738,10.747117,81.69594,4.0027194,-11.080601,0.21874122,0.000000
58,2,0,0,0,0,0.826599,1.6235807,1.9331971,4.590672,-21.141888,-0.7124001,-3.938751,-0.08304358,0.000000
58,2,0,0,0,0,0.795228,2.1361434,2.0313723,4.6153474,0.30713463,0.5664208,0.58320355,-0.010091331,0.000000
58,2,0,0,0,0,0.715381,1.4697769,1.8693947,4.376691,21.732521,0.775983,-5.5829306,-0.026841834,0.000000
58,2,0,0,0,0,0.585964,1.6500163,1.9590847,4.4078283,55.537262,1.5007066,-24.028149,1.5359433,0.000000
58,2,0,0,0,0,0.436981,1.6545765,1.9370677,4.4802017,-34.215828,-1.6234176,-8.446017,-0.101263866,0.000000
58,2,0,0,0,0,0.360086,1.6326816,1.9501595,4.50986,-27.730957,-1.4147696,-8.557806,-0.1478653,0.000000
58,2,0,0,0,0,0.357553,1.8571415,2.0221655,4.5645056,76.555214,3.4229398,-4.6493225,0.1955952,0.000000
58,2,0,0,0,0,0.260793,1.5230898,1.8467131,4.1173205,-48.295883,-1.6351477,2.773632,-0.024079172,0.000000
58,2,0,0,0,0,0.209706,2.0434322,2.032659,4.78092,-32.598595,-0.5172614,6.135083,-0.06764184,0.000000
58,2,0,0,0,0,0.200519,1.7189318,2.0161872,4.888618,-42.894554,-1.1089536,6.203906,-0.2337598,0.000000
59,2,0,0,0,0,0.823429,2.1811051,2.0793762,4.75516,0.9613972,0.5054553,0.58343637,-0.022805471,0.000000
59,2,0,0,0,0,0.816003,1.5823584,1.8597907,4.3063116,-19.89483,-0.862728,-3.9735951,-0.10516517,0.000000
59,2,0,0,0,0,0.733724,1.4809923,1.8752398,4.4012575,22.580599,0.7768923,-5.620815,-0.024472691,0.000000
59,2,0,0,0,0,0.542234,1.5963439,1.937855,4.3894825,55.574547,1.4291961,-24.133652,1.4753101,0.000000
59,2,0,0,0,0,0.347705,1.771157,1.9527701,4.3965425,78.16564,3.4334602,-4.2206025,0.45436233,0.000000
59,2,0,0,0,0,0.333546,1.5862904,1.9687423,5.095043,-14.019154,-0.45582747,5.805761,-0.031057075,0.000000
59,2,0,0,0,0,0.265157,1.6006962,1.9233272,4.5059576,-27.091595,-1.7321287,-8.505375,-0.17995389,0.000000
59,2,0,0,0,0,0.205962,2.0119536,2.2529206,5.1308913,43.972866,1.333065,-21.252785,1.5700402,0.000000
59,2,0,0,0,0,0.201304,2.2657413,2.3145108,5.481977,82.04702,2.6357968,-28.79238,-0.020717107,0.000000
60,2,0,0,0,0,0.823363,2.129673,2.0522006,4.683807,1.0019236,0.4474391,0.58145344,-0.05254797,0.000000
60,2,0,0,0,0,0.754724,1.6734316,1.9148579,4.403576,-19.309666,-1.1151438,-4.039369,-0.051593177,0.000000
60,2,0,0,0,0,0.713851,1.4704919,1.8708714,4.390913,22.431042,0.7550057,-5.612989,-0.020499215,0.000000
60,2,0,0,0,0,0.666119,1.6726241,2.0084743,4.5642204,54.956505,1.5532513,-24.18706,1.5433156,0.000000
60,2,0,0,0,0,0.352822,1.5516167,1.8318899,4.223288,-28.001415,-1.7036371,-9.0313635,-0.07129577,0.000000
60,2,0,0,0,0,0.344497,1.9086726,2.062876,4.883323,-33.396976,-0.86717606,5.965188,-0.1937359,0.000000
60,2,0,0,0,0,0.294868,1.5435386,1.8362317,4.26427,-34.47049,-1.8687096,-8.6308565,-0.04409825,0.000000
60,2,0,0,0,0,0.214408,1.8458433,1.9823017,4.659871,79.3788,3.8313227,-4.214014,0.1219003,0.000000
61,2,0,0,0,0,0.823138,1.9819248,1.9942229,4.6051197,1.0100617,0.29905078,0.533094,-0.06753249,0.000000
61,2,0,0,0,0,0.802056,1.5738773,1.9342154,4.634243,-19.028173,-1.151274,-3.845518,-0.23492697,0.000000
61,2,0,0,0,0,0.712963,1.4627857,1.8622077,4.35983,22.305553,0.74963343,-5.6366844,-0.00012599492,0.000000
61,2,0,0,0,0,0.662403,1.6987073,1.9947993,4.541851,54.28576,1.5220518,-24.258263,1.5043671,0.000000
61,2,0,0,0,0,0.488311,1.9211905,2.013917,4.681736,80.597946,3.854632,-3.8280997,0.26798257,0.000000
61,2,0,0,0,0,0.418871,1.4752238,1.8593686,4.4088135,-16.60443,-0.73677945,5.5633554,-0.094346166,0.000000
61,2,0,0,0,0,0.336504,1.6159062,1.8673773,4.382759,-28.817192,-2.0061736,-9.02671,-0.017602095,0.000000
61,2,0,0,0,0,0.272007,2.2100775,2.3108652,5.559483,80.537506,2.6115093,-28.798136,-0.007739109,0.000000
61,2,0,0,0,0,0.205003,1.5780072,1.901468,4.3496346,38.72843,0.5877015,-25.686836,2.1646576,0.000000
62,2,0,0,0,0,0.798374,2.0154738,2.012178,4.672523,0.9958677,0.3084809,0.58971894,-0.07869557,0.000000
62,2,0,0,0,0,0.796990,1.4958034,1.81907,4.2348285,-18.584158,-1.0831945,-4.2472835,-0.13298112,0.000000
62,2,0,0,0,0,0.691597,1.6348588,2.0079234,4.576104,53.55967,1.4616486,-24.236176,1.4629363,0.000000
62,2,0,0,0,0,0.678194,1.4672847,1.864722,4.3494368,22.179203,0.7588781,-5.6441803,-0.0338154,0.000000
62,2,0,0,0,0,0.542721,1.8940496,2.0253482,4.6126184,81.8906,3.7765195,-3.5381665,0.22122473,0.000000
62,2,0,0,0,0,0.211688,1.5619303,1.8338549,4.18,-29.256592,-1.902111,-8.97222,-0.11381765,0.000000
62,2,0,0,0,0,0.200810,1.5941216,1.9196067,4.472575,38.520702,0.49941444,-25.671516,2.2072792,0.000000
63,2,0,0,0,0,0.790895,1.6171255,1.8657763,4.271234,-17.949284,-0.9274112,-4.30783,-0.053680867,0.000000
63,2,0,0,0,0,0.749388,1.6379943,2.0225902,4.7008157,53.08046,1.326158,-24.28311,1.4398983,0.000000
63,2,0,0,0,0,0.729015,2.1604867,2.0709836,4.8054214,0.90915394,0.4338995,0.55444366,-0.0014965042,0.000000
63,2,0,0,0,0,0.703188,1.4794856,1.8660986,4.350881,22.097666,0.7579056,-5.6818395,-0.01407319,0.000000
63,2,0,0,0,0,0.449711,1.8478055,2.0116472,4.509086,82.35467,3.7426877,-3.3987823,0.4336639,0.000000
63,2,0,0,0,0,0.311197,1.577767,1.8949794,4.417456,-30.304949,-1.8937671,-8.739566,-0.121469334,0.000000
63,2,0,0,0,0,0.304216,1.5153399,1.947442,4.476843,58.248047,1.280808,-23.12178,1.5227726,0.000000
64,2,0,0,0,0,0.852279,1.6088029,1.8886927,4.5305905,-17.622105,-0.87809,-4.3520393,-0.08593021,0.000000
64,2,0,0,0,0,0.769453,2.048057,2.0307653,4.664215,0.9144087,0.41790074,0.5901542,-0.06720393,0.000000
64,2,0,0,0,0,0.704906,1.4682119,1.8716767,4.40525,21.994204,0.71551836,-5.6999197,-0.0035783565,0.000000
64,2,0,0,0,0,0.505590,1.6775408,2.0363305,4.790043,52.31531,1.2286973,-24.219578,1.5348638,0.000000
64,2,0,0,0,0,0.326894,1.835074,1.97344,4.6335173,83.665665,3.6061926,-3.0863423,0.24216847,0.000000
64,2,0,0,0,0,0.257467,1.6496416,1.9196544,4.4366293,-30.859985,-1.7593772,-8.714535,-0.07182726,0.000000
65,2,0,0,0,0,0.805324,1.5623801,1.8348023,4.297396,-17.403988,-0.82095015,-4.442064,-0.06553312,0.000000
65,2,0,0,0,0,0.698774,2.1792352,2.0753663,4.868723,0.70503426,0.51535356,0.52514505,-0.041897506,0.000000
65,2,0,0,0,0,0.686359,1.6030134,1.9845986,4.5218816,51.420868,1.0861874,-24.360626,1.4503736,0.000000
65,2,0,0,0,0,0.663082,1.443167,1.8534884,4.364696,21.657028,0.64751494,-5.717465,0.010776004,0.000000
65,2,0,0,0,0,0.367330,1.9964901,2.0300846,5.1056595,-3.8954768,-0.41904438,-14.346519,0.026497157,0.000000
65,2,0,0,0,0,0.297703,1.6427162,1.9017107,4.3065224,54.93331,1.1074905,-30.98941,2.3697877,0.000000
65,2,0,0,0,0,0.296701,2.0718093,2.0216546,4.869539,84.94444,3.6853204,-3.0633938,0.10138759,0.000000
65,2,0,0,0,0,0.254782,1.9765921,2.0642376,5.437573,4.141202,0.0283297,-14.599106,0.07871884,0.000000
66,2,0,0,0,0,0.753435,1.6598704,1.9233699,4.5924006,-16.620586,-0.892078,-4.430852,-0.028787598,0.000000
66,2,0,0,0,0,0.725220,1.6331036,1.9987551,4.6024714,51.13192,1.1902666,-24.34755,1.5446236,0.000000
66,2,0,0,0,0,0.683865,2.0386992,2.030138,4.7687445,0.8635073,0.34142885,0.54348016,-0.051106423,0.000000
66,2,0,0,0,0,0.665787,1.4729315,1.8619175,4.326168,21.759968,0.65692306,-5.7452116,0.009005392,0.000000
66,2,0,0,0,0,0.434589,2.354085,2.2707586,5.3844075,86.53081,3.6453373,-2.806566,0.13316573,0.000000
66,2,0,0,0,0,0.388167,1.7398453,1.992701,4.4090433,54.31235,1.0932078,-30.795155,-0.750632,0.000000
66,2,0,0,0,0,0.280475,1.5029234,1.95032,4.4573803,56.268486,0.9221683,-23.53757,1.4829202,0.000000
66,2,0,0,0,0,0.273661,1.7083972,1.8579007,4.1935906,-4.026335,-0.6388677,-14.271597,-0.00786673,0.000000
66,2,0,0,0,0,0.254294,1.5968525,1.9874014,4.404833,-31.922735,-1.7299349,-9.413132,0.093517385,0.000000
66,2,0,0,0,0,0.246546,1.6587725,1.9535289,4.703096,13.4731455,0.8382658,6.1901364,0.18067276,0.000000
67,2,0,0,0,0,0.720666,1.7985933,1.931253,4.210288,0.8988857,0.2406222,0.585066,0.027297748,0.000000
67,2,0,0,0,0,0.674670,1.5843256,1.9034576,4.504705,-16.273796,-0.99358845,-4.4363117,-0.041237302,0.000000
67,2,0,0,0,0,0.622402,1.4743607,1.8608072,4.3636155,21.637413,0.66179454,-5.798591,0.022023018,0.000000
67,2,0,0,0,0,0.473189,1.6085427,2.0185027,4.678563,50.449852,1.1687326,-24.345528,1.6000705,0.000000
67,2,0,0,0,0,0.243486,2.0476232,2.1582258,5.049073,76.41087,2.2944016,-29.374397,-0.106119975,0.000000
67,2,0,0,0,0,0.241778,1.636328,1.9753275,4.459515,-32.504265,-1.833874,-9.097326,-0.08589234,0.000000
67,2,0,0,0,0,0.215694,1.7543666,2.052999,4.673221,54.109444,0.89476097,-31.366486,1.9930749,0.000000
68,2,0,0,0,0,0.760357,1.8295538,1.9462795,4.3074427,0.38396168,0.20693636,0.6269281,-0.06051238,0.000000
68,2,0,0,0,0,0.630522,1.4665864,1.8671259,4.3842793,21.046244,0.667467,-5.833234,-0.01957469,0.000000
68,2,0,0,0,0,0.583327,1.5196655,1.9414704,4.49125,49.19301,1.157415,-24.579823,1.4839156,0.000000
68,2,0,0,0,0,0.565765,1.5813354,1.9478397,4.625845,-16.159233,-0.8605855,-4.509865,-0.11272292,0.000000
68,2,0,0,0,0,0.494921,1.6572506,1.9171422,4.2311745,52.18803,1.2089897,-30.316032,1.681863,0.000000
68,2,0,0,0,0,0.267958,1.6968275,1.9881253,4.644288,11.282399,0.80459696,5.921309,0.0603881,0.000000
69,2,0,0,0,0,0.819353,2.118751,2.0658405,4.7185874,0.48068714,-0.97015154,-0.03370762,-0.010853431,0.000000
69,2,0,0,0,0,0.722816,1.5631028,1.9398483,4.6264486,-15.498892,-2.1639996,-5.0768685,-0.028651416,0.000000
69,2,0,0,0,0,0.646640,1.5294428,1.9599394,4.524015,48.740242,0.0337767,-25.01941,1.5606899,0.000000
69,2,0,0,0,0,0.589765,1.4848073,1.872546,4.452763,20.666832,-0.60992587,-6.250578,0.036404014,0.000000
69,2,0,0,0,0,0.371161,1.6584501,1.9418324,4.342819,51.3524,0.016892642,-30.893688,1.595173,0.000000
69,2,0,0,0,0,0.277981,2.0841374,2.2071877,5.3177624,-40.05058,-2.5925725,5.0597734,0.034497775,0.000000
69,2,0,0,0,0,0.259923,1.6237457,1.9519496,4.682906,10.754628,-0.5819304,5.3931637,-0.004434038,0.000000
69,2,0,0,0,0,0.225446,1.6127,1.9414754,4.9243584,-19.974422,-2.045598,5.1819234,0.14099222,0.000000
69,2,0,0,0,0,0.200934,1.5723917,1.9719963,4.233714,-28.06105,-1.9787893,7.4699593,1.5495255,0.000000
70,2,0,0,0,0,0.846513,2.0599952,2.048717,4.727517,0.4546528,-1.0035617,-0.006646961,-0.00059411535,0.000000
70,2,0,0,0,0,0.764679,1.575558,1.9193227,4.4867973,-15.193752,-2.164317,-5.1685514,-0.068489134,0.000000
70,2,0,0,0,0,0.694727,1.557465,1.9047322,4.2144375,48.23562,0.08563113,-24.361464,1.5064759,0.000000
70,2,0,0,0,0,0.620274,1.4682549,1.8642943,4.4814897,20.551184,-0.6652611,-6.311932,0.00033830357,0.000000
70,2,0,0,0,0,0.301685,1.6343826,1.9142087,4.5268264,10.420526,-0.50014186,5.3939486,0.013912789,0.000000
70,2,0,0,0,0,0.223863,1.5780182,1.9415126,4.839495,-20.263878,-2.0332844,5.3041434,0.044591535,0.000000
70,2,0,0,0,0,0.202514,1.6714195,1.9932787,4.5395727,50.88784,-0.0176747,-30.068905,1.5254965,0.000000
71,2,0,0,0,0,0.846206,1.865124,1.9716579,4.5789976,0.5236511,-1.1043112,-0.0106907785,0.049717203,0.000000
71,2,0,0,0,0,0.627918,1.4943925,1.8647207,4.4360003,20.3908,-0.61937416,-6.32397,0.008837725,0.000000
71,2,0,0,0,0,0.609512,1.5433381,1.9410365,4.667056,-14.808035,-2.205132,-5.168973,-0.08180885,0.000000
71,2,0,0,0,0,0.301506,1.5964593,1.9389558,4.3124604,47.636703,0.024366975,-24.383474,1.6081268,0.000000
71,2,0,0,0,0,0.231852,1.7089419,1.9756347,4.8060684,9.875494,-0.45894194,5.365823,0.09076865,0.000000
72,2,0,0,0,0,0.854262,1.7156591,1.9275672,4.463739,0.2294302,-1.1872208,0.13559231,-0.045118943,0.000000
72,2,0,0,0,0,0.772092,1.5597334,1.9269867,4.5588293,-14.281591,-2.125425,-5.308247,-0.039353676,0.000000
72,2,0,0,0,0,0.660220,1.5118262,1.8519136,4.333067,20.136421,-0.51094115,-6.3409653,0.07070382,0.000000
72,2,0,0,0,0,0.568008,1.5363716,2.0082603,4.620014,46.888733,0.10015231,-24.88937,1.4574571,0.000000
72,2,0,0,0,0,0.439829,1.6591551,2.0820508,4.7897162,49.84008,0.18641207,-27.617886,1.4379051,0.000000
73,2,0,0,0,0,0.823979,2.0273924,2.0503716,4.746047,0.39838886,-0.94804156,0.061297208,-0.023453679,0.000000
73,2,0,0,0,0,0.739535,1.4976698,1.8635812,4.3239,-13.575651,-2.0175507,-5.3295817,-0.09632959,0.000000
73,2,0,0,0,0,0.706842,1.5084416,1.8629637,4.379404,20.223394,-0.42884725,-6.3547077,0.06007374,0.000000
73,2,0,0,0,0,0.706488,1.6086876,1.9761993,4.5082636,46.464127,0.16916461,-24.975868,1.50329,0.000000
73,2,0,0,0,0,0.351429,1.8745937,2.2800977,5.4785705,49.56184,0.319069,-27.214287,1.4508845,0.000000
73,2,0,0,0,0,0.276556,1.68347,1.9657675,4.6351237,8.554995,-0.44117817,5.3360243,-0.020238696,0.000000
73,2,0,0,0,0,0.237671,2.0278342,2.1984947,4.799231,72.32527,1.420157,-30.499512,-0.36573297,0.000000
73,2,0,0,0,0,0.211538,1.631317,1.8754812,4.2868924,39.55175,0.8405199,6.919718,-0.048425894,0.000000
74,2,0,0,0,0,0.822928,2.2481852,2.1402593,4.992179,0.16766071,-0.8022413,0.03500533,-0.05201997,0.000000
74,2,0,0,0,0,0.707171,1.5132265,1.8607625,4.346716,20.059488,-0.37830347,-6.3597436,0.0349328,0.000000
74,2,0,0,0,0,0.569001,1.5654888,1.9486374,4.621807,-13.495405,-1.941041,-5.43023,-0.07400322,0.000000
74,2,0,0,0,0,0.533293,1.6053213,1.988072,4.57376,45.92148,0.29616588,-24.83524,1.5255413,0.000000
74,2,0,0,0,0,0.371848,1.6593136,1.9895037,4.5145044,49.151154,0.53116703,-25.59946,1.4102623,0.000000
74,2,0,0,0,0,0.277584,1.5062954,1.8670187,4.0352573,52.75795,0.026859745,-34.67507,-0.5458108,0.000000
74,2,0,0,0,0,0.252823,1.7254413,1.9784012,4.750472,8.061153,-0.46645182,5.321509,-0.028091632,0.000000
74,2,0,0,0,0,0.239428,1.9336792,2.0387335,4.7160077,-42.64785,-2.3712733,5.000126,-0.23565167,0.000000
75,2,0,0,0,0,0.861547,1.89114,2.0160697,4.753835,-0.07492733,-0.9600419,0.07241309,-0.052269064,0.000000
75,2,0,0,0,0,0.774054,1.4999593,1.8697889,4.434355,19.623318,-0.36481884,-6.368269,0.0444886,0.000000
75,2,0,0,0,0,0.695657,1.6693978,1.9803845,4.6601295,-13.131762,-1.8465991,-5.5361204,-0.092096254,0.000000
75,2,0,0,0,0,0.649291,1.6869695,2.019477,4.5684576,48.265118,0.5996872,-25.247593,1.3882196,0.000000
75,2,0,0,0,0,0.487821,1.491814,1.9272556,4.4167156,45.166965,0.2605564,-24.804718,1.4310931,0.000000
75,2,0,0,0,0,0.342761,1.4727817,1.8736303,4.1215467,46.041092,-0.04230039,-33.01638,-0.63126665,0.000000
75,2,0,0,0,0,0.311436,1.7910359,2.0116448,4.743472,6.955841,-0.4619022,5.3034205,0.05123564,0.000000
75,2,0,0,0,0,0.271479,1.6130396,1.8726544,4.245139,-38.921864,-2.948062,-2.2190902,-0.30356315,0.000000
76,2,0,0,0,0,0.868332,2.050509,2.0778723,4.893671,0.27199507,-0.8386021,0.053284734,-0.019152837,0.000000
76,2,0,0,0,0,0.775586,1.5015364,1.8667438,4.4134216,19.851284,-0.35478652,-6.375633,0.043167315,0.000000
76,2,0,0,0,0,0.760200,1.6941882,1.9722482,4.5980024,-12.382857,-1.756977,-5.521784,-0.025019333,0.000000
76,2,0,0,0,0,0.658201,1.6909771,2.0499802,4.5809674,48.138107,0.5675201,-24.291975,1.4828715,0.000000
76,2,0,0,0,0,0.626371,1.6228518,2.0124202,4.47059,45.055946,0.32957932,-24.369774,1.4579041,0.000000
76,2,0,0,0,0,0.441390,1.5647641,1.9202938,4.2600136,45.463947,0.029024333,-33.282284,2.1525862,0.000000
76,2,0,0,0,0,0.379626,1.7073215,1.9429739,4.462686,6.7795506,-0.49809697,5.3790984,-0.022338837,0.000000
76,2,0,0,0,0,0.276586,1.5604458,1.8714058,4.188661,-37.396233,-2.7929735,-1.7428788,-0.17921089,0.000000
76,2,0,0,0,0,0.240495,1.687231,1.9841993,4.85449,-23.840553,-1.8058743,5.2147913,-0.11133124,0.000000
76,2,0,0,0,0,0.240242,1.9817237,2.0433948,4.74419,-43.333073,-2.4734793,4.9101543,-0.21845672,0.000000
76,2,0,0,0,0,0.227261,1.8794637,2.101772,4.81045,86.62967,3.577693,16.978338,1.7065353,0.000000
76,2,0,0,0,0,0.219484,1.5826473,1.876093,4.2543297,37.43525,1.0480758,6.1669416,-0.004082571,0.000000
77,2,0,0,0,0,0.844743,2.0184207,2.0453706,4.7292013,0.23114824,-0.77135295,0.07081297,-0.022722349,0.000000
77,2,0,0,0,0,0.788846,1.510001,1.8862808,4.496907,19.565424,-0.3299436,-6.3573103,0.04110137,0.000000
77,2,0,0,0,0,0.708544,1.7738276,2.046648,4.5984287,47.510307,0.67315865,-23.670414,1.4818506,0.000000
77,2,0,0,0,0,0.690367,1.6300108,1.9913914,4.4431195,44.50918,0.27592897,-24.077765,1.4872539,0.000000
77,2,0,0,0,0,0.664562,1.5416327,1.8550292,4.114437,-11.809,-1.8064928,-5.718317,0.057248373,0.000000
77,2,0,0,0,0,0.536490,1.6077386,1.842372,3.9609232,38.333282,0.923375,5.9100003,0.28046942,0.000000
77,2,0,0,0,0,0.523028,1.5665033,1.9050056,4.2532177,44.98182,0.0032781512,-33.382393,2.005746,0.000000
77,2,0,0,0,0,0.431826,1.6747534,1.9591894,4.57946,6.4005885,-0.47824368,5.319061,-0.008924064,0.000000
77,2,0,0,0,0,0.236629,1.6175747,1.9268574,4.423142,-36.861023,-2.7933168,-1.7973877,-0.26723593,0.000000
78,2,0,0,0,0,0.833123,2.1932518,2.1044204,4.817146,0.13328218,-0.69365853,0.11412269,-0.017099287,0.000000
78,2,0,0,0,0,0.811868,1.5821781,1.9273881,4.561077,-11.530902,-1.8752842,-5.654317,0.0125252195,0.000000
78,2,0,0,0,0,0.784124,1.4983382,1.8763449,4.449685,19.50821,-0.3315925,-6.3449664,0.05136792,0.000000
78,2,0,0,0,0,0.659171,1.6700629,2.0159698,4.555085,44.15151,0.5179625,-23.997278,1.4528791,0.000000
78,2,0,0,0,0,0.584232,1.8559377,2.1335106,4.993801,47.150826,0.81707776,-23.332264,1.4731536,0.000000
78,2,0,0,0,0,0.567491,1.5865641,1.9094577,4.2831974,44.282578,0.1675564,-33.350155,1.8627867,0.000000
78,2,0,0,0,0,0.443706,1.8844106,1.9679925,4.4147286,38.24489,0.97159344,5.8244576,0.36868614,0.000000
78,2,0,0,0,0,0.376281,1.5777676,1.8609414,4.175251,-35.939583,-2.8806067,-1.8875625,-0.117087014,0.000000
78,2,0,0,0,0,0.305038,1.64015,1.9336104,4.58993,6.152595,-0.5710064,5.331252,0.021526823,0.000000
78,2,0,0,0,0,0.216300,1.6292311,1.9340487,4.4158874,-45.512527,-3.4029825,-9.972553,0.031366408,0.000000
79,2,0,0,0,0,0.808829,1.9807754,1.9660637,4.572123,0.46448803,-0.8289908,0.03914991,0.035310205,0.000000
79,2,0,0,0,0,0.785715,1.4943206,1.8745698,4.4697366,19.341656,-0.4175325,-6.338194,0.037549958,0.000000
79,2,0,0,0,0,0.775978,1.5497518,1.9465884,4.806499,-11.016584,-1.9327554,-5.6123047,0.010433665,0.000000
79,2,0,0,0,0,0.454030,1.5915716,1.8693998,4.1586747,43.87388,0.03871253,-33.224216,1.890674,0.000000
79,2,0,0,0,0,0.382931,1.7985775,2.0885754,4.7276173,43.599022,0.41371557,-23.802078,1.5079519,0.000000
79,2,0,0,0,0,0.382309,1.8727212,2.1489825,4.6152935,37.29415,0.87656736,5.8812,1.3916593,0.000000
79,2,0,0,0,0,0.378137,1.8783848,2.1789656,4.924836,46.54447,0.6118922,-22.67131,1.4709883,0.000000
79,2,0,0,0,0,0.301004,1.5451003,1.9484838,4.421032,50.388336,-0.044439524,-35.24778,1.6645432,0.000000
79,2,0,0,0,0,0.201388,1.6078467,1.8978844,4.446357,5.211811,-0.6693089,5.293949,0.086787485,0.000000
80,2,0,0,0,0,0.792244,1.4987054,1.8759167,4.460376,19.0733,-0.35874322,-6.326592,0.061125375,0.000000
80,2,0,0,0,0,0.773657,2.1940522,2.0405273,4.758421,0.25173283,-0.66473126,0.06412652,0.03867998,0.000000
80,2,0,0,0,0,0.722985,1.5691918,1.9507412,4.342519,43.096222,0.3059668,-23.816687,1.5385325,0.000000
80,2,0,0,0,0,0.718171,1.5649766,1.9490191,4.666787,-10.755627,-1.7495544,-5.656448,-0.024057694,0.000000
80,2,0,0,0,0,0.585619,1.9353018,2.263402,5.3238945,46.072624,0.6219189,-22.134764,1.4753613,0.000000
80,2,0,0,0,0,0.448725,1.5604954,1.8899279,4.1860247,43.06932,0.08852291,-33.53983,1.8611796,0.000000
80,2,0,0,0,0,0.374295,1.9890983,2.1565504,4.682046,36.68231,0.9078984,5.7108073,1.1822238,0.000000
80,2,0,0,0,0,0.372481,1.672018,1.9020547,4.308539,4.772968,-0.558794,5.3202734,0.14299633,0.000000
80,2,0,0,0,0,0.238700,1.5914713,1.9493117,4.34925,-34.424355,-2.5303273,-2.1530626,-0.29025996,0.000000
80,2,0,0,0,0,0.219005,1.5755104,1.9229927,4.360086,27.635952,-0.6162653,-24.850391,1.3260661,0.000000
80,2,0,0,0,0,0.200204,1.7162961,2.0463922,4.420162,-34.14165,-1.746081,7.245657,1.7316256,0.000000
81,2,0,0,0,0,0.806802,1.5903322,1.9565283,4.71842,-10.430046,-1.6273566,-5.6629915,-0.039147943,0.000000
81,2,0,0,0,0,0.776092,1.489628,1.868526,4.4438815,18.95031,-0.3403182,-6.325679,0.084233426,0.000000
81,2,0,0,0,0,0.759548,2.1439471,2.0252674,4.706236,0.16579437,-0.57687765,0.061410964,0.043980163,0.000000
81,2,0,0,0,0,0.744431,1.5877237,1.9835901,4.495661,42.78498,0.237468,-23.60192,1.6567063,0.000000
81,2,0,0,0,0,0.617606,1.5869789,1.925527,4.274108,42.689808,-0.0024121404,-33.10159,1.53853,0.000000
81,2,0,0,0,0,0.508775,1.9077759,2.174376,4.874842,45.88755,0.702005,-21.102312,1.5508941,0.000000
81,2,0,0,0,0,0.494046,1.5529362,1.8463553,4.054852,-33.45771,-2.4174643,-1.9859412,-0.045001872,0.000000
81,2,0,0,0,0,0.381479,1.8868046,2.1163092,4.810135,36.22992,0.7701285,5.435877,1.2279956,0.000000
81,2,0,0,0,0,0.309263,1.728056,1.9626594,4.5350404,4.329999,-0.4699868,5.2995734,0.12329505,0.000000
81,2,0,0,0,0,0.205626,1.5369883,1.8949081,4.359217,-40.849895,-2.9703045,-10.0988245,0.024701862,0.000000
81,2,0,0,0,0,0.200185,1.5419405,1.8850853,4.311954,-47.064735,-3.0905864,-10.135465,0.036862984,0.000000
82,2,0,0,0,0,0.794191,1.6086981,1.9411522,4.336691,42.51866,-0.2339739,-33.114597,1.4806279,0.000000
82,2,0,0,0,0,0.766973,1.499975,1.8794273,4.473575,18.976274,-0.3528089,-6.310836,0.07019314,0.000000
82,2,0,0,0,0,0.759684,2.0916333,2.0327258,4.5527024,0.2887826,-0.5604988,0.04751292,0.09793561,0.000000
82,2,0,0,0,0,0.689030,1.5884044,1.9373626,4.6432667,-9.671869,-1.5710999,-5.6955943,-0.016316595,0.000000
82,2,0,0,0,0,0.651542,1.5649916,1.9730767,4.498981,42.495884,-0.042451248,-23.08768,1.518703,0.000000
82,2,0,0,0,0,0.509830,2.082163,2.3424969,5.5998793,45.448338,0.5414484,-20.45505,1.4412972,0.000000
82,2,0,0,0,0,0.478079,1.6373222,1.9303089,4.3812866,-32.49627,-2.2479174,-2.072384,-0.06850672,0.000000
82,2,0,0,0,0,0.377662,1.7140048,1.9373715,4.463961,4.135765,-0.4880253,5.2534122,0.08377016,0.000000
82,2,0,0,0,0,0.317786,2.039805,2.3165581,5.3232474,35.495235,0.77469707,5.053158,1.5859787,0.000000
82,2,0,0,0,0,0.210855,3.7318234,3.256991,13.172064,68.25465,2.5219584,-10.727045,0.21201372,0.000000
83,2,0,0,0,0,0.820933,1.6590002,1.9669799,4.6771617,-9.282635,-1.4838133,-5.8165817,-0.0013677122,0.000000
83,2,0,0,0,0,0.786761,2.1774197,2.066268,4.6837916,-0.042824745,-0.52143574,-0.013363779,0.082779944,0.000000
83,2,0,0,0,0,0.763110,1.6184607,1.9366248,4.384452,41.908157,-0.3402004,-32.992672,1.4598863,0.000000
83,2,0,0,0,0,0.754468,1.5043951,1.8721668,4.4320354,18.649002,-0.37006748,-6.3190427,0.08000849,0.000000
83,2,0,0,0,0,0.647720,1.5961587,1.9877388,4.6184845,41.721718,-0.058511153,-22.893007,1.447493,0.000000
83,2,0,0,0,0,0.604534,1.693662,1.918176,4.28926,-32.10964,-2.1308696,-2.1821628,-0.1455598,0.000000
83,2,0,0,0,0,0.454503,1.9739506,2.31466,5.6231093,45.04027,0.45738378,-19.83136,1.4786849,0.000000
83,2,0,0,0,0,0.416370,1.6982985,1.9746284,4.699943,3.529298,-0.4883467,5.265656,0.059573743,0.000000
83,2,0,0,0,0,0.405062,1.8836215,2.1789112,4.895773,35.03669,0.74174714,4.663358,1.5305054,0.000000
83,2,0,0,0,0,0.381332,1.543851,1.893614,4.2910676,-41.27142,-2.800419,-10.138916,-0.17207748,0.000000
83,2,0,0,0,0,0.274377,2.079926,2.2723005,5.3117867,30.616596,-0.34180295,-27.962404,1.5660781,0.000000
83,2,0,0,0,0,0.232195,1.8383175,2.001398,4.414112,89.3971,2.678505,9.049227,0.08696598,0.000000
83,2,0,0,0,0,0.213272,1.6899157,1.9701447,4.5681047,-26.764488,-1.5416687,5.0117426,-0.19260168,0.000000
83,2,0,0,0,0,0.200815,2.0886393,2.2768939,5.371852,68.09603,1.2793,-32.928852,-0.5663733,0.000000
84,2,0,0,0,0,0.834918,1.985976,2.0197892,4.6613793,0.23784828,-0.54789823,0.06522745,0.05497494,0.000000
84,2,0,0,0,0,0.827019,1.6158047,1.9382718,4.603243,-9.070118,-1.5042963,-5.838636,-0.022373702,0.000000
84,2,0,0,0,0,0.739649,1.6309204,1.9696649,4.554229,41.58147,-0.22893192,-33.17147,1.4164656,0.000000
84,2,0,0,0,0,0.736373,1.4975166,1.8653997,4.3924503,18.399757,-0.3115422,-6.3027077,0.06377017,0.000000
84,2,0,0,0,0,0.725751,1.9754918,2.208916,5.082114,34.507484,0.8283661,4.3182707,1.514556,0.000000
84,2,0,0,0,0,0.642785,1.688104,2.0346951,4.6433525,41.44015,0.16361587,-22.450485,1.4878783,0.000000
84,2,0,0,0,0,0.502800,1.6372628,1.8907937,4.110982,-30.941677,-2.0679178,-2.2304807,-0.06792632,0.000000
84,2,0,0,0,0,0.417913,1.5858817,1.9046069,4.325676,-41.943535,-2.9733782,-10.205383,-0.018994482,0.000000
84,2,0,0,0,0,0.370719,1.9929676,2.3007731,5.5845795,44.53789,0.5456717,-18.465378,1.5030882,0.000000
84,2,0,0,0,0,0.365933,1.7662529,2.0271182,4.9730086,3.1478662,-0.44862515,5.2815857,0.0393152,0.000000
84,2,0,0,0,0,0.216669,2.03733,2.2054706,5.026512,67.559975,1.492499,-32.7213,-0.59915555,0.000000
85,2,0,0,0,0,0.826171,2.2669306,2.088338,4.703155,0.09061432,-0.37227958,0.102342784,-0.0067282147,0.000000
85,2,0,0,0,0,0.776674,1.589802,1.918248,4.4744277,-8.640878,-1.3786801,-5.9524517,-0.0012459033,0.000000
85,2,0,0,0,0,0.709915,1.6943389,2.030084,4.6266937,41.07617,0.39839238,-22.111834,1.5366257,0.000000
85,2,0,0,0,0,0.686471,1.5008589,1.8847958,4.5112696,18.248848,-0.24741006,-6.2785077,0.07395636,0.000000
85,2,0,0,0,0,0.614001,2.0459206,2.2850196,5.2803655,34.056847,0.9059502,3.872777,1.4499744,0.000000
85,2,0,0,0,0,0.593270,1.6660388,1.9823978,4.5150948,41.152973,0.065701544,-33.011223,1.5317314,0.000000
85,2,0,0,0,0,0.548138,1.6029528,1.9021791,4.3541336,-30.0205,-1.9642653,-2.2874324,-0.16209626,0.000000
85,2,0,0,0,0,0.437453,1.7188365,1.952692,4.5760098,2.3197613,-0.54762745,5.302706,0.06067513,0.000000
85,2,0,0,0,0,0.258739,1.9802706,2.1804435,5.058333,44.289627,0.8051261,-17.38057,1.537039,0.000000
86,2,0,0,0,0,0.872569,2.1507053,2.1110072,4.85685,0.09693146,-0.4449824,0.096295774,-0.025812462,0.000000
86,2,0,0,0,0,0.868027,1.6053011,1.9265084,4.586992,-8.327788,-1.2775522,-6.0069904,0.0026993304,0.000000
86,2,0,0,0,0,0.697834,1.5771697,1.884926,4.2195787,-29.374584,-1.9293752,-2.3928125,-0.15789486,0.000000
86,2,0,0,0,0,0.671999,1.6896366,1.9910663,4.5873737,40.714027,0.4612423,-21.589733,1.5006666,0.000000
86,2,0,0,0,0,0.636274,1.4961205,1.8679903,4.4562287,18.073393,-0.22853422,-6.2772617,0.08471945,0.000000
86,2,0,0,0,0,0.493601,1.6110119,1.9909216,4.571738,41.014034,0.072312355,-32.79245,1.6194603,0.000000
86,2,0,0,0,0,0.489227,2.1202517,2.349267,5.486128,33.76031,0.8860456,3.5627043,1.4632499,0.000000
86,2,0,0,0,0,0.441547,2.0216074,2.4306898,5.8994503,43.707203,0.8945453,-17.3609,1.4213066,0.000000
86,2,0,0,0,0,0.224796,1.7860582,1.9658003,4.5741744,2.1440654,-0.4937765,5.300231,0.10044339,0.000000
86,2,0,0,0,0,0.221240,1.6858219,1.9907254,4.5294967,25.26678,-0.3198433,-26.111095,1.8815099,0.000000
86,2,0,0,0,0,0.200353,1.6420081,1.9165149,4.4420147,-42.525814,-2.9564073,-10.29908,-0.04680182,0.000000
87,2,0,0,0,0,0.856146,2.124775,2.0744324,4.77673,0.009024143,-0.44356066,0.1455071,0.030210797,0.000000
87,2,0,0,0,0,0.805390,1.6996913,1.9536815,4.6677,-7.874439,-1.190671,-6.005754,-0.014975109,0.000000
87,2,0,0,0,0,0.672808,1.9798579,2.189734,5.048275,33.29395,0.9034523,2.8516634,1.503587,0.000000
87,2,0,0,0,0,0.634242,1.5063593,1.8827909,4.504031,17.805353,-0.22400002,-6.2647524,0.09489552,0.000000
87,2,0,0,0,0,0.623609,1.5700933,1.8337668,3.9428425,-28.415367,-1.8639822,-2.388444,-0.1836675,0.000000
87,2,0,0,0,0,0.534648,1.5012472,1.9206975,4.482022,40.25245,0.32556418,-21.510357,1.6125832,0.000000
87,2,0,0,0,0,0.495711,1.9983407,2.358964,5.562148,43.40969,0.9037836,-16.521944,1.4887899,0.000000
87,2,0,0,0,0,0.481490,1.5972294,1.9863584,4.5450544,40.629074,-0.0028371364,-32.794174,1.6703866,0.000000
87,2,0,0,0,0,0.429748,1.7729557,1.9692984,4.418944,1.8661878,-0.48161453,5.304288,0.16938476,0.000000
87,2,0,0,0,0,0.327278,1.5970755,1.8674612,4.2593513,-42.83276,-2.6955802,-10.315071,-0.18687052,0.000000
87,2,0,0,0,0,0.262460,1.6352947,1.889645,4.1415763,36.871334,0.7959025,6.9046974,0.20625904,0.000000
87,2,0,0,0,0,0.258434,3.7347002,3.1839797,13.930524,66.21085,2.9154093,-10.314287,0.2478447,0.000000
87,2,0,0,0,0,0.212435,1.6883068,1.9674194,4.391389,81.74223,2.922347,17.963228,1.6843119,0.000000
87,2,0,0,0,0,0.201257,1.6014621,1.9615431,4.5372562,25.06575,-0.5002838,-25.901573,2.0095677,0.000000
88,2,0,0,0,0,0.854595,1.6865573,1.9292011,4.526841,-7.60936,-1.1010338,-6.0835757,0.024077287,0.000000
88,2,0,0,0,0,0.820700,2.1135008,2.045867,4.7304296,0.05801344,-0.42534867,0.15938032,0.0074015995,0.000000
88,2,0,0,0,0,0.797376,1.9170332,2.2963448,5.553068,42.772003,0.752767,-15.418137,1.4845469,0.000000
88,2,0,0,0,0,0.700506,1.5415082,1.8359866,4.1480703,-27.514334,-1.7722832,-2.5092764,-0.208051,0.000000
88,2,0,0,0,0,0.627145,2.0342898,2.2569761,5.260294,32.949833,0.79708207,2.4488785,1.4691341,0.000000
88,2,0,0,0,0,0.600630,1.4866426,1.8631926,4.3392596,17.84571,-0.17910674,-6.273147,0.060654357,0.000000
88,2,0,0,0,0,0.560743,1.5888659,2.0040717,4.4832506,39.86852,0.3379527,-20.886189,1.4620801,0.000000
88,2,0,0,0,0,0.527780,1.5112361,1.8250759,4.190795,-43.693615,-2.6885712,-10.578215,-0.16873756,0.000000
88,2,0,0,0,0,0.406557,1.6401796,1.9996374,4.531299,40.403103,0.017071083,-32.77732,1.6927485,0.000000
88,2,0,0,0,0,0.335398,1.829606,2.0491195,4.620085,1.5869424,-0.42978394,5.331764,0.09965599,0.000000
88,2,0,0,0,0,0.333003,1.6503763,1.9464176,4.2428694,36.623173,0.795889,6.2311444,0.24524707,0.000000
88,2,0,0,0,0,0.238273,1.6128033,1.9439318,4.372206,57.242596,0.8418976,-33.30425,1.7482834,0.000000
88,2,0,0,0,0,0.229938,1.5671235,1.9000231,4.300868,24.34935,-0.66880155,-25.95657,1.8515456,0.000000
88,2,0,0,0,0,0.213502,3.840681,3.2271934,16.698883,66.8791,2.7987604,-10.329355,0.20767869,0.000000
